0 192 482 73 1 0 1 1 1 -1 4.276384 -1.000000
0 309 826 187 0 -1 1 1 1 -1 -1.000000 -1.000000
0 687 838 187 0 -1 1 1 1 -1 -1.000000 -1.000000
0 1058 846 187 0 -1 1 1 1 -1 -1.000000 -1.000000
0 1666 854 187 0 -1 1 1 1 -1 -1.000000 -1.000000
0 1719 420 187 0 -1 1 1 1 -1 -1.000000 -1.000000
0 644 340 187 0 -1 1 1 1 -1 -1.000000 -1.000000
0 234 187 187 0 -1 1 1 1 -1 -1.000000 -1.000000
0 1025 165 187 0 -1 1 1 1 -1 -1.000000 -1.000000
0 1390 660 47 1 1 1 1 1 -1 4.052540 -1.000000
0 1136 482 49 1 2 1 1 1 -1 1.562130 -1.000000
0 1304 459 60 1 3 1 1 1 -1 1.781047 -1.000000
0 1272 537 48 1 4 1 1 1 -1 2.683000 -1.000000
0 1414 327 56 1 5 1 1 1 -1 2.757955 -1.000000
0 1278 346 59 1 6 1 1 1 -1 1.593487 -1.000000
0 1014 482 34 1 7 1 1 1 -1 1.246858 -1.000000
0 1148 375 48 1 9 1 1 1 -1 2.752276 -1.000000
1 220 465 73 1 0 1 1 1 -1 4.089917 -1.000000
1 635 569 187 0 -1 1 1 1 -1 -1.000000 -1.000000
1 903 765 187 0 -1 1 1 1 -1 -1.000000 -1.000000
1 1695 232 187 0 -1 1 1 1 -1 -1.000000 -1.000000
1 1149 199 116 0 -1 1 1 1 -1 -1.000000 -1.000000
1 915 132 116 0 -1 1 1 1 -1 -1.000000 -1.000000
1 1372 111 116 0 -1 1 1 1 -1 -1.000000 -1.000000
1 1330 270 36 0 -1 1 1 1 -1 -1.000000 -1.000000
1 1577 537 36 0 -1 1 1 1 -1 -1.000000 -1.000000
1 1439 506 36 0 -1 1 1 1 -1 -1.000000 -1.000000
1 1183 688 36 0 -1 1 1 1 -1 -1.000000 -1.000000
1 1377 883 36 0 -1 1 1 1 -1 -1.000000 -1.000000
1 1382 964 36 0 -1 1 1 1 -1 -1.000000 -1.000000
1 737 895 36 0 -1 1 1 1 -1 -1.000000 -1.000000
1 576 962 36 0 -1 1 1 1 -1 -1.000000 -1.000000
1 222 951 36 0 -1 1 1 1 -1 -1.000000 -1.000000
1 1392 667 47 1 1 1 1 1 -1 4.053079 -1.000000
1 1139 490 49 1 2 1 1 1 -1 1.551467 -1.000000
1 1302 475 60 1 3 1 1 1 -1 1.830828 -1.000000
1 1276 540 48 1 4 1 1 1 -1 2.786561 -1.000000
1 1417 329 56 1 5 1 1 1 -1 2.767927 -1.000000
1 1282 355 59 1 6 1 1 1 -1 1.651430 -1.000000
1 1017 494 36 1 7 1 1 1 -1 1.122357 -1.000000
1 1147 374 48 1 9 1 1 1 -1 2.719509 -1.000000
1 1327 596 50 1 11 1 1 1 -1 -1.000000 -1.000000
2 247 440 73 1 0 1 1 1 -1 4.068888 -1.000000
2 1394 665 47 1 1 1 1 1 -1 4.025073 -1.000000
2 1144 494 49 1 2 1 1 1 -1 1.522705 -1.000000
2 1304 509 60 1 3 1 1 1 -1 1.805156 -1.000000
2 1421 329 56 1 5 1 1 1 -1 2.772756 -1.000000
2 1282 358 59 1 6 1 1 1 -1 1.675674 -1.000000
2 1020 494 36 1 7 1 1 1 -1 1.176005 -1.000000
2 1147 374 48 1 9 1 1 1 -1 2.712152 -1.000000
2 1322 589 50 1 11 1 1 1 -1 -1.000000 -1.000000
3 269 426 73 1 0 1 1 1 -1 3.995585 -1.000000
3 1397 661 47 1 1 1 1 1 -1 4.002020 -1.000000
3 1144 495 49 1 2 1 1 1 -1 1.511831 -1.000000
3 1291 602 60 1 3 1 1 1 -1 1.945570 -1.000000
3 1274 542 48 1 4 1 1 1 -1 2.810724 -1.000000
3 1421 329 56 1 5 1 1 1 -1 2.772756 -1.000000
3 1280 359 59 1 6 1 1 1 -1 1.688839 -1.000000
3 1027 506 36 1 7 1 1 1 -1 1.121422 -1.000000
3 1147 374 48 1 9 1 1 1 -1 2.719509 -1.000000
4 291 428 73 1 0 1 1 1 -1 3.994054 -1.000000
4 1396 662 47 1 1 1 1 1 -1 3.989815 -1.000000
4 1146 500 49 1 2 1 1 1 -1 1.523644 -1.000000
4 1243 756 62 1 3 1 1 1 -1 1.909530 -1.000000
4 1274 543 48 1 4 1 1 1 -1 2.848048 -1.000000
4 1421 329 56 1 5 1 1 1 -1 2.772756 -1.000000
4 1277 354 59 1 6 1 1 1 -1 1.672338 -1.000000
4 1026 505 36 1 7 1 1 1 -1 1.089238 -1.000000
4 1146 375 48 1 9 1 1 1 -1 2.727241 -1.000000
4 1321 596 50 1 11 1 1 1 -1 -1.000000 -1.000000
5 302 445 73 1 0 1 1 1 -1 4.089190 -1.000000
5 1390 656 47 1 1 1 1 1 -1 3.972910 -1.000000
5 1142 500 49 1 2 1 1 1 -1 1.585396 -1.000000
5 1151 901 62 1 3 1 1 1 -1 2.321961 -1.000000
5 1269 542 48 1 4 1 1 1 -1 2.805686 -1.000000
5 1421 329 56 1 5 1 1 1 -1 2.766040 -1.000000
5 1277 354 59 1 6 1 1 1 -1 1.689937 -1.000000
5 1022 504 36 1 7 1 1 1 -1 1.171318 -1.000000
5 1141 375 48 1 9 1 1 1 -1 2.727712 -1.000000
5 1327 598 50 1 11 1 1 1 -1 -1.000000 -1.000000
6 311 458 73 1 0 1 1 1 -1 4.125770 -1.000000
6 656 349 72 0 -1 1 1 1 -1 -1.000000 -1.000000
6 1391 660 47 1 1 1 1 1 -1 3.992685 -1.000000
6 1142 500 49 1 2 1 1 1 -1 1.594560 -1.000000
6 1024 1003 59 1 3 1 1 1 -1 2.338652 -1.000000
6 1265 544 48 1 4 1 1 1 -1 2.799977 -1.000000
6 1413 328 56 1 5 1 1 1 -1 2.741230 -1.000000
6 1274 357 59 1 6 1 1 1 -1 1.703542 -1.000000
6 1021 503 36 1 7 1 1 1 -1 1.172274 -1.000000
6 1125 1019 43 1 8 1 1 1 -1 4.295386 -1.000000
6 1139 374 48 1 9 1 1 1 -1 2.742250 -1.000000
6 1317 591 50 1 11 1 1 1 -1 -1.000000 -1.000000
7 324 476 73 1 0 1 1 1 -1 4.177740 -1.000000
7 1386 665 49 1 1 1 1 1 -1 4.016858 -1.000000
7 1142 500 49 1 2 1 1 1 -1 1.618380 -1.000000
7 1268 545 48 1 4 1 1 1 -1 2.734000 -1.000000
7 1420 329 56 1 5 1 1 1 -1 2.744715 -1.000000
7 1269 387 70 1 6 1 1 1 -1 1.622344 -1.000000
7 1015 500 36 1 7 1 1 1 -1 1.162161 -1.000000
7 1071 963 43 1 8 1 1 1 -1 4.344123 -1.000000
7 1145 379 48 1 9 1 1 1 -1 2.732685 -1.000000
7 1322 594 50 1 11 1 1 1 -1 -1.000000 -1.000000
8 335 488 75 1 0 1 1 1 -1 4.181427 -1.000000
8 1384 662 49 1 1 1 1 1 -1 4.126378 -1.000000
8 1142 500 49 1 2 1 1 1 -1 1.631495 -1.000000
8 1273 543 48 1 4 1 1 1 -1 2.603045 -1.000000
8 1421 331 56 1 5 1 1 1 -1 2.725455 -1.000000
8 1260 475 62 1 6 1 1 1 -1 2.011519 -1.000000
8 1015 500 36 1 7 1 1 1 -1 1.141371 -1.000000
8 989 933 43 1 8 1 1 1 -1 4.434890 -1.000000
8 1145 379 48 1 9 1 1 1 -1 2.739524 -1.000000
8 1320 597 50 1 11 1 1 1 -1 -1.000000 -1.000000
9 354 510 78 1 0 1 1 1 -1 4.151014 -1.000000
9 1380 668 49 1 1 1 1 1 -1 4.135128 -1.000000
9 1136 501 49 1 2 1 1 1 -1 1.607680 -1.000000
9 1263 545 48 1 4 1 1 1 -1 2.548654 -1.000000
9 1424 333 56 1 5 1 1 1 -1 2.977017 -1.000000
9 1200 637 62 1 6 1 1 1 -1 2.230425 -1.000000
9 1015 500 36 1 7 1 1 1 -1 1.125314 -1.000000
9 904 933 43 1 8 1 1 1 -1 4.422124 -1.000000
9 1147 381 48 1 9 1 1 1 -1 2.750753 -1.000000
9 1322 598 50 1 11 1 1 1 -1 -1.000000 -1.000000
9 1156 449 39 1 16 1 1 1 -1 -1.000000 -1.000000
10 375 530 78 1 0 1 1 1 -1 4.116548 -1.000000
10 543 205 72 0 -1 1 1 1 -1 -1.000000 -1.000000
10 1378 668 49 1 1 1 1 1 -1 4.089718 -1.000000
10 1136 501 49 1 2 1 1 1 -1 1.615375 -1.000000
10 1263 551 48 1 4 1 1 1 -1 2.547180 -1.000000
10 1428 331 56 1 5 1 1 1 -1 2.880541 -1.000000
10 1103 756 62 1 6 1 1 1 -1 2.323808 -1.000000
10 1015 501 36 1 7 1 1 1 -1 1.150391 -1.000000
10 821 955 46 1 8 1 1 1 -1 4.341497 -1.000000
10 1142 384 48 1 9 1 1 1 -1 2.767400 -1.000000
10 1320 594 50 1 11 1 1 1 -1 -1.000000 -1.000000
10 1149 458 39 1 16 1 1 1 -1 -1.000000 -1.000000
11 398 548 78 1 0 1 1 1 -1 4.067170 -1.000000
11 1380 668 49 1 1 1 1 1 -1 4.040248 -1.000000
11 1136 519 49 1 2 1 1 1 -1 1.614999 -1.000000
11 1261 559 48 1 4 1 1 1 -1 2.439442 -1.000000
11 1429 330 56 1 5 1 1 1 -1 2.826450 -1.000000
11 1001 860 62 1 6 1 1 1 -1 2.207438 -1.000000
11 1017 505 36 1 7 1 1 1 -1 1.165904 -1.000000
11 753 956 50 1 8 1 1 1 -1 4.435964 -1.000000
11 1139 384 48 1 9 1 1 1 -1 -1.000000 -1.000000
11 1316 594 50 1 11 1 1 1 -1 -1.000000 -1.000000
11 1152 468 37 1 16 1 1 1 -1 -1.000000 -1.000000
12 417 574 78 1 0 1 1 1 -1 4.075881 -1.000000
12 1318 963 72 0 -1 1 1 1 -1 -1.000000 -1.000000
12 1381 668 49 1 1 1 1 1 -1 -1.000000 -1.000000
12 1142 524 49 1 2 1 1 1 -1 1.590251 -1.000000
12 1264 563 48 1 4 1 1 1 -1 2.368020 -1.000000
12 1434 329 52 1 5 1 1 1 -1 -1.000000 -1.000000
12 880 960 62 1 6 1 1 1 -1 2.328879 -1.000000
12 1015 504 36 1 7 1 1 1 -1 1.193385 -1.000000
12 713 955 50 1 8 1 1 1 -1 4.454381 -1.000000
12 1141 384 48 1 9 1 1 1 -1 -1.000000 -1.000000
12 1321 598 50 1 11 1 1 1 -1 -1.000000 -1.000000
12 1149 467 37 1 16 1 1 1 -1 -1.000000 -1.000000
13 425 593 78 1 0 1 1 1 -1 4.191575 -1.000000
13 1390 675 49 1 1 1 1 1 -1 4.051918 -1.000000
13 1142 531 49 1 2 1 1 1 -1 1.562908 -1.000000
13 1275 565 48 1 4 1 1 1 -1 2.150061 -1.000000
13 1438 325 52 1 5 1 1 1 -1 -1.000000 -1.000000
13 726 1034 62 1 6 1 1 1 -1 2.421319 -1.000000
13 1013 504 36 1 7 1 1 1 -1 1.179793 -1.000000
13 672 947 54 1 8 1 1 1 -1 4.575568 -1.000000
13 1135 385 48 1 9 1 1 1 -1 -1.000000 -1.000000
13 1324 602 50 1 11 1 1 1 -1 -1.000000 -1.000000
13 1149 467 37 1 16 1 1 1 -1 -1.000000 -1.000000
14 437 617 78 1 0 1 1 1 -1 3.996324 -1.000000
14 1387 674 49 1 1 1 1 1 -1 4.067544 -1.000000
14 1142 531 49 1 2 1 1 1 -1 1.539249 -1.000000
14 1268 568 48 1 4 1 1 1 -1 2.139975 -1.000000
14 1440 326 52 1 5 1 1 1 -1 -1.000000 -1.000000
14 1011 507 36 1 7 1 1 1 -1 1.106334 -1.000000
14 620 954 54 1 8 1 1 1 -1 4.407264 -1.000000
14 1135 385 48 1 9 1 1 1 -1 2.760273 -1.000000
14 1308 601 50 1 11 1 1 1 -1 -1.000000 -1.000000
14 1149 467 37 1 16 1 1 1 -1 -1.000000 -1.000000
15 444 643 71 1 0 1 1 1 -1 4.124386 -1.000000
15 1387 674 49 1 1 1 1 1 -1 4.077073 -1.000000
15 1142 531 49 1 2 1 1 1 -1 1.541221 -1.000000
15 1268 577 48 1 4 1 1 1 -1 2.111563 -1.000000
15 1439 326 52 1 5 1 1 1 -1 -1.000000 -1.000000
15 1012 505 36 1 7 1 1 1 -1 1.151996 -1.000000
15 545 977 54 1 8 1 1 1 -1 4.418350 -1.000000
15 1133 386 48 1 9 1 1 1 -1 2.754566 -1.000000
15 1308 601 50 1 11 1 1 1 -1 -1.000000 -1.000000
15 1149 467 37 1 16 1 1 1 -1 -1.000000 -1.000000
16 453 665 71 1 0 1 1 1 -1 4.157707 -1.000000
16 1387 674 49 1 1 1 1 1 -1 4.132710 -1.000000
16 1142 532 49 1 2 1 1 1 -1 1.580623 -1.000000
16 1266 588 48 1 4 1 1 1 -1 1.812743 -1.000000
16 1438 324 52 1 5 1 1 1 -1 -1.000000 -1.000000
16 1013 505 36 1 7 1 1 1 -1 1.171714 -1.000000
16 453 1006 54 1 8 1 1 1 -1 4.463137 -1.000000
16 1131 388 48 1 9 1 1 1 -1 2.759437 -1.000000
16 1306 604 50 1 11 1 1 1 -1 -1.000000 -1.000000
16 1139 468 37 1 16 1 1 1 -1 -1.000000 -1.000000
17 459 669 71 1 0 1 1 1 -1 4.280334 -1.000000
17 1387 674 49 1 1 1 1 1 -1 4.132710 -1.000000
17 1130 547 51 1 2 1 1 1 -1 1.584940 -1.000000
17 1263 591 48 1 4 1 1 1 -1 1.811679 -1.000000
17 1432 328 46 1 5 1 1 1 -1 -1.000000 -1.000000
17 1012 505 36 1 7 1 1 1 -1 1.187692 -1.000000
17 389 1028 54 1 8 1 1 1 -1 4.549661 -1.000000
17 1129 391 48 1 9 1 1 1 -1 2.768605 -1.000000
17 1301 609 50 1 11 1 1 1 -1 -1.000000 -1.000000
17 1135 468 37 1 16 1 1 1 -1 -1.000000 -1.000000
18 477 661 71 1 0 1 1 1 -1 4.330819 -1.000000
18 1855 335 72 0 -1 1 1 1 -1 -1.000000 -1.000000
18 1382 673 49 1 1 1 1 1 -1 4.098269 -1.000000
18 1103 598 54 1 2 1 1 1 -1 1.865097 -1.000000
18 1259 602 48 1 4 1 1 1 -1 1.778292 -1.000000
18 1430 335 46 1 5 1 1 1 -1 -1.000000 -1.000000
18 1009 508 36 1 7 1 1 1 -1 1.168279 -1.000000
18 345 1051 46 1 8 1 1 1 -1 -1.000000 -1.000000
18 1127 391 48 1 9 1 1 1 -1 2.765298 -1.000000
18 1302 611 50 1 11 1 1 1 -1 -1.000000 -1.000000
18 1131 474 37 1 16 1 1 1 -1 -1.000000 -1.000000
19 497 658 71 1 0 1 1 1 -1 4.083216 -1.000000
19 1683 242 72 0 -1 1 1 1 -1 -1.000000 -1.000000
19 1549 125 72 0 -1 1 1 1 -1 -1.000000 -1.000000
19 1316 109 72 0 -1 1 1 1 -1 -1.000000 -1.000000
19 1376 672 49 1 1 1 1 1 -1 4.111675 -1.000000
19 1062 690 54 1 2 1 1 1 -1 1.977215 -1.000000
19 1254 620 48 1 4 1 1 1 -1 1.686864 -1.000000
19 1428 331 46 1 5 1 1 1 -1 -1.000000 -1.000000
19 1009 508 36 1 7 1 1 1 -1 1.144498 -1.000000
19 1124 386 48 1 9 1 1 1 -1 2.739093 -1.000000
19 1302 611 50 1 11 1 1 1 -1 -1.000000 -1.000000
19 1057 418 36 1 12 1 1 1 -1 -1.000000 -1.000000
19 1134 469 41 1 16 1 1 1 -1 -1.000000 -1.000000
20 525 681 67 1 0 1 1 1 -1 3.816873 -1.000000
20 1376 673 49 1 1 1 1 1 -1 4.109301 -1.000000
20 997 824 54 1 2 1 1 1 -1 1.894024 -1.000000
20 1258 621 48 1 4 1 1 1 -1 1.702905 -1.000000
20 1431 333 46 1 5 1 1 1 -1 -1.000000 -1.000000
20 1003 512 36 1 7 1 1 1 -1 1.189168 -1.000000
20 1121 394 48 1 9 1 1 1 -1 2.784891 -1.000000
20 1307 614 50 1 11 1 1 1 -1 -1.000000 -1.000000
20 1051 419 36 1 12 1 1 1 -1 -1.000000 -1.000000
20 1134 478 43 1 16 1 1 1 -1 -1.000000 -1.000000
21 556 726 65 1 0 1 1 1 -1 3.879201 -1.000000
21 1376 681 49 1 1 1 1 1 -1 4.119962 -1.000000
21 920 988 54 1 2 1 1 1 -1 1.892547 -1.000000
21 1255 629 48 1 4 1 1 1 -1 1.781097 -1.000000
21 1425 332 50 1 5 1 1 1 -1 -1.000000 -1.000000
21 1006 509 36 1 7 1 1 1 -1 1.284853 -1.000000
21 1120 400 45 1 9 1 1 1 -1 2.725323 -1.000000
21 1307 614 50 1 11 1 1 1 -1 -1.000000 -1.000000
21 1046 423 39 1 12 1 1 1 -1 -1.000000 -1.000000
21 1134 486 43 1 16 1 1 1 -1 -1.000000 -1.000000
22 581 773 65 1 0 1 1 1 -1 3.893546 -1.000000
22 1375 682 49 1 1 1 1 1 -1 4.126608 -1.000000
22 1255 629 48 1 4 1 1 1 -1 1.895450 -1.000000
22 1423 336 50 1 5 1 1 1 -1 -1.000000 -1.000000
22 1004 510 36 1 7 1 1 1 -1 1.338589 -1.000000
22 1123 396 45 1 9 1 1 1 -1 2.713794 -1.000000
22 1307 614 50 1 11 1 1 1 -1 -1.000000 -1.000000
22 1046 424 39 1 12 1 1 1 -1 -1.000000 -1.000000
22 1133 489 43 1 16 1 1 1 -1 -1.000000 -1.000000
23 602 818 65 1 0 1 1 1 -1 4.246130 -1.000000
23 1073 273 72 0 -1 1 1 1 -1 -1.000000 -1.000000
23 736 350 72 0 -1 1 1 1 -1 -1.000000 -1.000000
23 571 392 72 0 -1 1 1 1 -1 -1.000000 -1.000000
23 616 583 72 0 -1 1 1 1 -1 -1.000000 -1.000000
23 1375 682 49 1 1 1 1 1 -1 4.122116 -1.000000
23 1246 639 48 1 4 1 1 1 -1 1.905919 -1.000000
23 1424 336 57 1 5 1 1 1 -1 6.234575 -1.000000
23 1005 512 36 1 7 1 1 1 -1 -1.000000 -1.000000
23 1122 396 45 1 9 1 1 1 -1 2.724325 -1.000000
23 1311 614 50 1 11 1 1 1 -1 -1.000000 -1.000000
23 1045 426 39 1 12 1 1 1 -1 -1.000000 -1.000000
23 1135 493 43 1 16 1 1 1 -1 -1.000000 -1.000000
24 623 839 59 1 0 1 1 1 -1 4.243659 -1.000000
24 1375 682 49 1 1 1 1 1 -1 4.130120 -1.000000
24 1231 685 55 1 4 1 1 1 -1 1.911856 -1.000000
24 1420 333 57 1 5 1 1 1 -1 -1.000000 -1.000000
24 1009 519 36 1 7 1 1 1 -1 -1.000000 -1.000000
24 1122 396 45 1 9 1 1 1 -1 2.728112 -1.000000
24 1303 617 50 1 11 1 1 1 -1 -1.000000 -1.000000
24 1044 422 39 1 12 1 1 1 -1 -1.000000 -1.000000
24 1132 500 43 1 16 1 1 1 -1 -1.000000 -1.000000
25 639 839 59 1 0 1 1 1 -1 4.206373 -1.000000
25 1375 682 49 1 1 1 1 1 -1 4.131307 -1.000000
25 1206 768 55 1 4 1 1 1 -1 1.968989 -1.000000
25 1420 337 62 1 5 1 1 1 -1 6.232830 -1.000000
25 1017 517 36 1 7 1 1 1 -1 -1.000000 -1.000000
25 1123 396 45 1 9 1 1 1 -1 2.729981 -1.000000
25 1304 619 50 1 11 1 1 1 -1 -1.000000 -1.000000
25 1041 429 39 1 12 1 1 1 -1 -1.000000 -1.000000
25 1130 499 43 1 16 1 1 1 -1 -1.000000 -1.000000
26 656 828 59 1 0 1 1 1 -1 4.139046 -1.000000
26 1375 682 49 1 1 1 1 1 -1 4.182705 -1.000000
26 1182 880 55 1 4 1 1 1 -1 2.200380 -1.000000
26 1418 335 62 1 5 1 1 1 -1 6.235222 -1.000000
26 1017 516 36 1 7 1 1 1 -1 -1.000000 -1.000000
26 1123 395 45 1 9 1 1 1 -1 2.725726 -1.000000
26 1304 625 50 1 11 1 1 1 -1 -1.000000 -1.000000
26 1042 429 39 1 12 1 1 1 -1 -1.000000 -1.000000
26 1127 510 43 1 16 1 1 1 -1 -1.000000 -1.000000
27 673 832 59 1 0 1 1 1 -1 4.127419 -1.000000
27 1376 682 49 1 1 1 1 1 -1 4.178855 -1.000000
27 1154 993 55 1 4 1 1 1 -1 2.238102 -1.000000
27 1426 339 62 1 5 1 1 1 -1 -1.000000 -1.000000
27 1024 525 36 1 7 1 1 1 -1 1.462394 -1.000000
27 1119 399 45 1 9 1 1 1 -1 2.735451 -1.000000
27 1313 615 50 1 11 1 1 1 -1 -1.000000 -1.000000
27 1034 428 42 1 12 1 1 1 -1 -1.000000 -1.000000
27 1127 510 43 1 16 1 1 1 -1 -1.000000 -1.000000
28 685 830 56 1 0 1 1 1 -1 4.186239 -1.000000
28 1376 684 49 1 1 1 1 1 -1 4.192688 -1.000000
28 1423 335 62 1 5 1 1 1 -1 6.193264 -1.000000
28 1024 525 36 1 7 1 1 1 -1 1.368771 -1.000000
28 1119 404 49 1 9 1 1 1 -1 2.746070 -1.000000
28 1314 611 50 1 11 1 1 1 -1 -1.000000 -1.000000
28 1035 426 42 1 12 1 1 1 -1 -1.000000 -1.000000
28 1129 506 46 1 16 1 1 1 -1 -1.000000 -1.000000
29 701 831 56 1 0 1 1 1 -1 4.265785 -1.000000
29 1376 684 49 1 1 1 1 1 -1 4.142925 -1.000000
29 1429 333 62 1 5 1 1 1 -1 6.247395 -1.000000
29 1024 524 36 1 7 1 1 1 -1 1.373015 -1.000000
29 1125 405 49 1 9 1 1 1 -1 2.721039 -1.000000
29 1309 614 50 1 11 1 1 1 -1 -1.000000 -1.000000
29 1036 431 42 1 12 1 1 1 -1 -1.000000 -1.000000
29 1133 513 46 1 16 1 1 1 -1 -1.000000 -1.000000
30 727 823 56 1 0 1 1 1 -1 4.387271 -1.000000
30 1379 687 49 1 1 1 1 1 -1 4.114783 -1.000000
30 1424 333 62 1 5 1 1 1 -1 0.005222 -1.000000
30 1034 524 36 1 7 1 1 1 -1 1.459921 -1.000000
30 1125 405 54 1 9 1 1 1 -1 2.721039 -1.000000
30 1312 617 50 1 11 1 1 1 -1 -1.000000 -1.000000
30 1035 425 42 1 12 1 1 1 -1 -1.000000 -1.000000
30 1138 516 44 1 16 1 1 1 -1 -1.000000 -1.000000
31 777 814 50 1 0 1 1 1 -1 4.521605 -1.000000
31 1379 687 49 1 1 1 1 1 -1 4.114783 -1.000000
31 1416 334 62 1 5 1 1 1 -1 0.073502 -1.000000
31 1034 524 36 1 7 1 1 1 -1 1.512745 -1.000000
31 1125 405 54 1 9 1 1 1 -1 2.721039 -1.000000
31 1308 617 50 1 11 1 1 1 -1 -1.000000 -1.000000
31 1031 428 42 1 12 1 1 1 -1 -1.000000 -1.000000
31 1145 526 43 1 16 1 1 1 -1 -1.000000 -1.000000
32 844 801 50 1 0 1 1 1 -1 4.338662 -1.000000
32 341 509 312 0 -1 1 1 1 -1 -1.000000 -1.000000
32 1379 687 49 1 1 1 1 1 -1 4.114783 -1.000000
32 1415 333 67 1 5 1 1 1 -1 0.113314 -1.000000
32 1034 535 36 1 7 1 1 1 -1 1.319442 -1.000000
32 1125 405 54 1 9 1 1 1 -1 2.721039 -1.000000
32 1308 617 50 1 11 1 1 1 -1 -1.000000 -1.000000
32 1030 428 42 1 12 1 1 1 -1 -1.000000 -1.000000
32 1144 527 41 1 16 1 1 1 -1 -1.000000 -1.000000
33 913 786 45 1 0 1 1 1 -1 4.115932 -1.000000
33 603 322 312 0 -1 1 1 1 -1 -1.000000 -1.000000
33 1379 687 49 1 1 1 1 1 -1 4.116979 -1.000000
33 1415 336 67 1 5 1 1 1 -1 0.172709 -1.000000
33 1034 535 36 1 7 1 1 1 -1 1.269942 -1.000000
33 1117 407 54 1 9 1 1 1 -1 2.744944 -1.000000
33 1308 617 50 1 11 1 1 1 -1 -1.000000 -1.000000
33 1026 429 42 1 12 1 1 1 -1 -1.000000 -1.000000
33 1149 529 41 1 16 1 1 1 -1 -1.000000 -1.000000
34 978 771 45 1 0 1 1 1 -1 3.921526 -1.000000
34 1387 691 49 1 1 1 1 1 -1 4.106294 -1.000000
34 1411 333 60 1 5 1 1 1 -1 0.283601 -1.000000
34 1036 534 36 1 7 1 1 1 -1 1.325818 -1.000000
34 1118 408 54 1 9 1 1 1 -1 2.862521 -1.000000
34 1308 617 50 1 11 1 1 1 -1 -1.000000 -1.000000
34 1027 429 42 1 12 1 1 1 -1 -1.000000 -1.000000
34 1151 532 41 1 16 1 1 1 -1 -1.000000 -1.000000
35 1048 768 42 1 0 1 1 1 -1 4.047828 -1.000000
35 1386 691 49 1 1 1 1 1 -1 -1.000000 -1.000000
35 1413 335 60 1 5 1 1 1 -1 0.357309 -1.000000
35 1036 534 36 1 7 1 1 1 -1 1.288616 -1.000000
35 1118 408 54 1 9 1 1 1 -1 3.054633 -1.000000
35 1315 608 50 1 11 1 1 1 -1 -1.000000 -1.000000
35 1025 428 44 1 12 1 1 1 -1 -1.000000 -1.000000
35 1147 532 41 1 16 1 1 1 -1 -1.000000 -1.000000
36 1109 766 42 1 0 1 1 1 -1 4.279981 -1.000000
36 1386 691 49 1 1 1 1 1 -1 4.120732 -1.000000
36 1412 340 60 1 5 1 1 1 -1 0.374992 -1.000000
36 1021 557 36 1 7 1 1 1 -1 1.452456 -1.000000
36 1119 415 54 1 9 1 1 1 -1 2.996780 -1.000000
36 1310 609 50 1 11 1 1 1 -1 -1.000000 -1.000000
36 1021 427 44 1 12 1 1 1 -1 -1.000000 -1.000000
36 1153 537 41 1 16 1 1 1 -1 -1.000000 -1.000000
37 1171 760 42 1 0 1 1 1 -1 4.083592 -1.000000
37 1386 689 49 1 1 1 1 1 -1 4.116734 -1.000000
37 1416 339 56 1 5 1 1 1 -1 0.593397 -1.000000
37 1022 605 39 1 7 1 1 1 -1 1.642744 -1.000000
37 1115 416 54 1 9 1 1 1 -1 3.062809 -1.000000
37 1307 604 50 1 11 1 1 1 -1 -1.000000 -1.000000
37 1019 427 44 1 12 1 1 1 -1 -1.000000 -1.000000
37 1153 537 47 1 16 1 1 1 -1 -1.000000 -1.000000
38 1226 759 42 1 0 1 1 1 -1 3.711533 -1.000000
38 1386 689 49 1 1 1 1 1 -1 3.955737 -1.000000
38 1414 334 56 1 5 1 1 1 -1 -1.000000 -1.000000
38 1030 676 39 1 7 1 1 1 -1 1.938561 -1.000000
38 1111 417 54 1 9 1 1 1 -1 3.103976 -1.000000
38 1310 593 50 1 11 1 1 1 -1 -1.000000 -1.000000
38 1013 430 44 1 12 1 1 1 -1 -1.000000 -1.000000
38 1160 540 47 1 16 1 1 1 -1 -1.000000 -1.000000
39 1287 771 42 1 0 1 1 1 -1 -1.000000 -1.000000
39 1381 690 49 1 1 1 1 1 -1 4.087319 -1.000000
39 1419 337 56 1 5 1 1 1 -1 -1.000000 -1.000000
39 1027 760 39 1 7 1 1 1 -1 2.059130 -1.000000
39 1078 430 54 1 9 1 1 1 -1 3.381891 -1.000000
39 1306 588 50 1 11 1 1 1 -1 -1.000000 -1.000000
39 1008 425 44 1 12 1 1 1 -1 -1.000000 -1.000000
39 1158 545 47 1 16 1 1 1 -1 -1.000000 -1.000000
40 1336 789 42 1 0 1 1 1 -1 -1.000000 -1.000000
40 1379 689 49 1 1 1 1 1 -1 3.926991 -1.000000
40 1419 340 53 1 5 1 1 1 -1 -1.000000 -1.000000
40 1031 859 39 1 7 1 1 1 -1 1.977091 -1.000000
40 1020 484 47 1 9 1 1 1 -1 3.956922 -1.000000
40 1305 585 50 1 11 1 1 1 -1 -1.000000 -1.000000
40 1007 428 44 1 12 1 1 1 -1 -1.000000 -1.000000
40 1178 554 47 1 16 1 1 1 -1 -1.000000 -1.000000
41 1380 803 42 1 0 1 1 1 -1 -1.000000 -1.000000
41 1379 688 49 1 1 1 1 1 -1 3.707820 -1.000000
41 1418 336 53 1 5 1 1 1 -1 -1.000000 -1.000000
41 1039 945 39 1 7 1 1 1 -1 1.965587 -1.000000
41 935 553 47 1 9 1 1 1 -1 4.240720 -1.000000
41 1309 576 50 1 11 1 1 1 -1 -1.000000 -1.000000
41 1004 428 44 1 12 1 1 1 -1 -1.000000 -1.000000
41 1178 557 47 1 16 1 1 1 -1 -1.000000 -1.000000
42 1416 827 42 1 0 1 1 1 -1 -1.000000 -1.000000
42 1379 688 49 1 1 1 1 1 -1 3.679893 -1.000000
42 1420 337 53 1 5 1 1 1 -1 -1.000000 -1.000000
42 1038 1026 43 1 7 1 1 1 -1 1.948045 -1.000000
42 828 603 47 1 9 1 1 1 -1 4.370974 -1.000000
42 1308 570 50 1 11 1 1 1 -1 -1.000000 -1.000000
42 995 431 44 1 12 1 1 1 -1 -1.000000 -1.000000
42 1189 559 47 1 16 1 1 1 -1 -1.000000 -1.000000
43 1421 815 49 1 0 1 1 1 -1 4.403296 -1.000000
43 1379 686 49 1 1 1 1 1 -1 3.653672 -1.000000
43 1418 337 53 1 5 1 1 1 -1 -1.000000 -1.000000
43 724 649 41 1 9 1 1 1 -1 4.251800 -1.000000
43 1305 565 50 1 11 1 1 1 -1 -1.000000 -1.000000
43 993 431 44 1 12 1 1 1 -1 -1.000000 -1.000000
43 1193 575 47 1 16 1 1 1 -1 -1.000000 -1.000000
44 1427 815 49 1 0 1 1 1 -1 4.409990 -1.000000
44 1379 685 49 1 1 1 1 1 -1 -1.000000 -1.000000
44 1407 337 49 1 5 1 1 1 -1 -1.000000 -1.000000
44 634 700 41 1 9 1 1 1 -1 4.193966 -1.000000
44 1310 558 50 1 11 1 1 1 -1 -1.000000 -1.000000
44 988 433 44 1 12 1 1 1 -1 -1.000000 -1.000000
44 1219 598 40 1 16 1 1 1 -1 -1.000000 -1.000000
45 1424 805 49 1 0 1 1 1 -1 4.381416 -1.000000
45 1379 685 49 1 1 1 1 1 -1 -1.000000 -1.000000
45 1413 333 49 1 5 1 1 1 -1 -1.000000 -1.000000
45 555 760 34 1 9 1 1 1 -1 4.011588 -1.000000
45 1308 543 50 1 11 1 1 1 -1 -1.000000 -1.000000
45 985 437 46 1 12 1 1 1 -1 -1.000000 -1.000000
45 1219 598 40 1 16 1 1 1 -1 -1.000000 -1.000000
46 1428 799 49 1 0 1 1 1 -1 4.303845 -1.000000
46 1375 685 49 1 1 1 1 1 -1 -1.000000 -1.000000
46 1412 338 49 1 5 1 1 1 -1 -1.000000 -1.000000
46 466 832 34 1 9 1 1 1 -1 3.864489 -1.000000
46 1297 539 50 1 11 1 1 1 -1 -1.000000 -1.000000
46 989 436 46 1 12 1 1 1 -1 -1.000000 -1.000000
46 1223 599 40 1 16 1 1 1 -1 -1.000000 -1.000000
47 1424 790 49 1 0 1 1 1 -1 4.316651 -1.000000
47 1375 687 49 1 1 1 1 1 -1 -1.000000 -1.000000
47 1410 328 49 1 5 1 1 1 -1 2.336296 -1.000000
47 379 922 34 1 9 1 1 1 -1 3.797525 -1.000000
47 1292 531 50 1 11 1 1 1 -1 -1.000000 -1.000000
47 978 433 46 1 12 1 1 1 -1 -1.000000 -1.000000
47 1223 597 40 1 16 1 1 1 -1 -1.000000 -1.000000
48 1427 789 52 1 0 1 1 1 -1 4.290459 -1.000000
48 1375 687 49 1 1 1 1 1 -1 -1.000000 -1.000000
48 1406 330 49 1 5 1 1 1 -1 2.338564 -1.000000
48 293 1005 34 1 9 1 1 1 -1 3.702336 -1.000000
48 1292 519 50 1 11 1 1 1 -1 -1.000000 -1.000000
48 980 437 46 1 12 1 1 1 -1 -1.000000 -1.000000
48 1232 595 40 1 16 1 1 1 -1 -1.000000 -1.000000
49 1427 774 52 1 0 1 1 1 -1 4.254499 -1.000000
49 1375 688 49 1 1 1 1 1 -1 -1.000000 -1.000000
49 1403 333 51 1 5 1 1 1 -1 2.759213 -1.000000
49 1294 509 50 1 11 1 1 1 -1 -1.000000 -1.000000
49 973 435 46 1 12 1 1 1 -1 -1.000000 -1.000000
49 1242 599 38 1 16 1 1 1 -1 -1.000000 -1.000000
50 1424 770 52 1 0 1 1 1 -1 4.354158 -1.000000
50 1378 688 49 1 1 1 1 1 -1 -1.000000 -1.000000
50 1403 335 51 1 5 1 1 1 -1 2.771560 -1.000000
50 1290 494 50 1 11 1 1 1 -1 -1.000000 -1.000000
50 973 433 46 1 12 1 1 1 -1 -1.000000 -1.000000
50 1243 593 38 1 16 1 1 1 -1 -1.000000 -1.000000
51 1425 770 52 1 0 1 1 1 -1 4.358486 -1.000000
51 1379 688 49 1 1 1 1 1 -1 -1.000000 -1.000000
51 1400 335 51 1 5 1 1 1 -1 2.770193 -1.000000
51 1290 486 50 1 11 1 1 1 -1 -1.000000 -1.000000
51 968 434 46 1 12 1 1 1 -1 -1.000000 -1.000000
51 1243 593 38 1 16 1 1 1 -1 -1.000000 -1.000000
52 1423 763 52 1 0 1 1 1 -1 4.347322 -1.000000
52 1379 688 49 1 1 1 1 1 -1 -1.000000 -1.000000
52 1400 335 51 1 5 1 1 1 -1 2.845477 -1.000000
52 1287 478 50 1 11 1 1 1 -1 -1.000000 -1.000000
52 955 435 48 1 12 1 1 1 -1 -1.000000 -1.000000
52 1243 593 38 1 16 1 1 1 -1 -1.000000 -1.000000
53 1427 763 52 1 0 1 1 1 -1 4.313168 -1.000000
53 1381 688 49 1 1 1 1 1 -1 -1.000000 -1.000000
53 1400 339 51 1 5 1 1 1 -1 2.905652 -1.000000
53 1283 467 50 1 11 1 1 1 -1 -1.000000 -1.000000
53 954 440 48 1 12 1 1 1 -1 -1.000000 -1.000000
53 1243 593 38 1 16 1 1 1 -1 -1.000000 -1.000000
54 1425 762 52 1 0 1 1 1 -1 4.280645 -1.000000
54 1381 688 49 1 1 1 1 1 -1 3.235504 -1.000000
54 1394 337 51 1 5 1 1 1 -1 2.888045 -1.000000
54 1283 459 50 1 11 1 1 1 -1 -1.000000 -1.000000
54 950 440 48 1 12 1 1 1 -1 -1.000000 -1.000000
54 1236 592 38 1 16 1 1 1 -1 -1.000000 -1.000000
55 1424 762 52 1 0 1 1 1 -1 4.347047 -1.000000
55 1381 688 49 1 1 1 1 1 -1 3.225543 -1.000000
55 1391 338 54 1 5 1 1 1 -1 2.829434 -1.000000
55 1273 447 50 1 11 1 1 1 -1 -1.000000 -1.000000
55 941 445 48 1 12 1 1 1 -1 -1.000000 -1.000000
55 1231 589 38 1 16 1 1 1 -1 -1.000000 -1.000000
56 1424 762 52 1 0 1 1 1 -1 4.266478 -1.000000
56 1381 688 49 1 1 1 1 1 -1 -1.000000 -1.000000
56 1386 339 54 1 5 1 1 1 -1 2.863293 -1.000000
56 1272 437 50 1 11 1 1 1 -1 -1.000000 -1.000000
56 941 447 48 1 12 1 1 1 -1 -1.000000 -1.000000
56 1233 591 38 1 16 1 1 1 -1 -1.000000 -1.000000
57 1424 764 52 1 0 1 1 1 -1 4.226767 -1.000000
57 1381 688 49 1 1 1 1 1 -1 -1.000000 -1.000000
57 1384 343 54 1 5 1 1 1 -1 3.042710 -1.000000
57 1274 435 50 1 11 1 1 1 -1 -1.000000 -1.000000
57 946 450 48 1 12 1 1 1 -1 -1.000000 -1.000000
57 1233 591 38 1 16 1 1 1 -1 -1.000000 -1.000000
58 1424 764 52 1 0 1 1 1 -1 4.353618 -1.000000
58 1381 688 49 1 1 1 1 1 -1 -1.000000 -1.000000
58 1389 340 58 1 5 1 1 1 -1 3.032650 -1.000000
58 1273 425 50 1 11 1 1 1 -1 -1.000000 -1.000000
58 944 448 48 1 12 1 1 1 -1 -1.000000 -1.000000
58 1226 592 38 1 16 1 1 1 -1 -1.000000 -1.000000
59 1425 764 52 1 0 1 1 1 -1 4.373638 -1.000000
59 1376 688 45 1 1 1 1 1 -1 -1.000000 -1.000000
59 1380 339 58 1 5 1 1 1 -1 3.033149 -1.000000
59 1279 415 50 1 11 1 1 1 -1 -1.000000 -1.000000
59 937 449 48 1 12 1 1 1 -1 -1.000000 -1.000000
59 1226 592 38 1 16 1 1 1 -1 -1.000000 -1.000000
60 1426 764 52 1 0 1 1 1 -1 4.387484 -1.000000
60 1147 743 67 0 -1 1 1 1 -1 -1.000000 -1.000000
60 1277 740 67 0 -1 1 1 1 -1 -1.000000 -1.000000
60 1544 524 67 0 -1 1 1 1 -1 -1.000000 -1.000000
60 1372 687 45 1 1 1 1 1 -1 -1.000000 -1.000000
60 1387 342 58 1 5 1 1 1 -1 3.079416 -1.000000
60 1283 415 50 1 11 1 1 1 -1 -1.000000 -1.000000
60 937 450 48 1 12 1 1 1 -1 -1.000000 -1.000000
60 803 1047 40 1 14 1 1 1 -1 -1.000000 -1.000000
60 1223 592 38 1 16 1 1 1 -1 -1.000000 -1.000000
61 1428 764 52 1 0 1 1 1 -1 4.381145 -1.000000
61 1372 687 45 1 1 1 1 1 -1 -1.000000 -1.000000
61 1388 344 58 1 5 1 1 1 -1 3.059745 -1.000000
61 1286 412 50 1 11 1 1 1 -1 -1.000000 -1.000000
61 937 450 48 1 12 1 1 1 -1 -1.000000 -1.000000
61 799 977 40 1 14 1 1 1 -1 -1.000000 -1.000000
61 1223 592 38 1 16 1 1 1 -1 -1.000000 -1.000000
62 1428 764 52 1 0 1 1 1 -1 -1.000000 -1.000000
62 1372 687 45 1 1 1 1 1 -1 -1.000000 -1.000000
62 1383 341 58 1 5 1 1 1 -1 2.830178 -1.000000
62 1280 420 50 1 11 1 1 1 -1 -1.000000 -1.000000
62 931 451 48 1 12 1 1 1 -1 -1.000000 -1.000000
62 529 1055 35 1 13 1 1 1 -1 -1.000000 -1.000000
62 788 908 40 1 14 1 1 1 -1 -1.000000 -1.000000
62 1227 590 38 1 16 1 1 1 -1 -1.000000 -1.000000
63 1430 764 52 1 0 1 1 1 -1 -1.000000 -1.000000
63 1374 693 45 1 1 1 1 1 -1 -1.000000 -1.000000
63 1387 343 58 1 5 1 1 1 -1 2.850523 -1.000000
63 1280 425 50 1 11 1 1 1 -1 -1.000000 -1.000000
63 925 451 48 1 12 1 1 1 -1 -1.000000 -1.000000
63 606 1037 35 1 13 1 1 1 -1 -1.000000 -1.000000
63 774 853 38 1 14 1 1 1 -1 -1.000000 -1.000000
63 1227 590 40 1 16 1 1 1 -1 -1.000000 -1.000000
64 1430 760 52 1 0 1 1 1 -1 -1.000000 -1.000000
64 1370 697 45 1 1 1 1 1 -1 -1.000000 -1.000000
64 1387 350 56 1 5 1 1 1 -1 2.920360 -1.000000
64 1275 424 50 1 11 1 1 1 -1 -1.000000 -1.000000
64 924 450 48 1 12 1 1 1 -1 -1.000000 -1.000000
64 651 1013 35 1 13 1 1 1 -1 -1.000000 -1.000000
64 764 812 38 1 14 1 1 1 -1 -1.000000 -1.000000
64 1227 590 40 1 16 1 1 1 -1 -1.000000 -1.000000
65 1430 760 52 1 0 1 1 1 -1 -1.000000 -1.000000
65 1534 231 67 0 -1 1 1 1 -1 -1.000000 -1.000000
65 1060 416 67 0 -1 1 1 1 -1 -1.000000 -1.000000
65 1046 348 67 0 -1 1 1 1 -1 -1.000000 -1.000000
65 1240 193 67 0 -1 1 1 1 -1 -1.000000 -1.000000
65 911 159 67 0 -1 1 1 1 -1 -1.000000 -1.000000
65 1501 56 67 0 -1 1 1 1 -1 -1.000000 -1.000000
65 1800 143 67 0 -1 1 1 1 -1 -1.000000 -1.000000
65 1844 322 67 0 -1 1 1 1 -1 -1.000000 -1.000000
65 1688 817 67 0 -1 1 1 1 -1 -1.000000 -1.000000
65 107 834 67 0 -1 1 1 1 -1 -1.000000 -1.000000
65 1370 697 45 1 1 1 1 1 -1 -1.000000 -1.000000
65 1388 356 56 1 5 1 1 1 -1 -1.000000 -1.000000
65 1279 415 50 1 11 1 1 1 -1 -1.000000 -1.000000
65 924 449 48 1 12 1 1 1 -1 -1.000000 -1.000000
65 691 997 32 1 13 1 1 1 -1 -1.000000 -1.000000
65 750 778 38 1 14 1 1 1 -1 -1.000000 -1.000000
65 1227 590 40 1 16 1 1 1 -1 -1.000000 -1.000000
66 1429 759 52 1 0 1 1 1 -1 -1.000000 -1.000000
66 1368 699 45 1 1 1 1 1 -1 3.016985 -1.000000
66 1387 353 56 1 5 1 1 1 -1 -1.000000 -1.000000
66 1274 408 58 1 11 1 1 1 -1 -1.000000 -1.000000
66 920 453 48 1 12 1 1 1 -1 -1.000000 -1.000000
66 721 1011 32 1 13 1 1 1 -1 -1.000000 -1.000000
66 732 768 38 1 14 1 1 1 -1 -1.000000 -1.000000
66 1227 590 40 1 16 1 1 1 -1 -1.000000 -1.000000
67 1429 759 52 1 0 1 1 1 -1 -1.000000 -1.000000
67 1365 702 45 1 1 1 1 1 -1 3.072664 -1.000000
67 1387 353 56 1 5 1 1 1 -1 -1.000000 -1.000000
67 1268 407 58 1 11 1 1 1 -1 -1.000000 -1.000000
67 914 452 48 1 12 1 1 1 -1 -1.000000 -1.000000
67 762 1038 32 1 13 1 1 1 -1 -1.000000 -1.000000
67 719 770 34 1 14 1 1 1 -1 -1.000000 -1.000000
67 1226 591 40 1 16 1 1 1 -1 -1.000000 -1.000000
68 1429 759 52 1 0 1 1 1 -1 -1.000000 -1.000000
68 1364 702 45 1 1 1 1 1 -1 3.126763 -1.000000
68 1383 356 56 1 5 1 1 1 -1 -1.000000 -1.000000
68 1269 405 58 1 11 1 1 1 -1 -1.000000 -1.000000
68 905 463 48 1 12 1 1 1 -1 -1.000000 -1.000000
68 718 794 34 1 14 1 1 1 -1 -1.000000 -1.000000
68 1225 584 40 1 16 1 1 1 -1 -1.000000 -1.000000
69 1429 759 52 1 0 1 1 1 -1 -1.000000 -1.000000
69 1373 702 45 1 1 1 1 1 -1 3.232025 -1.000000
69 1387 355 56 1 5 1 1 1 -1 -1.000000 -1.000000
69 1265 416 58 1 11 1 1 1 -1 -1.000000 -1.000000
69 888 510 48 1 12 1 1 1 -1 -1.000000 -1.000000
69 718 838 34 1 14 1 1 1 -1 -1.000000 -1.000000
69 1227 587 40 1 16 1 1 1 -1 -1.000000 -1.000000
70 1430 760 49 1 0 1 1 1 -1 -1.000000 -1.000000
70 1369 698 45 1 1 1 1 1 -1 3.203566 -1.000000
70 1386 357 52 1 5 1 1 1 -1 -1.000000 -1.000000
70 1265 409 58 1 11 1 1 1 -1 -1.000000 -1.000000
70 849 572 48 1 12 1 1 1 -1 -1.000000 -1.000000
70 709 874 34 1 14 1 1 1 -1 -1.000000 -1.000000
70 1220 585 39 1 16 1 1 1 -1 -1.000000 -1.000000
71 1432 769 49 1 0 1 1 1 -1 -1.000000 -1.000000
71 1370 698 49 1 1 1 1 1 -1 3.257056 -1.000000
71 1384 358 52 1 5 1 1 1 -1 -1.000000 -1.000000
71 1259 409 58 1 11 1 1 1 -1 -1.000000 -1.000000
71 791 629 44 1 12 1 1 1 -1 -1.000000 -1.000000
71 692 896 34 1 14 1 1 1 -1 -1.000000 -1.000000
71 1218 584 39 1 16 1 1 1 -1 -1.000000 -1.000000
72 1430 764 49 1 0 1 1 1 -1 -1.000000 -1.000000
72 1368 696 49 1 1 1 1 1 -1 3.512136 -1.000000
72 1384 358 52 1 5 1 1 1 -1 -1.000000 -1.000000
72 1254 406 58 1 11 1 1 1 -1 -1.000000 -1.000000
72 706 679 44 1 12 1 1 1 -1 -1.000000 -1.000000
72 668 914 34 1 14 1 1 1 -1 -1.000000 -1.000000
72 1218 581 39 1 16 1 1 1 -1 -1.000000 -1.000000
73 1430 764 49 1 0 1 1 1 -1 -1.000000 -1.000000
73 1368 696 49 1 1 1 1 1 -1 3.669948 -1.000000
73 1384 358 52 1 5 1 1 1 -1 -1.000000 -1.000000
73 1254 398 58 1 11 1 1 1 -1 -1.000000 -1.000000
73 622 735 44 1 12 1 1 1 -1 -1.000000 -1.000000
73 639 943 34 1 14 1 1 1 -1 -1.000000 -1.000000
73 1218 580 39 1 16 1 1 1 -1 -1.000000 -1.000000
74 1425 752 49 1 0 1 1 1 -1 -1.000000 -1.000000
74 1369 696 51 1 1 1 1 1 -1 3.600207 -1.000000
74 1384 358 52 1 5 1 1 1 -1 -1.000000 -1.000000
74 1252 386 58 1 11 1 1 1 -1 -1.000000 -1.000000
74 543 812 44 1 12 1 1 1 -1 -1.000000 -1.000000
74 611 985 34 1 14 1 1 1 -1 -1.000000 -1.000000
74 1220 579 39 1 16 1 1 1 -1 -1.000000 -1.000000
75 1429 754 49 1 0 1 1 1 -1 -1.000000 -1.000000
75 1368 695 51 1 1 1 1 1 -1 3.923432 -1.000000
75 1390 355 48 1 5 1 1 1 -1 -1.000000 -1.000000
75 1250 376 58 1 11 1 1 1 -1 -1.000000 -1.000000
75 465 916 44 1 12 1 1 1 -1 -1.000000 -1.000000
75 563 1047 34 1 14 1 1 1 -1 -1.000000 -1.000000
75 444 1056 34 1 15 1 1 1 -1 -1.000000 -1.000000
75 1222 573 44 1 16 1 1 1 -1 -1.000000 -1.000000
76 1433 754 49 1 0 1 1 1 -1 -1.000000 -1.000000
76 1368 695 51 1 1 1 1 1 -1 3.919949 -1.000000
76 1393 356 48 1 5 1 1 1 -1 -1.000000 -1.000000
76 1262 380 58 1 11 1 1 1 -1 -1.000000 -1.000000
76 383 1023 35 1 12 1 1 1 -1 -1.000000 -1.000000
76 438 1026 34 1 15 1 1 1 -1 -1.000000 -1.000000
76 1223 572 44 1 16 1 1 1 -1 -1.000000 -1.000000
77 1435 753 49 1 0 1 1 1 -1 -1.000000 -1.000000
77 1368 691 51 1 1 1 1 1 -1 3.892757 -1.000000
77 1393 356 48 1 5 1 1 1 -1 -1.000000 -1.000000
77 1261 369 58 1 11 1 1 1 -1 -1.000000 -1.000000
77 433 1000 34 1 15 1 1 1 -1 -1.000000 -1.000000
77 1219 567 44 1 16 1 1 1 -1 -1.000000 -1.000000
78 1445 755 49 1 0 1 1 1 -1 -1.000000 -1.000000
78 1368 689 51 1 1 1 1 1 -1 3.884393 -1.000000
78 1393 356 48 1 5 1 1 1 -1 -1.000000 -1.000000
78 449 971 34 1 15 1 1 1 -1 -1.000000 -1.000000
78 1218 566 44 1 16 1 1 1 -1 -1.000000 -1.000000
79 1439 753 49 1 0 1 1 1 -1 -1.000000 -1.000000
79 1368 686 51 1 1 1 1 1 -1 3.969518 -1.000000
79 1391 354 48 1 5 1 1 1 -1 -1.000000 -1.000000
79 483 941 29 1 15 1 1 1 -1 -1.000000 -1.000000
79 1214 569 44 1 16 1 1 1 -1 -1.000000 -1.000000
80 1438 747 49 1 0 1 1 1 -1 -1.000000 -1.000000
80 1503 883 67 0 -1 1 1 1 -1 -1.000000 -1.000000
80 1366 684 51 1 1 1 1 1 -1 4.022289 -1.000000
80 1389 353 48 1 5 1 1 1 -1 -1.000000 -1.000000
80 1214 560 44 1 16 1 1 1 -1 -1.000000 -1.000000
81 1432 740 49 1 0 1 1 1 -1 -1.000000 -1.000000
81 1530 868 67 0 -1 1 1 1 -1 -1.000000 -1.000000
81 1366 684 51 1 1 1 1 1 -1 3.979574 -1.000000
81 1385 353 48 1 5 1 1 1 -1 -1.000000 -1.000000
81 1215 554 44 1 16 1 1 1 -1 -1.000000 -1.000000
82 1432 740 49 1 0 1 1 1 -1 -1.000000 -1.000000
82 1563 860 67 0 -1 1 1 1 -1 -1.000000 -1.000000
82 1086 668 67 0 -1 1 1 1 -1 -1.000000 -1.000000
82 969 543 67 0 -1 1 1 1 -1 -1.000000 -1.000000
82 1363 683 51 1 1 1 1 1 -1 4.034587 -1.000000
82 1385 353 48 1 5 1 1 1 -1 -1.000000 -1.000000
82 1219 553 44 1 16 1 1 1 -1 -1.000000 -1.000000
83 1438 723 49 1 0 1 1 1 -1 -1.000000 -1.000000
83 1360 683 51 1 1 1 1 1 -1 4.110102 -1.000000
83 1381 353 48 1 5 1 1 1 -1 -1.000000 -1.000000
83 1228 550 44 1 16 1 1 1 -1 -1.000000 -1.000000
84 1444 721 49 1 0 1 1 1 -1 -1.000000 -1.000000
84 1360 447 67 0 -1 1 1 1 -1 -1.000000 -1.000000
84 1360 683 51 1 1 1 1 1 -1 4.122945 -1.000000
84 1381 353 48 1 5 1 1 1 -1 -1.000000 -1.000000
84 1235 553 46 1 16 1 1 1 -1 -1.000000 -1.000000
85 1443 729 49 1 0 1 1 1 -1 -1.000000 -1.000000
85 1358 683 51 1 1 1 1 1 -1 4.204078 -1.000000
85 1381 350 48 1 5 1 1 1 -1 -1.000000 -1.000000
85 1238 554 46 1 16 1 1 1 -1 -1.000000 -1.000000
86 1432 726 49 1 0 1 1 1 -1 -1.000000 -1.000000
86 1361 683 51 1 1 1 1 1 -1 4.113970 -1.000000
86 1381 350 48 1 5 1 1 1 -1 -1.000000 -1.000000
86 1242 558 46 1 16 1 1 1 -1 -1.000000 -1.000000
87 1432 726 49 1 0 1 1 1 -1 -1.000000 -1.000000
87 1356 679 53 1 1 1 1 1 -1 4.169957 -1.000000
87 1380 348 48 1 5 1 1 1 -1 0.087115 -1.000000
87 1239 558 46 1 16 1 1 1 -1 -1.000000 -1.000000
88 1433 717 49 1 0 1 1 1 -1 -1.000000 -1.000000
88 1419 468 67 0 -1 1 1 1 -1 -1.000000 -1.000000
88 1353 673 53 1 1 1 1 1 -1 4.213042 -1.000000
88 1378 348 57 1 5 1 1 1 -1 0.107066 -1.000000
88 1250 559 46 1 16 1 1 1 -1 -1.000000 -1.000000
89 1431 712 49 1 0 1 1 1 -1 4.496623 -1.000000
89 1423 520 67 0 -1 1 1 1 -1 -1.000000 -1.000000
89 1350 666 53 1 1 1 1 1 -1 4.340321 -1.000000
89 1381 348 57 1 5 1 1 1 -1 0.062649 -1.000000
89 1263 559 46 1 16 1 1 1 -1 -1.000000 -1.000000
90 1424 704 49 1 0 1 1 1 -1 4.812889 -1.000000
90 1349 664 53 1 1 1 1 1 -1 4.401391 -1.000000
90 1377 347 57 1 5 1 1 1 -1 0.068981 -1.000000
90 1266 556 46 1 16 1 1 1 -1 -1.000000 -1.000000
91 1417 707 49 1 0 1 1 1 -1 4.908195 -1.000000
91 1466 870 67 0 -1 1 1 1 -1 -1.000000 -1.000000
91 1176 707 67 0 -1 1 1 1 -1 -1.000000 -1.000000
91 1252 813 67 0 -1 1 1 1 -1 -1.000000 -1.000000
91 1354 673 53 1 1 1 1 1 -1 4.223746 -1.000000
91 1370 347 57 1 5 1 1 1 -1 0.085408 -1.000000
91 1270 552 46 1 16 1 1 1 -1 -1.000000 -1.000000
92 1411 703 49 1 0 1 1 1 -1 5.066214 -1.000000
92 1354 672 53 1 1 1 1 1 -1 4.215578 -1.000000
92 1366 347 57 1 5 1 1 1 -1 0.121352 -1.000000
92 1279 546 49 1 16 1 1 1 -1 -1.000000 -1.000000
93 1407 704 49 1 0 1 1 1 -1 5.220288 -1.000000
93 1352 685 48 1 1 1 1 1 -1 4.182432 -1.000000
93 1366 347 57 1 5 1 1 1 -1 0.121772 -1.000000
93 1289 552 49 1 16 1 1 1 -1 -1.000000 -1.000000
94 1410 710 49 1 0 1 1 1 -1 5.157856 -1.000000
94 1117 611 67 0 -1 1 1 1 -1 -1.000000 -1.000000
94 1352 691 48 1 1 1 1 1 -1 -1.000000 -1.000000
94 1366 347 62 1 5 1 1 1 -1 0.126973 -1.000000
94 1301 549 49 1 16 1 1 1 -1 -1.000000 -1.000000
95 1398 710 49 1 0 1 1 1 -1 5.382281 -1.000000
95 1352 689 48 1 1 1 1 1 -1 -1.000000 -1.000000
95 1364 344 62 1 5 1 1 1 -1 0.161543 -1.000000
95 1306 549 49 1 16 1 1 1 -1 -1.000000 -1.000000
96 1400 709 49 1 0 1 1 1 -1 5.381002 -1.000000
96 1353 687 48 1 1 1 1 1 -1 -1.000000 -1.000000
96 1363 346 62 1 5 1 1 1 -1 0.124772 -1.000000
96 1327 549 49 1 16 1 1 1 -1 -1.000000 -1.000000
97 1400 706 49 1 0 1 1 1 -1 5.392037 -1.000000
97 1371 348 58 1 5 1 1 1 -1 -1.000000 -1.000000
97 1327 549 49 1 16 1 1 1 -1 -1.000000 -1.000000
98 1400 714 49 1 0 1 1 1 -1 -1.000000 -1.000000
98 1356 695 48 1 1 1 1 1 -1 -1.000000 -1.000000
98 1372 354 58 1 5 1 1 1 -1 -1.000000 -1.000000
98 1330 549 49 1 16 1 1 1 -1 -1.000000 -1.000000
99 1394 710 49 1 0 1 1 1 -1 5.210505 -1.000000
99 1368 355 52 1 5 1 1 1 -1 -1.000000 -1.000000
99 1327 548 49 1 16 1 1 1 -1 -1.000000 -1.000000
100 1397 713 49 1 0 1 1 1 -1 4.916133 -1.000000
100 1366 354 52 1 5 1 1 1 -1 -1.000000 -1.000000
100 1335 547 49 1 16 1 1 1 -1 -1.000000 -1.000000
101 1397 713 49 1 0 1 1 1 -1 5.075999 -1.000000
101 1368 354 52 1 5 1 1 1 -1 -1.000000 -1.000000
101 1337 547 49 1 16 1 1 1 -1 -1.000000 -1.000000
102 1397 713 49 1 0 1 1 1 -1 4.912909 -1.000000
102 1368 355 52 1 5 1 1 1 -1 -1.000000 -1.000000
102 1337 546 49 1 16 1 1 1 -1 -1.000000 -1.000000
103 1397 713 49 1 0 1 1 1 -1 4.688393 -1.000000
103 1366 355 52 1 5 1 1 1 -1 -1.000000 -1.000000
103 1334 541 49 1 16 1 1 1 -1 -1.000000 -1.000000
104 1404 718 49 1 0 1 1 1 -1 4.760353 -1.000000
104 1366 355 52 1 5 1 1 1 -1 -1.000000 -1.000000
104 1339 544 49 1 16 1 1 1 -1 -1.000000 -1.000000
105 1404 718 52 1 0 1 1 1 -1 4.592960 -1.000000
105 1349 709 48 1 1 1 1 1 -1 -1.000000 -1.000000
105 1366 355 52 1 5 1 1 1 -1 -1.000000 -1.000000
105 1336 543 49 1 16 1 1 1 -1 -1.000000 -1.000000
106 1415 724 52 1 0 1 1 1 -1 4.145659 -1.000000
106 1125 720 67 0 -1 1 1 1 -1 -1.000000 -1.000000
106 1253 627 67 0 -1 1 1 1 -1 -1.000000 -1.000000
106 1554 461 67 0 -1 1 1 1 -1 -1.000000 -1.000000
106 1550 355 67 0 -1 1 1 1 -1 -1.000000 -1.000000
106 1507 251 67 0 -1 1 1 1 -1 -1.000000 -1.000000
106 1853 337 67 0 -1 1 1 1 -1 -1.000000 -1.000000
106 1354 712 48 1 1 1 1 1 -1 -1.000000 -1.000000
106 1365 355 52 1 5 1 1 1 -1 -1.000000 -1.000000
106 1336 543 49 1 16 1 1 1 -1 -1.000000 -1.000000
107 1412 722 52 1 0 1 1 1 -1 4.348058 -1.000000
107 1354 712 48 1 1 1 1 1 -1 1.056345 -1.000000
107 1365 355 52 1 5 1 1 1 -1 -1.000000 -1.000000
107 1334 543 49 1 16 1 1 1 -1 -1.000000 -1.000000
108 1412 722 54 1 0 1 1 1 -1 4.529974 -1.000000
108 1357 721 48 1 1 1 1 1 -1 1.155628 -1.000000
108 1359 356 52 1 5 1 1 1 -1 -1.000000 -1.000000
108 1334 544 49 1 16 1 1 1 -1 -1.000000 -1.000000
109 1408 724 54 1 0 1 1 1 -1 4.599661 -1.000000
109 1356 725 48 1 1 1 1 1 -1 1.223103 -1.000000
109 1357 359 52 1 5 1 1 1 -1 -1.000000 -1.000000
109 1339 548 49 1 16 1 1 1 -1 -1.000000 -1.000000
110 1402 720 54 1 0 1 1 1 -1 4.614662 -1.000000
110 1361 733 50 1 1 1 1 1 -1 1.077745 -1.000000
110 1357 359 52 1 5 1 1 1 -1 -1.000000 -1.000000
110 1341 549 49 1 16 1 1 1 -1 -1.000000 -1.000000
111 1406 720 54 1 0 1 1 1 -1 4.245386 -1.000000
111 1357 359 52 1 5 1 1 1 -1 -1.000000 -1.000000
111 1341 549 49 1 16 1 1 1 -1 -1.000000 -1.000000
112 1414 723 54 1 0 1 1 1 -1 4.248741 -1.000000
112 1368 747 50 1 1 1 1 1 -1 0.890776 -1.000000
112 1357 359 52 1 5 1 1 1 -1 -1.000000 -1.000000
112 1341 549 49 1 16 1 1 1 -1 -1.000000 -1.000000
113 1417 724 54 1 0 1 1 1 -1 4.239033 -1.000000
113 1368 745 50 1 1 1 1 1 -1 1.130954 -1.000000
113 1357 359 52 1 5 1 1 1 -1 -1.000000 -1.000000
113 1341 549 49 1 16 1 1 1 -1 -1.000000 -1.000000
114 1418 725 54 1 0 1 1 1 -1 4.242311 -1.000000
114 1372 750 50 1 1 1 1 1 -1 1.225551 -1.000000
114 1358 361 52 1 5 1 1 1 -1 -1.000000 -1.000000
114 1336 551 49 1 16 1 1 1 -1 -1.000000 -1.000000
115 1418 725 52 1 0 1 1 1 -1 4.242311 -1.000000
115 1373 760 52 1 -1 1 1 1 -1 1.260741 -1.000000
115 1358 362 52 1 5 1 1 1 -1 -1.000000 -1.000000
115 1312 567 49 1 16 1 1 1 -1 -1.000000 -1.000000
116 1416 733 52 1 0 1 1 1 -1 4.337118 -1.000000
116 1357 365 52 1 5 1 1 1 -1 -1.000000 -1.000000
116 1288 610 49 1 16 1 1 1 -1 -1.000000 -1.000000
117 1416 733 52 1 0 1 1 1 -1 4.481720 -1.000000
117 1376 765 52 1 -1 1 1 1 -1 1.220630 -1.000000
117 1357 365 52 1 5 1 1 1 -1 -1.000000 -1.000000
117 1263 690 49 1 16 1 1 1 -1 -1.000000 -1.000000
118 1416 733 52 1 0 1 1 1 -1 4.481720 -1.000000
118 1393 779 52 1 -1 1 1 1 -1 1.171905 -1.000000
118 1351 368 52 1 5 1 1 1 -1 -1.000000 -1.000000
118 1209 758 74 1 16 1 1 1 -1 -1.000000 -1.000000
119 1409 729 52 1 0 1 1 1 -1 4.527041 -1.000000
119 1383 775 50 1 1 1 1 1 -1 1.171905 -1.000000
119 1347 368 52 1 5 1 1 1 -1 -1.000000 -1.000000
119 1177 862 74 1 16 1 1 1 -1 -1.000000 -1.000000
120 1400 734 52 1 0 1 1 1 -1 4.645326 -1.000000
120 1383 783 50 1 1 1 1 1 -1 1.097281 -1.000000
120 1341 369 52 1 5 1 1 1 -1 -1.000000 -1.000000
120 1203 926 60 1 16 1 1 1 -1 -1.000000 -1.000000
121 1400 734 52 1 0 1 1 1 -1 4.645821 -1.000000
121 1340 372 52 1 5 1 1 1 -1 -1.000000 -1.000000
121 1237 978 72 1 16 1 1 1 -1 -1.000000 -1.000000
122 1400 734 52 1 0 1 1 1 -1 4.647264 -1.000000
122 1394 794 50 1 1 1 1 1 -1 1.052086 -1.000000
122 1329 373 52 1 5 1 1 1 -1 -1.000000 -1.000000
122 1269 1071 75 1 16 1 1 1 -1 -1.000000 -1.000000
123 1399 735 52 1 0 1 1 1 -1 4.662786 -1.000000
123 269 975 67 0 -1 1 1 1 -1 -1.000000 -1.000000
123 1320 994 67 0 -1 1 1 1 -1 -1.000000 -1.000000
123 1279 1022 67 0 -1 1 1 1 -1 -1.000000 -1.000000
123 1402 813 50 1 1 1 1 1 -1 1.152179 -1.000000
123 1332 373 52 1 5 1 1 1 -1 -1.000000 -1.000000
124 1399 735 52 1 0 1 1 1 -1 -1.000000 -1.000000
124 1405 820 50 1 1 1 1 1 -1 1.151762 -1.000000
124 1335 374 52 1 5 1 1 1 -1 -1.000000 -1.000000
125 1399 735 52 1 0 1 1 1 -1 -1.000000 -1.000000
125 1404 832 50 1 1 1 1 1 -1 1.202100 -1.000000
125 1335 374 52 1 5 1 1 1 -1 2.636639 -1.000000
126 1399 735 52 1 0 1 1 1 -1 -1.000000 -1.000000
126 1402 832 50 1 1 1 1 1 -1 1.178590 -1.000000
126 1329 388 49 1 5 1 1 1 -1 2.677945 -1.000000
127 1399 735 50 1 0 1 1 1 -1 -1.000000 -1.000000
127 1407 837 50 1 1 1 1 1 -1 1.186287 -1.000000
127 1323 391 49 1 5 1 1 1 -1 2.739271 -1.000000
128 1406 742 50 1 0 1 1 1 -1 -1.000000 -1.000000
128 1409 838 50 1 1 1 1 1 -1 1.184663 -1.000000
128 1318 391 49 1 5 1 1 1 -1 2.683365 -1.000000
129 1407 745 50 1 0 1 1 1 -1 -1.000000 -1.000000
129 1414 848 50 1 1 1 1 1 -1 1.167681 -1.000000
129 1310 390 49 1 5 1 1 1 -1 2.631384 -1.000000
130 1407 745 50 1 0 1 1 1 -1 -1.000000 -1.000000
130 1417 853 50 1 1 1 1 1 -1 1.147942 -1.000000
130 1310 391 49 1 5 1 1 1 -1 2.619715 -1.000000
131 1408 742 50 1 0 1 1 1 -1 -1.000000 -1.000000
131 1425 865 50 1 1 1 1 1 -1 1.163980 -1.000000
131 1306 393 49 1 5 1 1 1 -1 2.660090 -1.000000
132 1408 742 50 1 0 1 1 1 -1 -1.000000 -1.000000
132 1425 868 55 1 1 1 1 1 -1 1.202530 -1.000000
132 1299 394 49 1 5 1 1 1 -1 2.655324 -1.000000
133 1408 742 50 1 0 1 1 1 -1 -1.000000 -1.000000
133 1425 881 55 1 1 1 1 1 -1 1.123657 -1.000000
133 1293 397 49 1 5 1 1 1 -1 2.693068 -1.000000
134 1408 733 50 1 0 1 1 1 -1 -1.000000 -1.000000
134 1430 886 58 1 1 1 1 1 -1 1.111980 -1.000000
134 1292 398 49 1 5 1 1 1 -1 2.703423 -1.000000
135 1418 736 50 1 0 1 1 1 -1 -1.000000 -1.000000
135 1435 895 58 1 1 1 1 1 -1 1.117326 -1.000000
135 1292 398 49 1 5 1 1 1 -1 2.744000 -1.000000
136 1413 733 50 1 0 1 1 1 -1 -1.000000 -1.000000
136 1433 893 58 1 1 1 1 1 -1 1.187081 -1.000000
136 1292 398 49 1 5 1 1 1 -1 2.735971 -1.000000
137 1413 733 50 1 0 1 1 1 -1 -1.000000 -1.000000
137 1434 895 58 1 1 1 1 1 -1 1.349482 -1.000000
137 1287 398 49 1 5 1 1 1 -1 2.730956 -1.000000
138 1413 734 50 1 0 1 1 1 -1 -1.000000 -1.000000
138 1445 910 58 1 1 1 1 1 -1 1.350734 -1.000000
138 1286 399 49 1 5 1 1 1 -1 2.594872 -1.000000
139 1416 735 50 1 0 1 1 1 -1 -1.000000 -1.000000
139 1449 914 58 1 1 1 1 1 -1 1.192654 -1.000000
139 1279 406 49 1 5 1 1 1 -1 2.648907 -1.000000
140 1421 734 50 1 0 1 1 1 -1 -1.000000 -1.000000
140 1459 925 58 1 1 1 1 1 -1 1.054101 -1.000000
140 1281 408 49 1 5 1 1 1 -1 2.777152 -1.000000
141 1421 733 50 1 0 1 1 1 -1 -1.000000 -1.000000
141 1459 925 58 1 1 1 1 1 -1 1.194156 -1.000000
141 1281 408 49 1 5 1 1 1 -1 -1.000000 -1.000000
142 1421 733 50 1 0 1 1 1 -1 5.050455 -1.000000
142 1463 930 58 1 1 1 1 1 -1 1.119727 -1.000000
142 1281 408 49 1 5 1 1 1 -1 -1.000000 -1.000000
143 1421 715 50 1 0 1 1 1 -1 5.123845 -1.000000
143 1472 943 58 1 1 1 1 1 -1 1.175388 -1.000000
144 1417 709 50 1 0 1 1 1 -1 5.149528 -1.000000
144 1478 951 58 1 1 1 1 1 -1 1.188680 -1.000000
145 1418 713 50 1 0 1 1 1 -1 5.083707 -1.000000
145 1482 951 58 1 1 1 1 1 -1 0.930440 -1.000000
146 1417 712 50 1 0 1 1 1 -1 5.031595 -1.000000
146 1483 956 52 1 1 1 1 1 -1 0.774646 -1.000000
147 1408 701 48 1 0 1 1 1 -1 5.157171 -1.000000
147 1479 960 52 1 1 1 1 1 -1 0.796761 -1.000000
148 1408 706 48 1 0 1 1 1 -1 5.161649 -1.000000
148 1480 957 52 1 1 1 1 1 -1 0.878155 -1.000000
149 1408 706 48 1 0 1 1 1 -1 5.161649 -1.000000
149 1479 957 52 1 1 1 1 1 -1 0.973038 -1.000000
150 1408 706 48 1 0 1 1 1 -1 5.267652 -1.000000
150 1487 960 52 1 1 1 1 1 -1 0.965252 -1.000000
151 1404 699 48 1 0 1 1 1 -1 5.422783 -1.000000
151 1485 964 52 1 1 1 1 1 -1 0.918748 -1.000000
152 1391 700 48 1 0 1 1 1 -1 5.503078 -1.000000
152 1478 968 52 1 1 1 1 1 -1 0.940602 -1.000000
153 1392 700 48 1 0 1 1 1 -1 5.556542 -1.000000
153 1481 992 52 1 1 1 1 1 -1 1.101830 -1.000000
154 1383 701 48 1 0 1 1 1 -1 5.611719 -1.000000
155 1388 702 48 1 0 1 1 1 -1 5.559564 -1.000000
156 1394 702 48 1 0 1 1 1 -1 5.529691 -1.000000
157 1394 702 48 1 0 1 1 1 -1 5.576160 -1.000000
158 1397 703 48 1 0 1 1 1 -1 -1.000000 -1.000000
159 1410 702 48 1 0 1 1 1 -1 5.492073 -1.000000
160 1407 701 48 1 0 1 1 1 -1 5.459554 -1.000000
161 1406 701 48 1 0 1 1 1 -1 -1.000000 -1.000000
162 1406 701 48 1 0 1 1 1 -1 5.481746 -1.000000
163 1406 701 48 1 0 1 1 1 -1 5.497787 -1.000000
164 1405 702 48 1 0 1 1 1 -1 5.632881 -1.000000
165 1405 702 48 1 0 1 1 1 -1 5.561739 -1.000000
166 1391 705 54 1 0 1 1 1 -1 5.673909 -1.000000
167 1392 713 54 1 0 1 1 1 -1 5.502116 -1.000000
168 1393 716 49 1 0 1 1 1 -1 5.118130 -1.000000
169 1395 716 49 1 0 1 1 1 -1 5.129960 -1.000000
170 1397 713 49 1 0 1 1 1 -1 5.260938 -1.000000
171 1396 713 49 1 0 1 1 1 -1 5.405457 -1.000000
172 1395 713 49 1 0 1 1 1 -1 5.428772 -1.000000
173 1394 715 49 1 0 1 1 1 -1 5.519618 -1.000000
173 1063 325 67 0 -1 1 1 1 -1 -1.000000 -1.000000
173 835 333 67 0 -1 1 1 1 -1 -1.000000 -1.000000
173 1228 210 67 0 -1 1 1 1 -1 -1.000000 -1.000000
173 1620 538 67 0 -1 1 1 1 -1 -1.000000 -1.000000
173 1568 322 132 0 -1 1 1 1 -1 -1.000000 -1.000000
174 1391 715 49 1 0 1 1 1 -1 5.440581 -1.000000
175 1391 715 49 1 0 1 1 1 -1 5.253913 -1.000000
176 1390 716 49 1 0 1 1 1 -1 5.221981 -1.000000
176 1222 419 40 1 5 1 1 1 -1 -1.000000 -1.000000
177 1394 716 49 1 0 1 1 1 -1 5.212743 -1.000000
177 1228 421 40 1 5 1 1 1 -1 -1.000000 -1.000000
178 1396 716 49 1 0 1 1 1 -1 5.298628 -1.000000
179 1396 716 49 1 0 1 1 1 -1 5.323114 -1.000000
179 1217 426 40 1 5 1 1 1 -1 2.691519 -1.000000
180 1396 716 49 1 0 1 1 1 -1 5.372899 -1.000000
180 1212 423 40 1 5 1 1 1 -1 2.779306 -1.000000
181 1396 716 49 1 0 1 1 1 -1 5.288239 -1.000000
181 1206 426 40 1 5 1 1 1 -1 2.821754 -1.000000
182 1390 715 49 1 0 1 1 1 -1 5.307300 -1.000000
182 1201 426 40 1 5 1 1 1 -1 -1.000000 -1.000000
183 1392 718 51 1 0 1 1 1 -1 5.272954 -1.000000
183 1199 426 40 1 5 1 1 1 -1 -1.000000 -1.000000
184 1389 718 51 1 0 1 1 1 -1 5.283357 -1.000000
185 1390 718 51 1 0 1 1 1 -1 5.351024 -1.000000
186 1390 718 51 1 0 1 1 1 -1 5.364385 -1.000000
187 1390 718 51 1 0 1 1 1 -1 5.439519 -1.000000
188 1390 717 51 1 0 1 1 1 -1 5.443447 -1.000000
189 1390 716 51 1 0 1 1 1 -1 5.362062 -1.000000
190 1391 721 51 1 0 1 1 1 -1 5.165167 -1.000000
191 1398 719 51 1 0 1 1 1 -1 5.131248 -1.000000
192 1394 717 51 1 0 1 1 1 -1 5.164864 -1.000000
193 1386 714 51 1 0 1 1 1 -1 5.212232 -1.000000
194 1388 713 51 1 0 1 1 1 -1 -1.000000 -1.000000
195 1388 713 51 1 0 1 1 1 -1 5.258044 -1.000000
196 1388 713 51 1 0 1 1 1 -1 5.223093 -1.000000
196 315 273 132 0 -1 1 1 1 -1 -1.000000 -1.000000
196 868 180 132 0 -1 1 1 1 -1 -1.000000 -1.000000
196 1702 836 132 0 -1 1 1 1 -1 -1.000000 -1.000000
196 1537 364 132 0 -1 1 1 1 -1 -1.000000 -1.000000
197 1388 713 51 1 0 1 1 1 -1 5.178830 -1.000000
198 1387 717 51 1 0 1 1 1 -1 5.173312 -1.000000
199 1396 717 51 1 0 1 1 1 -1 5.111519 -1.000000
200 1394 707 51 1 0 1 1 1 -1 5.242797 -1.000000
201 1391 704 51 1 0 1 1 1 -1 5.291463 -1.000000
201 555 513 132 0 -1 1 1 1 -1 -1.000000 -1.000000
202 1390 704 51 1 0 1 1 1 -1 5.364651 -1.000000
203 1386 704 51 1 0 1 1 1 -1 5.328904 -1.000000
204 1388 704 51 1 0 1 1 1 -1 5.213268 -1.000000
205 1394 704 51 1 0 1 1 1 -1 4.913577 -1.000000
206 1397 704 51 1 0 1 1 1 -1 -1.000000 -1.000000
207 1410 704 51 1 0 1 1 1 -1 4.836743 -1.000000
208 1398 694 51 1 0 1 1 1 -1 5.134920 -1.000000
209 1401 697 51 1 0 1 1 1 -1 5.139016 -1.000000
210 1401 697 51 1 0 1 1 1 -1 5.083990 -1.000000
211 1401 697 51 1 0 1 1 1 -1 5.124411 -1.000000
212 1400 697 51 1 0 1 1 1 -1 5.112867 -1.000000
213 1401 698 51 1 0 1 1 1 -1 4.894038 -1.000000
214 1402 699 51 1 0 1 1 1 -1 -1.000000 -1.000000
215 1403 699 51 1 0 1 1 1 -1 -1.000000 -1.000000
216 1397 692 51 1 0 1 1 1 -1 5.105601 -1.000000
217 1397 692 51 1 0 1 1 1 -1 5.016520 -1.000000
218 1387 693 51 1 0 1 1 1 -1 5.292970 -1.000000
219 1392 694 51 1 0 1 1 1 -1 5.172978 -1.000000
220 1404 697 51 1 0 1 1 1 -1 -1.000000 -1.000000
221 1406 689 51 1 0 1 1 1 -1 4.746859 -1.000000
222 1407 693 51 1 0 1 1 1 -1 4.547240 -1.000000
223 1409 692 51 1 0 1 1 1 -1 4.925869 -1.000000
224 1398 691 51 1 0 1 1 1 -1 4.999964 -1.000000
225 1398 692 51 1 0 1 1 1 -1 4.998062 -1.000000
226 1398 692 51 1 0 1 1 1 -1 4.983335 -1.000000
227 1398 692 51 1 0 1 1 1 -1 5.133379 -1.000000
228 1398 692 51 1 0 1 1 1 -1 4.928155 -1.000000
229 1402 692 51 1 0 1 1 1 -1 4.615135 -1.000000
230 1408 692 51 1 0 1 1 1 -1 4.508175 -1.000000
231 1410 694 51 1 0 1 1 1 -1 4.438729 -1.000000
232 1402 690 51 1 0 1 1 1 -1 4.725545 -1.000000
232 1005 1015 57 1 10 1 1 1 -1 4.355107 -1.000000
233 1398 689 53 1 0 1 1 1 -1 4.856216 -1.000000
233 1018 971 57 1 10 1 1 1 -1 4.312637 -1.000000
234 1392 686 53 1 0 1 1 1 -1 4.739227 -1.000000
234 1031 923 53 1 10 1 1 1 -1 4.176831 -1.000000
235 1392 686 53 1 0 1 1 1 -1 5.029655 -1.000000
235 813 779 132 0 -1 1 1 1 -1 -1.000000 -1.000000
235 1026 889 53 1 10 1 1 1 -1 4.367347 -1.000000
236 1392 686 61 1 0 1 1 1 -1 4.829097 -1.000000
236 1062 865 53 1 10 1 1 1 -1 4.327593 -1.000000
237 1396 688 63 1 0 1 1 1 -1 4.840712 -1.000000
237 1107 833 53 1 10 1 1 1 -1 4.155304 -1.000000
238 1398 688 63 1 0 1 1 1 -1 4.834361 -1.000000
238 1110 831 53 1 10 1 1 1 -1 4.218043 -1.000000
239 1398 688 63 1 0 1 1 1 -1 4.839898 -1.000000
239 1102 831 53 1 10 1 1 1 -1 4.328913 -1.000000
240 1398 688 63 1 0 1 1 1 -1 4.750107 -1.000000
240 1101 808 53 1 10 1 1 1 -1 4.290002 -1.000000
241 1397 684 63 1 0 1 1 1 -1 4.642881 -1.000000
241 1100 793 53 1 10 1 1 1 -1 4.223470 -1.000000
242 1398 683 60 1 0 1 1 1 -1 4.834231 -1.000000
242 1101 786 49 1 10 1 1 1 -1 4.092139 -1.000000
243 1407 684 60 1 0 1 1 1 -1 4.572288 -1.000000
243 1097 802 49 1 10 1 1 1 -1 4.007277 -1.000000
244 1411 684 60 1 0 1 1 1 -1 4.423118 -1.000000
244 1087 825 49 1 10 1 1 1 -1 4.029335 -1.000000
245 1414 676 60 1 0 1 1 1 -1 4.356903 -1.000000
245 1074 862 49 1 10 1 1 1 -1 4.190446 -1.000000
246 1414 676 60 1 0 1 1 1 -1 4.495019 -1.000000
246 1053 878 49 1 10 1 1 1 -1 4.480993 -1.000000
247 1408 684 60 1 0 1 1 1 -1 4.480168 -1.000000
247 1040 875 49 1 10 1 1 1 -1 4.569733 -1.000000
248 1411 683 60 1 0 1 1 1 -1 4.601732 -1.000000
248 1061 850 49 1 10 1 1 1 -1 4.441153 -1.000000
249 1406 679 58 1 0 1 1 1 -1 4.682497 -1.000000
249 1082 828 49 1 10 1 1 1 -1 4.330389 -1.000000
250 1396 676 58 1 0 1 1 1 -1 4.682695 -1.000000
250 1081 795 49 1 10 1 1 1 -1 4.281766 -1.000000
251 1397 676 58 1 0 1 1 1 -1 4.679828 -1.000000
251 1053 765 49 1 10 1 1 1 -1 4.304757 -1.000000
252 1401 676 58 1 0 1 1 1 -1 4.644312 -1.000000
253 1409 673 58 1 0 1 1 1 -1 4.475644 -1.000000
253 1022 702 44 1 10 1 1 1 -1 4.336606 -1.000000
254 1408 674 58 1 0 1 1 1 -1 4.596778 -1.000000
254 1041 661 44 1 10 1 1 1 -1 4.231199 -1.000000
255 1409 673 58 1 0 1 1 1 -1 4.548358 -1.000000
255 1053 649 44 1 10 1 1 1 -1 4.221962 -1.000000
256 1409 673 58 1 0 1 1 1 -1 4.685276 -1.000000
256 1040 628 44 1 10 1 1 1 -1 4.327012 -1.000000
257 1408 673 58 1 0 1 1 1 -1 4.561813 -1.000000
257 1030 611 44 1 10 1 1 1 -1 4.393597 -1.000000
258 1397 681 57 1 -1 1 1 1 -1 4.599661 -1.000000
258 1030 581 44 1 10 1 1 1 -1 4.459495 -1.000000
259 1404 680 58 1 0 1 1 1 -1 4.745381 -1.000000
259 1037 551 44 1 10 1 1 1 -1 4.266283 -1.000000
260 1405 677 58 1 0 1 1 1 -1 4.782742 -1.000000
260 1047 522 44 1 10 1 1 1 -1 4.039356 -1.000000
261 1405 677 58 1 0 1 1 1 -1 4.799417 -1.000000
261 1042 505 44 1 10 1 1 1 -1 4.183358 -1.000000
262 1405 677 58 1 0 1 1 1 -1 4.849569 -1.000000
262 1039 488 44 1 10 1 1 1 -1 4.132386 -1.000000
263 1405 677 58 1 0 1 1 1 -1 4.856171 -1.000000
263 1036 485 44 1 10 1 1 1 -1 4.032368 -1.000000
264 1405 677 58 1 0 1 1 1 -1 4.846794 -1.000000
264 1036 484 44 1 10 1 1 1 -1 3.844253 -1.000000
265 1405 678 58 1 0 1 1 1 -1 4.755438 -1.000000
265 1033 473 44 1 10 1 1 1 -1 3.700838 -1.000000
266 1406 679 58 1 0 1 1 1 -1 4.712389 -1.000000
266 1021 470 44 1 10 1 1 1 -1 3.942374 -1.000000
267 1406 679 58 1 0 1 1 1 -1 4.724473 -1.000000
267 1021 470 44 1 10 1 1 1 -1 3.883116 -1.000000
268 1406 679 58 1 0 1 1 1 -1 4.680048 -1.000000
268 1020 471 44 1 10 1 1 1 -1 3.922113 -1.000000
269 1406 679 58 1 0 1 1 1 -1 4.551263 -1.000000
269 1005 459 44 1 10 1 1 1 -1 3.840996 -1.000000
270 1408 678 58 1 0 1 1 1 -1 4.458527 -1.000000
270 984 444 44 1 10 1 1 1 -1 4.248741 -1.000000
271 1414 669 58 1 0 1 1 1 -1 4.601731 -1.000000
271 984 444 44 1 10 1 1 1 -1 -1.000000 -1.000000
272 1414 669 58 1 0 1 1 1 -1 4.558909 -1.000000
272 983 442 50 1 10 1 1 1 -1 3.684544 -1.000000
273 1412 659 58 1 0 1 1 1 -1 4.543618 -1.000000
273 987 436 50 1 10 1 1 1 -1 3.660738 -1.000000
274 1405 662 58 1 0 1 1 1 -1 4.478163 -1.000000
274 987 439 50 1 10 1 1 1 -1 3.409503 -1.000000
275 1405 657 58 1 0 1 1 1 -1 4.472532 -1.000000
275 976 435 50 1 10 1 1 1 -1 3.262026 -1.000000
276 1407 642 58 1 0 1 1 1 -1 4.462188 -1.000000
276 979 432 50 1 10 1 1 1 -1 -1.000000 -1.000000
277 1407 642 58 1 0 1 1 1 -1 4.430818 -1.000000
277 979 432 50 1 10 1 1 1 -1 -1.000000 -1.000000
278 1406 633 58 1 0 1 1 1 -1 4.385688 -1.000000
278 989 430 46 1 10 1 1 1 -1 -1.000000 -1.000000
279 1406 625 58 1 0 1 1 1 -1 4.334775 -1.000000
279 994 425 46 1 10 1 1 1 -1 -1.000000 -1.000000
280 1404 620 58 1 0 1 1 1 -1 4.382018 -1.000000
280 994 425 46 1 10 1 1 1 -1 -1.000000 -1.000000
280 1483 947 51 1 17 1 1 1 -1 -1.000000 -1.000000
281 1401 607 58 1 0 1 1 1 -1 4.373870 -1.000000
281 994 425 46 1 10 1 1 1 -1 -1.000000 -1.000000
281 1481 941 51 1 17 1 1 1 -1 -1.000000 -1.000000
282 1396 596 58 1 0 1 1 1 -1 4.328274 -1.000000
282 994 426 46 1 10 1 1 1 -1 -1.000000 -1.000000
282 1472 930 51 1 17 1 1 1 -1 -1.000000 -1.000000
283 1393 589 58 1 0 1 1 1 -1 4.303823 -1.000000
283 1098 414 40 1 5 1 1 1 -1 -1.000000 -1.000000
283 994 425 46 1 10 1 1 1 -1 -1.000000 -1.000000
283 1461 920 53 1 17 1 1 1 -1 -1.000000 -1.000000
284 1385 580 58 1 0 1 1 1 -1 4.328674 -1.000000
284 1093 412 40 1 5 1 1 1 -1 -1.000000 -1.000000
284 994 425 46 1 10 1 1 1 -1 -1.000000 -1.000000
284 1464 921 57 1 17 1 1 1 -1 -1.000000 -1.000000
285 1388 574 58 1 0 1 1 1 -1 4.329191 -1.000000
285 1100 412 40 1 5 1 1 1 -1 -1.000000 -1.000000
285 994 425 46 1 10 1 1 1 -1 -1.000000 -1.000000
285 1459 912 57 1 17 1 1 1 -1 -1.000000 -1.000000
286 1382 566 58 1 0 1 1 1 -1 4.266734 -1.000000
286 1098 413 40 1 5 1 1 1 -1 -1.000000 -1.000000
286 1001 425 46 1 10 1 1 1 -1 -1.000000 -1.000000
286 1454 904 57 1 17 1 1 1 -1 -1.000000 -1.000000
287 1382 561 58 1 0 1 1 1 -1 4.293863 -1.000000
287 1097 414 40 1 5 1 1 1 -1 -1.000000 -1.000000
287 1003 422 46 1 10 1 1 1 -1 -1.000000 -1.000000
287 1451 894 57 1 17 1 1 1 -1 -1.000000 -1.000000
288 1379 552 58 1 0 1 1 1 -1 4.312367 -1.000000
288 1097 414 40 1 5 1 1 1 -1 -1.000000 -1.000000
288 1011 418 46 1 10 1 1 1 -1 -1.000000 -1.000000
288 1448 887 57 1 17 1 1 1 -1 -1.000000 -1.000000
289 1377 542 62 1 0 1 1 1 -1 4.244626 -1.000000
289 1443 879 57 1 17 1 1 1 -1 -1.000000 -1.000000
290 1377 533 62 1 0 1 1 1 -1 4.209818 -1.000000
290 1034 412 46 1 10 1 1 1 -1 -1.000000 -1.000000
290 1443 873 57 1 17 1 1 1 -1 -1.000000 -1.000000
291 1366 524 62 1 0 1 1 1 -1 4.220178 -1.000000
291 1037 421 46 1 10 1 1 1 -1 -1.000000 -1.000000
291 1438 866 57 1 17 1 1 1 -1 -1.000000 -1.000000
292 1373 513 62 1 0 1 1 1 -1 4.170390 -1.000000
292 1038 410 46 1 10 1 1 1 -1 -1.000000 -1.000000
292 1436 855 57 1 17 1 1 1 -1 -1.000000 -1.000000
293 1362 504 62 1 0 1 1 1 -1 4.134487 -1.000000
293 1038 412 46 1 10 1 1 1 -1 -1.000000 -1.000000
293 1441 860 57 1 17 1 1 1 -1 -1.000000 -1.000000
294 1361 492 62 1 0 1 1 1 -1 4.198469 -1.000000
294 1043 412 46 1 10 1 1 1 -1 -1.000000 -1.000000
294 1434 852 57 1 17 1 1 1 -1 -1.000000 -1.000000
295 1347 484 62 1 0 1 1 1 -1 4.359019 -1.000000
295 1436 854 57 1 17 1 1 1 -1 -1.000000 -1.000000
296 1356 478 62 1 0 1 1 1 -1 4.384349 -1.000000
296 1436 864 53 1 17 1 1 1 -1 -1.000000 -1.000000
297 1344 469 62 1 0 1 1 1 -1 4.311595 -1.000000
297 1441 890 53 1 17 1 1 1 -1 -1.000000 -1.000000
298 1343 462 62 1 0 1 1 1 -1 4.297004 -1.000000
298 1451 911 53 1 17 1 1 1 -1 -1.000000 -1.000000
299 1342 448 62 1 0 1 1 1 -1 4.224873 -1.000000
299 1448 909 53 1 17 1 1 1 -1 -1.000000 -1.000000
300 1328 441 62 1 0 1 1 1 -1 4.215966 -1.000000
300 1449 906 53 1 17 1 1 1 -1 -1.000000 -1.000000
301 1326 429 62 1 0 1 1 1 -1 4.301162 -1.000000
301 1448 898 53 1 17 1 1 1 -1 -1.000000 -1.000000
302 1327 428 62 1 0 1 1 1 -1 4.291399 -1.000000
302 1453 904 53 1 17 1 1 1 -1 -1.000000 -1.000000
303 1327 420 62 1 0 1 1 1 -1 4.362996 -1.000000
303 1456 903 53 1 17 1 1 1 -1 -1.000000 -1.000000
304 1325 410 62 1 0 1 1 1 -1 4.336061 -1.000000
304 1456 897 53 1 17 1 1 1 -1 -1.000000 -1.000000
305 1321 397 62 1 0 1 1 1 -1 4.295808 -1.000000
305 1454 895 53 1 17 1 1 1 -1 -1.000000 -1.000000
306 1312 394 62 1 0 1 1 1 -1 4.228942 -1.000000
306 1453 900 53 1 17 1 1 1 -1 -1.000000 -1.000000
307 1312 394 62 1 0 1 1 1 -1 4.415024 -1.000000
307 1445 895 53 1 17 1 1 1 -1 -1.000000 -1.000000
308 1312 387 62 1 0 1 1 1 -1 4.494657 -1.000000
308 1445 889 53 1 17 1 1 1 -1 -1.000000 -1.000000
309 1313 392 62 1 0 1 1 1 -1 4.407668 -1.000000
309 1443 886 53 1 17 1 1 1 -1 -1.000000 -1.000000
310 1314 392 62 1 0 1 1 1 -1 4.404030 -1.000000
310 1443 879 53 1 17 1 1 1 -1 -1.000000 -1.000000
311 1314 379 62 1 0 1 1 1 -1 4.477490 -1.000000
311 1437 871 53 1 17 1 1 1 -1 -1.000000 -1.000000
312 1310 372 62 1 0 1 1 1 -1 4.450675 -1.000000
312 1430 872 53 1 17 1 1 1 -1 -1.000000 -1.000000
313 1307 372 62 1 0 1 1 1 -1 4.328988 -1.000000
313 1427 870 51 1 17 1 1 1 -1 -1.000000 -1.000000
314 1300 372 62 1 0 1 1 1 -1 4.367088 -1.000000
314 1423 865 51 1 17 1 1 1 -1 -1.000000 -1.000000
315 1300 363 62 1 0 1 1 1 -1 -1.000000 -1.000000
315 1423 860 51 1 17 1 1 1 -1 -1.000000 -1.000000
316 1296 350 62 1 0 1 1 1 -1 -1.000000 -1.000000
316 1420 862 51 1 17 1 1 1 -1 -1.000000 -1.000000
317 1296 346 62 1 0 1 1 1 -1 -1.000000 -1.000000
317 1415 859 51 1 17 1 1 1 -1 -1.000000 -1.000000
318 1418 860 51 1 17 1 1 1 -1 -1.000000 -1.000000
319 1415 856 51 1 17 1 1 1 -1 -1.000000 -1.000000
320 1419 853 51 1 17 1 1 1 -1 -1.000000 -1.000000
321 1413 845 51 1 17 1 1 1 -1 -1.000000 -1.000000
322 1408 844 51 1 17 1 1 1 -1 -1.000000 -1.000000
323 1401 835 51 1 17 1 1 1 -1 -1.000000 -1.000000
324 1413 838 51 1 17 1 1 1 -1 -1.000000 -1.000000
325 1407 837 51 1 17 1 1 1 -1 -1.000000 -1.000000
326 1400 828 51 1 17 1 1 1 -1 -1.000000 -1.000000
326 1069 405 47 1 18 1 1 1 -1 -1.000000 -1.000000
327 1398 824 51 1 17 1 1 1 -1 -1.000000 -1.000000
327 1069 405 47 1 18 1 1 1 -1 -1.000000 -1.000000
328 1396 817 51 1 17 1 1 1 -1 -1.000000 -1.000000
328 1069 405 47 1 18 1 1 1 -1 -1.000000 -1.000000
329 1385 799 51 1 17 1 1 1 -1 -1.000000 -1.000000
329 1069 405 47 1 18 1 1 1 -1 -1.000000 -1.000000
330 1384 793 51 1 17 1 1 1 -1 -1.000000 -1.000000
330 1069 405 47 1 18 1 1 1 -1 -1.000000 -1.000000
331 1383 784 51 1 17 1 1 1 -1 -1.000000 -1.000000
331 1071 405 47 1 18 1 1 1 -1 -1.000000 -1.000000
332 1379 781 51 1 17 1 1 1 -1 -1.000000 -1.000000
332 1071 405 47 1 18 1 1 1 -1 -1.000000 -1.000000
333 1376 776 51 1 17 1 1 1 -1 -1.000000 -1.000000
333 1072 411 47 1 18 1 1 1 -1 -1.000000 -1.000000
334 1369 765 51 1 17 1 1 1 -1 -1.000000 -1.000000
334 1072 410 47 1 18 1 1 1 -1 -1.000000 -1.000000
335 1371 758 51 1 17 1 1 1 -1 -1.000000 -1.000000
335 1077 400 47 1 18 1 1 1 -1 -1.000000 -1.000000
336 1366 744 51 1 17 1 1 1 -1 -1.000000 -1.000000
336 1073 400 47 1 18 1 1 1 -1 -1.000000 -1.000000
337 1370 738 51 1 17 1 1 1 -1 -1.000000 -1.000000
337 1074 399 47 1 18 1 1 1 -1 -1.000000 -1.000000
338 1365 727 51 1 17 1 1 1 -1 -1.000000 -1.000000
338 1068 399 47 1 18 1 1 1 -1 -1.000000 -1.000000
339 1360 710 51 1 17 1 1 1 -1 -1.000000 -1.000000
339 1064 399 47 1 18 1 1 1 -1 -1.000000 -1.000000
340 1358 695 51 1 17 1 1 1 -1 -1.000000 -1.000000
340 1062 400 47 1 18 1 1 1 -1 -1.000000 -1.000000
341 1348 690 51 1 17 1 1 1 -1 -1.000000 -1.000000
341 1059 400 47 1 18 1 1 1 -1 -1.000000 -1.000000
342 1348 674 51 1 17 1 1 1 -1 -1.000000 -1.000000
342 1051 400 47 1 18 1 1 1 -1 -1.000000 -1.000000
343 1340 663 51 1 17 1 1 1 -1 -1.000000 -1.000000
343 1052 403 47 1 18 1 1 1 -1 -1.000000 -1.000000
344 1330 648 51 1 17 1 1 1 -1 -1.000000 -1.000000
344 1052 403 47 1 18 1 1 1 -1 -1.000000 -1.000000
345 1323 638 51 1 17 1 1 1 -1 -1.000000 -1.000000
345 1053 409 47 1 18 1 1 1 -1 -1.000000 -1.000000
346 1318 630 51 1 17 1 1 1 -1 -1.000000 -1.000000
346 1046 411 47 1 18 1 1 1 -1 -1.000000 -1.000000
347 1316 617 53 1 17 1 1 1 -1 -1.000000 -1.000000
347 1046 411 47 1 18 1 1 1 -1 -1.000000 -1.000000
348 1303 606 53 1 17 1 1 1 -1 -1.000000 -1.000000
348 1045 412 47 1 18 1 1 1 -1 -1.000000 -1.000000
349 1299 592 53 1 17 1 1 1 -1 -1.000000 -1.000000
349 1039 413 47 1 18 1 1 1 -1 -1.000000 -1.000000
350 1289 581 53 1 17 1 1 1 -1 -1.000000 -1.000000
350 1039 413 47 1 18 1 1 1 -1 -1.000000 -1.000000
351 1289 571 53 1 17 1 1 1 -1 -1.000000 -1.000000
351 1039 413 47 1 18 1 1 1 -1 -1.000000 -1.000000
352 1283 559 53 1 17 1 1 1 -1 -1.000000 -1.000000
352 1039 413 47 1 18 1 1 1 -1 -1.000000 -1.000000
353 1272 545 53 1 17 1 1 1 -1 -1.000000 -1.000000
353 1038 413 47 1 18 1 1 1 -1 -1.000000 -1.000000
354 1269 533 53 1 17 1 1 1 -1 -1.000000 -1.000000
354 1042 413 47 1 18 1 1 1 -1 -1.000000 -1.000000
355 1259 521 53 1 17 1 1 1 -1 -1.000000 -1.000000
355 1042 413 47 1 18 1 1 1 -1 -1.000000 -1.000000
356 1249 512 53 1 17 1 1 1 -1 -1.000000 -1.000000
356 1042 413 47 1 18 1 1 1 -1 -1.000000 -1.000000
357 1245 509 53 1 17 1 1 1 -1 -1.000000 -1.000000
357 1042 413 47 1 18 1 1 1 -1 -1.000000 -1.000000
358 1240 495 53 1 17 1 1 1 -1 -1.000000 -1.000000
358 1043 414 47 1 18 1 1 1 -1 -1.000000 -1.000000
359 1234 476 53 1 17 1 1 1 -1 -1.000000 -1.000000
359 1041 415 47 1 18 1 1 1 -1 -1.000000 -1.000000
360 1227 467 53 1 17 1 1 1 -1 -1.000000 -1.000000
360 1041 415 47 1 18 1 1 1 -1 -1.000000 -1.000000
361 1225 460 53 1 17 1 1 1 -1 -1.000000 -1.000000
361 1041 415 47 1 18 1 1 1 -1 -1.000000 -1.000000
362 1219 452 53 1 17 1 1 1 -1 -1.000000 -1.000000
362 1041 415 47 1 18 1 1 1 -1 -1.000000 -1.000000
363 1214 445 53 1 17 1 1 1 -1 -1.000000 -1.000000
363 1042 413 47 1 18 1 1 1 -1 -1.000000 -1.000000
364 1046 412 47 1 18 1 1 1 -1 -1.000000 -1.000000
365 1046 412 47 1 18 1 1 1 -1 -1.000000 -1.000000
366 1036 409 47 1 18 1 1 1 -1 -1.000000 -1.000000
367 1036 409 47 1 18 1 1 1 -1 -1.000000 -1.000000
368 1036 409 47 1 18 1 1 1 -1 -1.000000 -1.000000
369 1036 409 47 1 18 1 1 1 -1 -1.000000 -1.000000
370 1036 409 47 1 18 1 1 1 -1 -1.000000 -1.000000
371 1035 408 47 1 18 1 1 1 -1 -1.000000 -1.000000
372 1038 409 47 1 18 1 1 1 -1 -1.000000 -1.000000
373 1038 409 47 1 18 1 1 1 -1 -1.000000 -1.000000
374 996 453 34 1 5 1 1 1 -1 -1.000000 -1.000000
374 1182 385 48 1 17 1 1 1 -1 -1.000000 -1.000000
374 1035 409 47 1 18 1 1 1 -1 -1.000000 -1.000000
375 1033 412 47 1 18 1 1 1 -1 -1.000000 -1.000000
376 1172 364 48 1 17 1 1 1 -1 -1.000000 -1.000000
376 1029 413 47 1 18 1 1 1 -1 -1.000000 -1.000000
377 1176 364 48 1 17 1 1 1 -1 -1.000000 -1.000000
377 1027 414 47 1 18 1 1 1 -1 -1.000000 -1.000000
378 1184 362 40 1 17 1 1 1 -1 -1.000000 -1.000000
378 1026 414 47 1 18 1 1 1 -1 -1.000000 -1.000000
379 1182 358 40 1 17 1 1 1 -1 -1.000000 -1.000000
379 1023 413 47 1 18 1 1 1 -1 -1.000000 -1.000000
380 1184 357 40 1 17 1 1 1 -1 -1.000000 -1.000000
380 1016 416 47 1 18 1 1 1 -1 -1.000000 -1.000000
381 1183 360 40 1 17 1 1 1 -1 -1.000000 -1.000000
381 1013 422 47 1 18 1 1 1 -1 -1.000000 -1.000000
382 1184 360 40 1 17 1 1 1 -1 -1.000000 -1.000000
382 1013 422 47 1 18 1 1 1 -1 -1.000000 -1.000000
383 1187 358 40 1 17 1 1 1 -1 -1.000000 -1.000000
383 1010 418 47 1 18 1 1 1 -1 -1.000000 -1.000000
384 1192 366 49 1 17 1 1 1 -1 -1.000000 -1.000000
384 998 425 47 1 18 1 1 1 -1 -1.000000 -1.000000
385 1193 366 49 1 17 1 1 1 -1 -1.000000 -1.000000
385 998 426 47 1 18 1 1 1 -1 -1.000000 -1.000000
386 1190 364 49 1 17 1 1 1 -1 -1.000000 -1.000000
386 996 418 47 1 18 1 1 1 -1 -1.000000 -1.000000
387 1190 363 49 1 17 1 1 1 -1 -1.000000 -1.000000
387 988 422 47 1 18 1 1 1 -1 -1.000000 -1.000000
388 1189 363 49 1 17 1 1 1 -1 -1.000000 -1.000000
388 981 424 47 1 18 1 1 1 -1 -1.000000 -1.000000
389 1195 357 49 1 17 1 1 1 -1 -1.000000 -1.000000
389 974 426 47 1 18 1 1 1 -1 -1.000000 -1.000000
390 1204 357 49 1 17 1 1 1 -1 -1.000000 -1.000000
390 974 426 47 1 18 1 1 1 -1 -1.000000 -1.000000
391 1204 354 49 1 17 1 1 1 -1 -1.000000 -1.000000
391 974 427 47 1 18 1 1 1 -1 -1.000000 -1.000000
392 1209 352 49 1 17 1 1 1 -1 -1.000000 -1.000000
392 970 427 47 1 18 1 1 1 -1 -1.000000 -1.000000
393 1217 352 49 1 17 1 1 1 -1 -1.000000 -1.000000
393 957 426 47 1 18 1 1 1 -1 -1.000000 -1.000000
394 1226 348 55 1 17 1 1 1 -1 -1.000000 -1.000000
394 950 426 47 1 18 1 1 1 -1 -1.000000 -1.000000
395 1247 340 55 1 17 1 1 1 -1 -1.000000 -1.000000
395 950 426 47 1 18 1 1 1 -1 -1.000000 -1.000000
396 1253 337 55 1 17 1 1 1 -1 -1.000000 -1.000000
396 954 425 47 1 18 1 1 1 -1 -1.000000 -1.000000
397 1254 336 55 1 17 1 1 1 -1 -1.000000 -1.000000
397 959 424 47 1 18 1 1 1 -1 -1.000000 -1.000000
398 1259 337 55 1 17 1 1 1 -1 -1.000000 -1.000000
398 960 424 47 1 18 1 1 1 -1 -1.000000 -1.000000
399 1264 333 55 1 17 1 1 1 -1 -1.000000 -1.000000
399 960 424 47 1 18 1 1 1 -1 -1.000000 -1.000000
400 1273 328 55 1 17 1 1 1 -1 -1.000000 -1.000000
400 954 422 47 1 18 1 1 1 -1 -1.000000 -1.000000
401 1284 322 55 1 17 1 1 1 -1 -1.000000 -1.000000
401 946 422 43 1 18 1 1 1 -1 -1.000000 -1.000000
402 1301 318 55 1 17 1 1 1 -1 -1.000000 -1.000000
402 951 425 43 1 18 1 1 1 -1 -1.000000 -1.000000
403 1308 311 55 1 17 1 1 1 -1 -1.000000 -1.000000
403 943 432 42 1 18 1 1 1 -1 -1.000000 -1.000000
404 1309 311 55 1 17 1 1 1 -1 -1.000000 -1.000000
404 944 433 42 1 18 1 1 1 -1 -1.000000 -1.000000
405 942 434 42 1 18 1 1 1 -1 -1.000000 -1.000000
406 932 436 42 1 18 1 1 1 -1 -1.000000 -1.000000
407 930 437 42 1 18 1 1 1 -1 -1.000000 -1.000000
408 927 438 42 1 18 1 1 1 -1 -1.000000 -1.000000
409 1329 299 55 1 17 1 1 1 -1 -1.000000 -1.000000
409 927 438 42 1 18 1 1 1 -1 -1.000000 -1.000000
410 1332 308 57 1 17 1 1 1 -1 -1.000000 -1.000000
410 927 438 42 1 18 1 1 1 -1 -1.000000 -1.000000
411 1335 310 57 1 17 1 1 1 -1 -1.000000 -1.000000
411 927 438 42 1 18 1 1 1 -1 -1.000000 -1.000000
412 1328 315 57 1 17 1 1 1 -1 -1.000000 -1.000000
412 927 438 42 1 18 1 1 1 -1 -1.000000 -1.000000
413 1328 317 60 1 17 1 1 1 -1 -1.000000 -1.000000
413 927 438 42 1 18 1 1 1 -1 -1.000000 -1.000000
414 1326 311 60 1 17 1 1 1 -1 -1.000000 -1.000000
414 926 439 42 1 18 1 1 1 -1 -1.000000 -1.000000
415 1317 313 64 1 17 1 1 1 -1 -1.000000 -1.000000
415 926 439 42 1 18 1 1 1 -1 -1.000000 -1.000000
416 1321 316 64 1 17 1 1 1 -1 -1.000000 -1.000000
416 926 439 42 1 18 1 1 1 -1 -1.000000 -1.000000
417 1321 316 64 1 17 1 1 1 -1 -1.000000 -1.000000
417 926 439 42 1 18 1 1 1 -1 -1.000000 -1.000000
418 1321 316 64 1 17 1 1 1 -1 -1.000000 -1.000000
418 926 439 42 1 18 1 1 1 -1 -1.000000 -1.000000
419 1327 321 64 1 17 1 1 1 -1 -1.000000 -1.000000
419 926 439 42 1 18 1 1 1 -1 -1.000000 -1.000000
420 1328 329 68 1 17 1 1 1 -1 -1.000000 -1.000000
420 926 439 42 1 18 1 1 1 -1 -1.000000 -1.000000
421 1337 330 68 1 17 1 1 1 -1 -1.000000 -1.000000
421 926 439 42 1 18 1 1 1 -1 -1.000000 -1.000000
422 1339 323 68 1 17 1 1 1 -1 -1.000000 -1.000000
422 926 439 42 1 18 1 1 1 -1 -1.000000 -1.000000
423 1348 323 68 1 17 1 1 1 -1 -1.000000 -1.000000
423 926 439 42 1 18 1 1 1 -1 -1.000000 -1.000000
424 1369 318 68 1 17 1 1 1 -1 -1.000000 -1.000000
424 926 439 42 1 18 1 1 1 -1 -1.000000 -1.000000
425 1383 335 68 1 17 1 1 1 -1 -1.000000 -1.000000
425 926 439 42 1 18 1 1 1 -1 -1.000000 -1.000000
426 1406 330 68 1 17 1 1 1 -1 -1.000000 -1.000000
426 927 440 42 1 18 1 1 1 -1 -1.000000 -1.000000
427 1410 330 68 1 17 1 1 1 -1 -1.000000 -1.000000
427 927 440 42 1 18 1 1 1 -1 -1.000000 -1.000000
428 1429 331 64 1 17 1 1 1 -1 -1.000000 -1.000000
428 927 440 42 1 18 1 1 1 -1 -1.000000 -1.000000
429 1422 328 60 1 17 1 1 1 -1 -1.000000 -1.000000
429 927 440 42 1 18 1 1 1 -1 -1.000000 -1.000000
430 1422 321 60 1 17 1 1 1 -1 -1.000000 -1.000000
430 925 440 42 1 18 1 1 1 -1 -1.000000 -1.000000
431 1424 324 54 1 17 1 1 1 -1 -1.000000 -1.000000
431 926 436 42 1 18 1 1 1 -1 -1.000000 -1.000000
432 1437 320 54 1 17 1 1 1 -1 -1.000000 -1.000000
432 926 436 46 1 18 1 1 1 -1 -1.000000 -1.000000
433 1440 317 54 1 17 1 1 1 -1 -1.000000 -1.000000
433 926 436 46 1 18 1 1 1 -1 -1.000000 -1.000000
434 1440 317 54 1 17 1 1 1 -1 -1.000000 -1.000000
434 926 436 46 1 18 1 1 1 -1 -1.000000 -1.000000
435 1441 314 54 1 17 1 1 1 -1 -1.000000 -1.000000
435 926 436 46 1 18 1 1 1 -1 -1.000000 -1.000000
436 1446 314 54 1 17 1 1 1 -1 -1.000000 -1.000000
436 928 435 46 1 18 1 1 1 -1 -1.000000 -1.000000
437 1461 311 54 1 17 1 1 1 -1 -1.000000 -1.000000
437 932 435 46 1 18 1 1 1 -1 -1.000000 -1.000000
438 1461 310 54 1 17 1 1 1 -1 -1.000000 -1.000000
438 932 435 46 1 18 1 1 1 -1 -1.000000 -1.000000
439 1459 309 54 1 17 1 1 1 -1 -1.000000 -1.000000
439 932 435 46 1 18 1 1 1 -1 -1.000000 -1.000000
440 1469 300 54 1 17 1 1 1 -1 -1.000000 -1.000000
440 934 436 46 1 18 1 1 1 -1 -1.000000 -1.000000
441 1475 303 54 1 17 1 1 1 -1 -1.000000 -1.000000
441 934 436 46 1 18 1 1 1 -1 -1.000000 -1.000000
442 1475 303 54 1 17 1 1 1 -1 -1.000000 -1.000000
442 936 433 46 1 18 1 1 1 -1 -1.000000 -1.000000
443 1475 303 54 1 17 1 1 1 -1 -1.000000 -1.000000
443 933 437 46 1 18 1 1 1 -1 -1.000000 -1.000000
444 1475 303 57 1 17 1 1 1 -1 -1.000000 -1.000000
444 934 439 49 1 18 1 1 1 -1 -1.000000 -1.000000
445 1484 295 57 1 17 1 1 1 -1 -1.000000 -1.000000
445 934 440 49 1 18 1 1 1 -1 -1.000000 -1.000000
446 1478 298 54 1 17 1 1 1 -1 -1.000000 -1.000000
446 927 440 49 1 18 1 1 1 -1 -1.000000 -1.000000
447 1481 297 54 1 17 1 1 1 -1 -1.000000 -1.000000
447 927 440 49 1 18 1 1 1 -1 -1.000000 -1.000000
448 1481 297 54 1 17 1 1 1 -1 -1.000000 -1.000000
448 927 440 49 1 18 1 1 1 -1 -1.000000 -1.000000
449 1494 296 54 1 17 1 1 1 -1 -1.000000 -1.000000
449 927 440 49 1 18 1 1 1 -1 -1.000000 -1.000000
450 1494 291 54 1 17 1 1 1 -1 -1.000000 -1.000000
450 927 440 49 1 18 1 1 1 -1 -1.000000 -1.000000
451 1509 292 54 1 17 1 1 1 -1 -1.000000 -1.000000
451 927 440 49 1 18 1 1 1 -1 -1.000000 -1.000000
452 1514 289 54 1 17 1 1 1 -1 -1.000000 -1.000000
452 933 441 49 1 18 1 1 1 -1 -1.000000 -1.000000
453 1521 283 54 1 17 1 1 1 -1 -1.000000 -1.000000
453 934 442 49 1 18 1 1 1 -1 -1.000000 -1.000000
454 1522 283 54 1 17 1 1 1 -1 -1.000000 -1.000000
454 937 442 49 1 18 1 1 1 -1 -1.000000 -1.000000
455 1535 280 54 1 17 1 1 1 -1 -1.000000 -1.000000
455 933 442 49 1 18 1 1 1 -1 -1.000000 -1.000000
456 1552 278 62 1 17 1 1 1 -1 -1.000000 -1.000000
456 931 441 49 1 18 1 1 1 -1 -1.000000 -1.000000
457 1554 278 66 1 17 1 1 1 -1 -1.000000 -1.000000
457 937 445 49 1 18 1 1 1 -1 -1.000000 -1.000000
458 1580 277 66 1 17 1 1 1 -1 -1.000000 -1.000000
458 937 445 49 1 18 1 1 1 -1 -1.000000 -1.000000
459 1585 275 66 1 17 1 1 1 -1 -1.000000 -1.000000
459 933 447 49 1 18 1 1 1 -1 -1.000000 -1.000000
460 1585 274 66 1 17 1 1 1 -1 -1.000000 -1.000000
460 927 448 49 1 18 1 1 1 -1 -1.000000 -1.000000
461 1602 269 66 1 17 1 1 1 -1 -1.000000 -1.000000
461 918 448 49 1 18 1 1 1 -1 -1.000000 -1.000000
462 1603 270 66 1 17 1 1 1 -1 -1.000000 -1.000000
462 918 448 49 1 18 1 1 1 -1 -1.000000 -1.000000
463 1625 264 66 1 17 1 1 1 -1 -1.000000 -1.000000
463 922 448 49 1 18 1 1 1 -1 -1.000000 -1.000000
464 1629 255 71 1 17 1 1 1 -1 -1.000000 -1.000000
464 922 448 49 1 18 1 1 1 -1 -1.000000 -1.000000
465 1636 254 75 1 17 1 1 1 -1 -1.000000 -1.000000
465 922 448 49 1 18 1 1 1 -1 -1.000000 -1.000000
466 1645 255 75 1 17 1 1 1 -1 -1.000000 -1.000000
466 923 448 49 1 18 1 1 1 -1 -1.000000 -1.000000
467 1662 250 78 1 17 1 1 1 -1 -1.000000 -1.000000
467 925 448 49 1 18 1 1 1 -1 -1.000000 -1.000000
468 1668 252 78 1 17 1 1 1 -1 -1.000000 -1.000000
468 923 448 49 1 18 1 1 1 -1 -1.000000 -1.000000
469 1669 247 78 1 17 1 1 1 -1 -1.000000 -1.000000
469 923 447 49 1 18 1 1 1 -1 -1.000000 -1.000000
470 1679 245 78 1 17 1 1 1 -1 -1.000000 -1.000000
470 923 447 49 1 18 1 1 1 -1 -1.000000 -1.000000
471 1691 235 78 1 17 1 1 1 -1 -1.000000 -1.000000
471 923 447 49 1 18 1 1 1 -1 -1.000000 -1.000000
472 1703 233 78 1 17 1 1 1 -1 -1.000000 -1.000000
472 923 447 49 1 18 1 1 1 -1 -1.000000 -1.000000
473 1710 223 78 1 17 1 1 1 -1 -1.000000 -1.000000
473 923 447 49 1 18 1 1 1 -1 -1.000000 -1.000000
474 1722 225 78 1 17 1 1 1 -1 -1.000000 -1.000000
474 923 447 49 1 18 1 1 1 -1 -1.000000 -1.000000
475 1725 228 78 1 17 1 1 1 -1 -1.000000 -1.000000
475 923 447 49 1 18 1 1 1 -1 -1.000000 -1.000000
476 1732 224 78 1 17 1 1 1 -1 -1.000000 -1.000000
476 923 447 49 1 18 1 1 1 -1 -1.000000 -1.000000
477 1732 223 78 1 17 1 1 1 -1 -1.000000 -1.000000
477 924 447 49 1 18 1 1 1 -1 -1.000000 -1.000000
478 1733 212 76 1 17 1 1 1 -1 -1.000000 -1.000000
478 929 447 49 1 18 1 1 1 -1 -1.000000 -1.000000
479 1734 213 76 1 17 1 1 1 -1 -1.000000 -1.000000
479 929 447 49 1 18 1 1 1 -1 -1.000000 -1.000000
480 1739 213 76 1 17 1 1 1 -1 -1.000000 -1.000000
480 929 447 49 1 18 1 1 1 -1 -1.000000 -1.000000
481 1735 211 76 1 17 1 1 1 -1 -1.000000 -1.000000
481 929 447 49 1 18 1 1 1 -1 -1.000000 -1.000000
482 1735 211 76 1 17 1 1 1 -1 -1.000000 -1.000000
482 929 447 49 1 18 1 1 1 -1 -1.000000 -1.000000
483 1730 209 76 1 17 1 1 1 -1 -1.000000 -1.000000
483 927 457 49 1 18 1 1 1 -1 -1.000000 -1.000000
484 1728 204 76 1 17 1 1 1 -1 -1.000000 -1.000000
484 927 457 49 1 18 1 1 1 -1 -1.000000 -1.000000
485 1728 204 76 1 17 1 1 1 -1 -1.000000 -1.000000
485 927 457 49 1 18 1 1 1 -1 -1.000000 -1.000000
486 1730 209 76 1 17 1 1 1 -1 -1.000000 -1.000000
486 927 457 49 1 18 1 1 1 -1 -1.000000 -1.000000
487 1733 215 76 1 17 1 1 1 -1 -1.000000 -1.000000
487 927 457 49 1 18 1 1 1 -1 -1.000000 -1.000000
488 1737 215 76 1 17 1 1 1 -1 -1.000000 -1.000000
488 927 457 49 1 18 1 1 1 -1 -1.000000 -1.000000
489 1728 214 76 1 17 1 1 1 -1 -1.000000 -1.000000
489 927 457 49 1 18 1 1 1 -1 -1.000000 -1.000000
490 1725 214 76 1 17 1 1 1 -1 -1.000000 -1.000000
490 927 457 49 1 18 1 1 1 -1 -1.000000 -1.000000
491 921 487 34 1 5 1 1 1 -1 3.145216 -1.000000
491 1725 214 76 1 17 1 1 1 -1 -1.000000 -1.000000
491 927 457 49 1 18 1 1 1 -1 -1.000000 -1.000000
492 915 487 34 1 5 1 1 1 -1 3.141593 -1.000000
492 1726 215 76 1 17 1 1 1 -1 -1.000000 -1.000000
492 927 457 49 1 18 1 1 1 -1 -1.000000 -1.000000
493 909 487 34 1 5 1 1 1 -1 3.134743 -1.000000
493 1727 215 76 1 17 1 1 1 -1 -1.000000 -1.000000
493 927 457 49 1 18 1 1 1 -1 -1.000000 -1.000000
494 909 487 34 1 5 1 1 1 -1 3.114480 -1.000000
494 1727 215 76 1 17 1 1 1 -1 -1.000000 -1.000000
494 927 457 49 1 18 1 1 1 -1 -1.000000 -1.000000
495 907 487 34 1 5 1 1 1 -1 3.078344 -1.000000
495 1727 215 76 1 17 1 1 1 -1 -1.000000 -1.000000
495 927 457 49 1 18 1 1 1 -1 -1.000000 -1.000000
496 903 486 34 1 5 1 1 1 -1 3.067405 -1.000000
496 1727 215 76 1 17 1 1 1 -1 -1.000000 -1.000000
496 927 457 49 1 18 1 1 1 -1 -1.000000 -1.000000
497 897 484 34 1 5 1 1 1 -1 3.035824 -1.000000
497 1728 215 76 1 17 1 1 1 -1 -1.000000 -1.000000
497 927 457 49 1 18 1 1 1 -1 -1.000000 -1.000000
498 898 489 34 1 5 1 1 1 -1 2.805625 -1.000000
498 1728 215 76 1 17 1 1 1 -1 -1.000000 -1.000000
498 927 457 49 1 18 1 1 1 -1 -1.000000 -1.000000
499 898 491 34 1 5 1 1 1 -1 -1.000000 -1.000000
499 1728 215 76 1 17 1 1 1 -1 -1.000000 -1.000000
499 927 457 49 1 18 1 1 1 -1 -1.000000 -1.000000
500 898 491 34 1 5 1 1 1 -1 -1.000000 -1.000000
500 1728 215 76 1 17 1 1 1 -1 -1.000000 -1.000000
500 927 457 49 1 18 1 1 1 -1 -1.000000 -1.000000
501 898 491 34 1 5 1 1 1 -1 -1.000000 -1.000000
501 1733 215 76 1 17 1 1 1 -1 -1.000000 -1.000000
501 927 457 49 1 18 1 1 1 -1 -1.000000 -1.000000
502 898 491 34 1 5 1 1 1 -1 -1.000000 -1.000000
502 1738 215 76 1 17 1 1 1 -1 -1.000000 -1.000000
502 927 457 49 1 18 1 1 1 -1 -1.000000 -1.000000
503 898 491 34 1 5 1 1 1 -1 -1.000000 -1.000000
503 1746 207 76 1 17 1 1 1 -1 -1.000000 -1.000000
503 927 457 49 1 18 1 1 1 -1 -1.000000 -1.000000
504 900 492 34 1 5 1 1 1 -1 -1.000000 -1.000000
504 1757 200 76 1 17 1 1 1 -1 -1.000000 -1.000000
504 929 460 49 1 18 1 1 1 -1 -1.000000 -1.000000
505 900 492 34 1 5 1 1 1 -1 -1.000000 -1.000000
505 1766 199 76 1 17 1 1 1 -1 -1.000000 -1.000000
505 929 462 49 1 18 1 1 1 -1 -1.000000 -1.000000
506 900 492 34 1 5 1 1 1 -1 -1.000000 -1.000000
506 1776 204 76 1 17 1 1 1 -1 -1.000000 -1.000000
506 929 462 49 1 18 1 1 1 -1 -1.000000 -1.000000
507 903 492 34 1 5 1 1 1 -1 -1.000000 -1.000000
507 1781 201 88 1 17 1 1 1 -1 -1.000000 -1.000000
507 929 463 49 1 18 1 1 1 -1 -1.000000 -1.000000
508 903 492 34 1 5 1 1 1 -1 -1.000000 -1.000000
508 1804 199 88 1 17 1 1 1 -1 -1.000000 -1.000000
508 929 463 49 1 18 1 1 1 -1 -1.000000 -1.000000
509 901 491 34 1 5 1 1 1 -1 -1.000000 -1.000000
509 1818 193 88 1 17 1 1 1 -1 -1.000000 -1.000000
509 929 463 49 1 18 1 1 1 -1 -1.000000 -1.000000
510 900 491 34 1 5 1 1 1 -1 -1.000000 -1.000000
510 1827 193 88 1 17 1 1 1 -1 -1.000000 -1.000000
510 929 463 49 1 18 1 1 1 -1 -1.000000 -1.000000
511 900 491 34 1 5 1 1 1 -1 -1.000000 -1.000000
511 1837 204 88 1 17 1 1 1 -1 -1.000000 -1.000000
511 929 463 49 1 18 1 1 1 -1 -1.000000 -1.000000
512 900 491 34 1 5 1 1 1 -1 2.815125 -1.000000
512 929 463 49 1 18 1 1 1 -1 -1.000000 -1.000000
513 895 491 34 1 5 1 1 1 -1 2.851191 -1.000000
513 929 463 49 1 18 1 1 1 -1 -1.000000 -1.000000
514 895 491 34 1 5 1 1 1 -1 -1.000000 -1.000000
514 929 463 49 1 18 1 1 1 -1 -1.000000 -1.000000
515 894 491 34 1 5 1 1 1 -1 -1.000000 -1.000000
515 929 463 49 1 18 1 1 1 -1 -1.000000 -1.000000
516 894 495 34 1 5 1 1 1 -1 -1.000000 -1.000000
516 929 463 49 1 18 1 1 1 -1 -1.000000 -1.000000
517 894 495 34 1 5 1 1 1 -1 -1.000000 -1.000000
517 929 463 49 1 18 1 1 1 -1 -1.000000 -1.000000
518 893 496 34 1 5 1 1 1 -1 -1.000000 -1.000000
518 929 463 49 1 18 1 1 1 -1 -1.000000 -1.000000
519 887 498 34 1 5 1 1 1 -1 -1.000000 -1.000000
519 929 463 49 1 18 1 1 1 -1 -1.000000 -1.000000
520 887 498 34 1 5 1 1 1 -1 -1.000000 -1.000000
520 929 465 49 1 18 1 1 1 -1 -1.000000 -1.000000
521 888 499 34 1 5 1 1 1 -1 -1.000000 -1.000000
521 929 465 49 1 18 1 1 1 -1 -1.000000 -1.000000
522 888 499 34 1 5 1 1 1 -1 -1.000000 -1.000000
522 929 465 49 1 18 1 1 1 -1 -1.000000 -1.000000
523 890 499 34 1 5 1 1 1 -1 -1.000000 -1.000000
523 929 465 49 1 18 1 1 1 -1 -1.000000 -1.000000
524 929 465 49 1 18 1 1 1 -1 -1.000000 -1.000000
525 929 465 49 1 18 1 1 1 -1 -1.000000 -1.000000
526 930 466 49 1 18 1 1 1 -1 -1.000000 -1.000000
527 928 465 49 1 18 1 1 1 -1 -1.000000 -1.000000
528 1829 228 95 1 17 1 1 1 -1 -1.000000 -1.000000
528 929 464 49 1 18 1 1 1 -1 -1.000000 -1.000000
529 1827 230 95 1 17 1 1 1 -1 -1.000000 -1.000000
529 928 465 49 1 18 1 1 1 -1 -1.000000 -1.000000
530 1814 230 95 1 17 1 1 1 -1 -1.000000 -1.000000
530 929 464 49 1 18 1 1 1 -1 -1.000000 -1.000000
531 1804 224 95 1 17 1 1 1 -1 -1.000000 -1.000000
531 929 464 49 1 18 1 1 1 -1 -1.000000 -1.000000
532 1796 230 86 1 17 1 1 1 -1 -1.000000 -1.000000
532 930 464 49 1 18 1 1 1 -1 -1.000000 -1.000000
533 1783 224 84 1 17 1 1 1 -1 -1.000000 -1.000000
533 931 464 49 1 18 1 1 1 -1 -1.000000 -1.000000
534 1769 233 84 1 17 1 1 1 -1 -1.000000 -1.000000
534 931 464 49 1 18 1 1 1 -1 -1.000000 -1.000000
535 1766 234 84 1 17 1 1 1 -1 -1.000000 -1.000000
535 930 462 49 1 18 1 1 1 -1 -1.000000 -1.000000
536 1751 238 84 1 17 1 1 1 -1 -1.000000 -1.000000
536 930 462 49 1 18 1 1 1 -1 -1.000000 -1.000000
537 1751 223 84 1 17 1 1 1 -1 -1.000000 -1.000000
537 930 462 49 1 18 1 1 1 -1 -1.000000 -1.000000
538 1742 224 84 1 17 1 1 1 -1 -1.000000 -1.000000
538 930 462 49 1 18 1 1 1 -1 -1.000000 -1.000000
539 1740 233 84 1 17 1 1 1 -1 -1.000000 -1.000000
539 930 462 49 1 18 1 1 1 -1 -1.000000 -1.000000
540 1736 240 84 1 17 1 1 1 -1 -1.000000 -1.000000
540 930 462 49 1 18 1 1 1 -1 -1.000000 -1.000000
541 901 506 34 1 5 1 1 1 -1 2.968732 -1.000000
541 1733 240 84 1 17 1 1 1 -1 -1.000000 -1.000000
541 930 462 49 1 18 1 1 1 -1 -1.000000 -1.000000
542 890 505 34 1 5 1 1 1 -1 3.014285 -1.000000
542 1739 241 84 1 17 1 1 1 -1 -1.000000 -1.000000
542 930 462 49 1 18 1 1 1 -1 -1.000000 -1.000000
543 896 507 34 1 5 1 1 1 -1 3.045504 -1.000000
543 1743 240 84 1 17 1 1 1 -1 -1.000000 -1.000000
543 934 462 49 1 18 1 1 1 -1 -1.000000 -1.000000
544 891 507 34 1 5 1 1 1 -1 3.087253 -1.000000
544 1743 240 84 1 17 1 1 1 -1 -1.000000 -1.000000
544 937 462 49 1 18 1 1 1 -1 -1.000000 -1.000000
545 891 507 34 1 5 1 1 1 -1 3.018809 -1.000000
545 1743 240 84 1 17 1 1 1 -1 -1.000000 -1.000000
545 937 462 49 1 18 1 1 1 -1 -1.000000 -1.000000
546 884 506 34 1 5 1 1 1 -1 2.974283 -1.000000
546 1743 240 84 1 17 1 1 1 -1 -1.000000 -1.000000
546 937 462 49 1 18 1 1 1 -1 -1.000000 -1.000000
547 884 506 34 1 5 1 1 1 -1 3.027200 -1.000000
547 1742 240 84 1 17 1 1 1 -1 -1.000000 -1.000000
547 938 462 49 1 18 1 1 1 -1 -1.000000 -1.000000
548 876 505 34 1 5 1 1 1 -1 3.076184 -1.000000
548 1727 251 84 1 17 1 1 1 -1 -1.000000 -1.000000
548 934 462 49 1 18 1 1 1 -1 -1.000000 -1.000000
549 876 505 34 1 5 1 1 1 -1 3.086330 -1.000000
549 1736 259 84 1 17 1 1 1 -1 -1.000000 -1.000000
549 943 462 49 1 18 1 1 1 -1 -1.000000 -1.000000
550 869 510 34 1 5 1 1 1 -1 3.085131 -1.000000
550 1733 268 84 1 17 1 1 1 -1 -1.000000 -1.000000
550 942 463 49 1 18 1 1 1 -1 -1.000000 -1.000000
551 869 511 34 1 5 1 1 1 -1 3.072139 -1.000000
551 1732 270 84 1 17 1 1 1 -1 -1.000000 -1.000000
551 940 463 49 1 18 1 1 1 -1 -1.000000 -1.000000
552 869 511 34 1 5 1 1 1 -1 3.118520 -1.000000
552 1733 286 84 1 17 1 1 1 -1 -1.000000 -1.000000
552 939 463 49 1 18 1 1 1 -1 -1.000000 -1.000000
553 869 511 34 1 5 1 1 1 -1 3.027441 -1.000000
553 1743 274 84 1 17 1 1 1 -1 -1.000000 -1.000000
553 936 469 49 1 18 1 1 1 -1 -1.000000 -1.000000
554 869 511 34 1 5 1 1 1 -1 2.989901 -1.000000
554 1743 273 84 1 17 1 1 1 -1 -1.000000 -1.000000
554 936 469 48 1 18 1 1 1 -1 -1.000000 -1.000000
555 869 511 34 1 5 1 1 1 -1 3.017237 -1.000000
555 1742 272 84 1 17 1 1 1 -1 -1.000000 -1.000000
555 936 469 48 1 18 1 1 1 -1 -1.000000 -1.000000
556 866 513 34 1 5 1 1 1 -1 3.071938 -1.000000
556 1738 272 84 1 17 1 1 1 -1 -1.000000 -1.000000
556 936 469 48 1 18 1 1 1 -1 -1.000000 -1.000000
557 869 513 34 1 5 1 1 1 -1 3.074026 -1.000000
557 1738 272 84 1 17 1 1 1 -1 -1.000000 -1.000000
557 936 469 48 1 18 1 1 1 -1 -1.000000 -1.000000
558 869 513 34 1 5 1 1 1 -1 3.074026 -1.000000
558 1725 263 84 1 17 1 1 1 -1 -1.000000 -1.000000
558 936 469 48 1 18 1 1 1 -1 -1.000000 -1.000000
559 863 512 34 1 5 1 1 1 -1 3.050244 -1.000000
559 1713 261 84 1 17 1 1 1 -1 -1.000000 -1.000000
559 936 469 48 1 18 1 1 1 -1 -1.000000 -1.000000
560 863 512 34 1 5 1 1 1 -1 -1.000000 -1.000000
560 1707 256 84 1 17 1 1 1 -1 -1.000000 -1.000000
560 933 471 48 1 18 1 1 1 -1 -1.000000 -1.000000
561 861 512 34 1 5 1 1 1 -1 -1.000000 -1.000000
561 1694 259 84 1 17 1 1 1 -1 -1.000000 -1.000000
561 932 471 48 1 18 1 1 1 -1 -1.000000 -1.000000
562 861 512 34 1 5 1 1 1 -1 -1.000000 -1.000000
562 1688 262 84 1 17 1 1 1 -1 -1.000000 -1.000000
562 926 471 48 1 18 1 1 1 -1 -1.000000 -1.000000
563 858 515 34 1 5 1 1 1 -1 -1.000000 -1.000000
563 1675 265 84 1 17 1 1 1 -1 -1.000000 -1.000000
563 926 471 48 1 18 1 1 1 -1 -1.000000 -1.000000
564 848 512 34 1 5 1 1 1 -1 3.109603 -1.000000
564 1666 266 86 1 17 1 1 1 -1 -1.000000 -1.000000
564 926 471 48 1 18 1 1 1 -1 -1.000000 -1.000000
565 852 514 34 1 5 1 1 1 -1 3.085651 -1.000000
565 1657 265 86 1 17 1 1 1 -1 -1.000000 -1.000000
565 924 471 48 1 18 1 1 1 -1 -1.000000 -1.000000
566 852 514 34 1 5 1 1 1 -1 3.077680 -1.000000
566 1655 272 86 1 17 1 1 1 -1 -1.000000 -1.000000
566 924 471 48 1 18 1 1 1 -1 -1.000000 -1.000000
567 856 517 34 1 5 1 1 1 -1 3.079174 -1.000000
567 1643 274 86 1 17 1 1 1 -1 -1.000000 -1.000000
567 924 471 48 1 18 1 1 1 -1 -1.000000 -1.000000
568 856 517 34 1 5 1 1 1 -1 3.055598 -1.000000
568 1636 275 86 1 17 1 1 1 -1 -1.000000 -1.000000
568 925 471 48 1 18 1 1 1 -1 -1.000000 -1.000000
569 856 517 34 1 5 1 1 1 -1 3.045399 -1.000000
569 1634 275 86 1 17 1 1 1 -1 -1.000000 -1.000000
569 923 472 48 1 18 1 1 1 -1 -1.000000 -1.000000
570 868 517 34 1 5 1 1 1 -1 2.984176 -1.000000
570 1618 273 86 1 17 1 1 1 -1 -1.000000 -1.000000
570 921 472 48 1 18 1 1 1 -1 -1.000000 -1.000000
571 870 517 34 1 5 1 1 1 -1 -1.000000 -1.000000
571 1605 277 88 1 17 1 1 1 -1 -1.000000 -1.000000
571 920 472 48 1 18 1 1 1 -1 -1.000000 -1.000000
572 1578 282 94 1 17 1 1 1 -1 -1.000000 -1.000000
572 916 472 48 1 18 1 1 1 -1 -1.000000 -1.000000
573 1572 287 94 1 17 1 1 1 -1 -1.000000 -1.000000
573 916 472 48 1 18 1 1 1 -1 -1.000000 -1.000000
574 1558 287 94 1 17 1 1 1 -1 -1.000000 -1.000000
574 920 474 48 1 18 1 1 1 -1 -1.000000 -1.000000
575 1541 295 94 1 17 1 1 1 -1 -1.000000 -1.000000
575 915 475 44 1 18 1 1 1 -1 -1.000000 -1.000000
576 1533 298 94 1 17 1 1 1 -1 -1.000000 -1.000000
576 906 475 44 1 18 1 1 1 -1 -1.000000 -1.000000
577 1520 308 94 1 17 1 1 1 -1 -1.000000 -1.000000
577 906 476 44 1 18 1 1 1 -1 -1.000000 -1.000000
578 1507 308 94 1 17 1 1 1 -1 -1.000000 -1.000000
578 906 476 44 1 18 1 1 1 -1 -1.000000 -1.000000
579 1489 317 94 1 17 1 1 1 -1 -1.000000 -1.000000
579 906 476 44 1 18 1 1 1 -1 -1.000000 -1.000000
580 1483 317 86 1 17 1 1 1 -1 -1.000000 -1.000000
580 905 471 44 1 18 1 1 1 -1 -1.000000 -1.000000
581 1466 326 86 1 17 1 1 1 -1 -1.000000 -1.000000
581 905 471 47 1 18 1 1 1 -1 -1.000000 -1.000000
582 890 524 34 1 5 1 1 1 -1 -1.000000 -1.000000
582 1456 325 77 1 17 1 1 1 -1 -1.000000 -1.000000
582 905 471 47 1 18 1 1 1 -1 -1.000000 -1.000000
583 889 519 34 1 5 1 1 1 -1 -1.000000 -1.000000
583 1436 331 77 1 17 1 1 1 -1 -1.000000 -1.000000
583 905 471 47 1 18 1 1 1 -1 -1.000000 -1.000000
584 894 524 34 1 5 1 1 1 -1 5.695182 -1.000000
584 1436 331 77 1 17 1 1 1 -1 -1.000000 -1.000000
584 904 470 47 1 18 1 1 1 -1 -1.000000 -1.000000
585 895 523 34 1 5 1 1 1 -1 5.585474 -1.000000
585 1418 338 74 1 17 1 1 1 -1 -1.000000 -1.000000
585 904 469 47 1 18 1 1 1 -1 -1.000000 -1.000000
586 901 523 34 1 5 1 1 1 -1 5.754495 -1.000000
586 1420 345 74 1 17 1 1 1 -1 -1.000000 -1.000000
586 904 471 47 1 18 1 1 1 -1 -1.000000 -1.000000
587 894 523 34 1 5 1 1 1 -1 5.746274 -1.000000
587 1404 346 74 1 17 1 1 1 -1 -1.000000 -1.000000
587 908 471 47 1 18 1 1 1 -1 -1.000000 -1.000000
588 894 523 34 1 5 1 1 1 -1 5.882391 -1.000000
588 1395 348 74 1 17 1 1 1 -1 -1.000000 -1.000000
588 903 469 47 1 18 1 1 1 -1 -1.000000 -1.000000
589 894 523 34 1 5 1 1 1 -1 6.060285 -1.000000
589 1386 349 74 1 17 1 1 1 -1 -1.000000 -1.000000
589 900 475 47 1 18 1 1 1 -1 -1.000000 -1.000000
590 892 523 37 1 5 1 1 1 -1 6.063123 -1.000000
590 1386 350 74 1 17 1 1 1 -1 -1.000000 -1.000000
590 893 475 47 1 18 1 1 1 -1 -1.000000 -1.000000
591 897 525 37 1 5 1 1 1 -1 6.038206 -1.000000
591 1385 361 66 1 17 1 1 1 -1 -1.000000 -1.000000
591 891 475 47 1 18 1 1 1 -1 -1.000000 -1.000000
592 897 525 37 1 5 1 1 1 -1 6.100625 -1.000000
592 1387 355 62 1 17 1 1 1 -1 -1.000000 -1.000000
592 887 475 47 1 18 1 1 1 -1 -1.000000 -1.000000
593 903 522 37 1 5 1 1 1 -1 6.154037 -1.000000
593 1393 357 59 1 17 1 1 1 -1 -1.000000 -1.000000
593 880 472 47 1 18 1 1 1 -1 -1.000000 -1.000000
594 903 522 37 1 5 1 1 1 -1 6.116083 -1.000000
594 1392 365 59 1 17 1 1 1 -1 -1.000000 -1.000000
594 874 473 47 1 18 1 1 1 -1 -1.000000 -1.000000
595 903 522 37 1 5 1 1 1 -1 6.127821 -1.000000
595 1393 364 59 1 17 1 1 1 -1 -1.000000 -1.000000
595 873 473 47 1 18 1 1 1 -1 -1.000000 -1.000000
596 903 522 37 1 5 1 1 1 -1 6.009724 -1.000000
596 1398 362 59 1 17 1 1 1 -1 -1.000000 -1.000000
596 873 473 47 1 18 1 1 1 -1 -1.000000 -1.000000
597 904 522 32 1 5 1 1 1 -1 -1.000000 -1.000000
597 1400 361 59 1 17 1 1 1 -1 -1.000000 -1.000000
597 874 473 47 1 18 1 1 1 -1 -1.000000 -1.000000
598 904 525 32 1 5 1 1 1 -1 -1.000000 -1.000000
598 1401 364 59 1 17 1 1 1 -1 -1.000000 -1.000000
598 877 473 47 1 18 1 1 1 -1 -1.000000 -1.000000
599 1398 369 59 1 17 1 1 1 -1 -1.000000 -1.000000
599 876 472 47 1 18 1 1 1 -1 -1.000000 -1.000000
600 1398 369 59 1 17 1 1 1 -1 -1.000000 -1.000000
600 875 472 47 1 18 1 1 1 -1 -1.000000 -1.000000
601 1393 366 59 1 17 1 1 1 -1 -1.000000 -1.000000
601 875 472 47 1 18 1 1 1 -1 -1.000000 -1.000000
602 1395 366 59 1 17 1 1 1 -1 -1.000000 -1.000000
602 870 472 47 1 18 1 1 1 -1 -1.000000 -1.000000
603 1395 362 59 1 17 1 1 1 -1 -1.000000 -1.000000
603 876 474 43 1 18 1 1 1 -1 -1.000000 -1.000000
604 1386 360 59 1 17 1 1 1 -1 -1.000000 -1.000000
604 875 475 43 1 18 1 1 1 -1 -1.000000 -1.000000
605 1386 360 59 1 17 1 1 1 -1 -1.000000 -1.000000
605 870 474 43 1 18 1 1 1 -1 -1.000000 -1.000000
606 1384 357 59 1 17 1 1 1 -1 -1.000000 -1.000000
606 870 474 43 1 18 1 1 1 -1 -1.000000 -1.000000
607 1381 356 59 1 17 1 1 1 -1 -1.000000 -1.000000
607 869 475 43 1 18 1 1 1 -1 -1.000000 -1.000000
608 1375 356 59 1 17 1 1 1 -1 -1.000000 -1.000000
608 863 472 43 1 18 1 1 1 -1 -1.000000 -1.000000
609 1370 356 59 1 17 1 1 1 -1 -1.000000 -1.000000
609 861 471 43 1 18 1 1 1 -1 -1.000000 -1.000000
610 1365 355 59 1 17 1 1 1 -1 -1.000000 -1.000000
610 859 470 43 1 18 1 1 1 -1 -1.000000 -1.000000
611 1370 352 59 1 17 1 1 1 -1 -1.000000 -1.000000
611 859 470 43 1 18 1 1 1 -1 -1.000000 -1.000000
612 1370 351 59 1 17 1 1 1 -1 -1.000000 -1.000000
612 856 465 43 1 18 1 1 1 -1 -1.000000 -1.000000
613 849 463 50 1 18 1 1 1 -1 -1.000000 -1.000000
614 905 517 32 1 5 1 1 1 -1 -1.000000 -1.000000
614 849 463 50 1 18 1 1 1 -1 -1.000000 -1.000000
615 905 517 32 1 5 1 1 1 -1 -1.000000 -1.000000
615 851 461 50 1 18 1 1 1 -1 -1.000000 -1.000000
616 906 517 32 1 5 1 1 1 -1 -1.000000 -1.000000
616 847 466 50 1 18 1 1 1 -1 -1.000000 -1.000000
617 906 517 32 1 5 1 1 1 -1 -1.000000 -1.000000
617 848 467 50 1 18 1 1 1 -1 -1.000000 -1.000000
618 906 519 32 1 5 1 1 1 -1 -1.000000 -1.000000
618 837 464 50 1 18 1 1 1 -1 -1.000000 -1.000000
619 915 521 32 1 5 1 1 1 -1 -1.000000 -1.000000
619 837 465 53 1 18 1 1 1 -1 -1.000000 -1.000000
620 916 521 32 1 5 1 1 1 -1 -1.000000 -1.000000
620 837 465 53 1 18 1 1 1 -1 -1.000000 -1.000000
621 921 520 32 1 5 1 1 1 -1 -1.000000 -1.000000
621 825 464 53 1 18 1 1 1 -1 -1.000000 -1.000000
622 921 520 32 1 5 1 1 1 -1 -1.000000 -1.000000
622 820 477 53 1 18 1 1 1 -1 -1.000000 -1.000000
