0 971 295 138 0 -1 0 0 0 -1 -1.000000 -1.000000
0 1450 267 138 0 -1 0 0 0 -1 -1.000000 -1.000000
0 430 360 138 0 -1 0 0 0 -1 -1.000000 -1.000000
0 143 216 138 0 -1 0 0 0 -1 -1.000000 -1.000000
0 1708 559 138 0 -1 0 0 0 -1 -1.000000 -1.000000
0 1716 255 138 0 -1 0 0 0 -1 -1.000000 -1.000000
0 1172 477 138 0 -1 0 0 0 -1 -1.000000 -1.000000
0 1182 212 138 0 -1 0 0 0 -1 -1.000000 -1.000000
0 687 159 138 0 -1 0 0 0 -1 -1.000000 -1.000000
0 680 422 138 0 -1 0 0 0 -1 -1.000000 -1.000000
0 1423 751 64 1 0 0 0 0 -1 5.586442 -1.000000
0 170 716 60 0 -1 1 1 1 -1 -1.000000 -1.000000
1 1427 752 64 1 0 0 0 0 -1 5.548024 -1.000000
1 208 678 66 0 -1 1 1 1 -1 -1.000000 -1.000000
2 1418 760 64 1 0 0 0 0 -1 5.597456 -1.000000
2 261 640 66 0 -1 1 1 1 -1 -1.000000 -1.000000
3 1416 755 64 1 0 0 0 0 -1 5.673053 -1.000000
3 1108 553 66 0 -1 1 1 1 -1 -1.000000 -1.000000
4 1416 755 64 1 0 0 0 0 -1 5.699007 -1.000000
4 859 800 61 1 14 0 0 0 -1 -1.000000 -1.000000
4 813 406 66 0 -1 1 1 1 -1 -1.000000 -1.000000
5 1420 757 64 1 0 0 0 0 -1 5.648158 -1.000000
5 871 799 61 1 14 0 0 0 -1 -1.000000 -1.000000
5 1009 271 66 0 -1 1 1 1 -1 -1.000000 -1.000000
6 1424 763 64 1 0 0 0 0 -1 5.614895 -1.000000
6 869 795 61 1 14 0 0 0 -1 -1.000000 -1.000000
6 1190 262 66 0 -1 1 1 1 -1 -1.000000 -1.000000
7 1424 766 64 1 0 0 0 0 -1 5.736157 -1.000000
7 881 793 61 1 14 0 0 0 -1 -1.000000 -1.000000
7 1491 272 66 0 -1 1 1 1 -1 -1.000000 -1.000000
7 1699 319 66 0 -1 1 1 1 -1 -1.000000 -1.000000
7 1787 192 66 0 -1 1 1 1 -1 -1.000000 -1.000000
7 1156 224 66 0 -1 1 1 1 -1 -1.000000 -1.000000
7 934 177 66 0 -1 1 1 1 -1 -1.000000 -1.000000
7 556 281 66 0 -1 1 1 1 -1 -1.000000 -1.000000
7 368 183 66 0 -1 1 1 1 -1 -1.000000 -1.000000
7 377 367 66 0 -1 1 1 1 -1 -1.000000 -1.000000
7 201 252 66 0 -1 1 1 1 -1 -1.000000 -1.000000
8 1431 775 64 1 0 0 0 0 -1 5.789655 -1.000000
8 882 784 61 1 14 0 0 0 -1 -1.000000 -1.000000
9 1428 766 64 1 0 0 0 0 -1 5.765613 -1.000000
9 882 789 61 1 14 0 0 0 -1 -1.000000 -1.000000
10 1428 760 64 1 0 0 0 0 -1 5.959537 -1.000000
10 884 790 61 1 14 0 0 0 -1 -1.000000 -1.000000
11 1428 760 64 1 0 0 0 0 -1 5.908439 -1.000000
11 884 790 61 1 14 0 0 0 -1 -1.000000 -1.000000
12 1431 767 64 1 0 0 0 0 -1 5.901506 -1.000000
12 883 795 61 1 14 0 0 0 -1 -1.000000 -1.000000
13 1434 769 64 1 0 0 0 0 -1 5.873058 -1.000000
13 883 799 61 1 14 0 0 0 -1 -1.000000 -1.000000
13 218 563 61 1 15 0 0 0 -1 -1.000000 -1.000000
14 1433 770 64 1 0 0 0 0 -1 5.874081 -1.000000
14 883 798 61 1 14 0 0 0 -1 -1.000000 -1.000000
14 217 565 61 1 15 0 0 0 -1 -1.000000 -1.000000
15 1433 770 64 1 0 0 0 0 -1 5.810555 -1.000000
15 885 794 61 1 14 0 0 0 -1 -1.000000 -1.000000
15 229 571 61 1 15 0 0 0 -1 -1.000000 -1.000000
16 1431 770 64 1 0 0 0 0 -1 5.705993 -1.000000
16 892 797 61 1 14 0 0 0 -1 -1.000000 -1.000000
16 232 571 61 1 15 0 0 0 -1 -1.000000 -1.000000
17 1431 764 64 1 0 0 0 0 -1 5.624379 -1.000000
17 897 797 61 1 14 0 0 0 -1 -1.000000 -1.000000
17 232 571 61 1 15 0 0 0 -1 -1.000000 -1.000000
17 736 777 52 1 18 0 0 0 -1 -1.000000 -1.000000
18 1429 758 64 1 0 0 0 0 -1 5.605592 -1.000000
18 903 797 61 1 14 0 0 0 -1 -1.000000 -1.000000
18 236 571 61 1 15 0 0 0 -1 -1.000000 -1.000000
18 683 679 52 1 18 0 0 0 -1 -1.000000 -1.000000
19 1429 758 64 1 0 0 0 0 -1 5.515967 -1.000000
19 906 797 61 1 14 0 0 0 -1 -1.000000 -1.000000
19 232 575 61 1 15 0 0 0 -1 -1.000000 -1.000000
19 617 557 52 1 18 0 0 0 -1 -1.000000 -1.000000
20 1425 758 64 1 0 0 0 0 -1 5.511239 -1.000000
20 905 795 61 1 14 0 0 0 -1 -1.000000 -1.000000
20 230 577 61 1 15 0 0 0 -1 -1.000000 -1.000000
20 514 423 52 1 18 0 0 0 -1 -1.000000 -1.000000
21 1425 762 64 1 0 0 0 0 -1 5.452363 -1.000000
21 907 795 61 1 14 0 0 0 -1 -1.000000 -1.000000
21 230 582 61 1 15 0 0 0 -1 -1.000000 -1.000000
21 420 245 52 1 18 0 0 0 -1 -1.000000 -1.000000
22 1425 762 64 1 0 0 0 0 -1 5.471244 -1.000000
22 910 797 61 1 14 0 0 0 -1 -1.000000 -1.000000
22 230 582 61 1 15 0 0 0 -1 -1.000000 -1.000000
23 1425 766 64 1 0 0 0 0 -1 5.380424 -1.000000
23 910 797 61 1 14 0 0 0 -1 -1.000000 -1.000000
23 225 584 61 1 15 0 0 0 -1 -1.000000 -1.000000
24 1418 777 64 1 0 0 0 0 -1 5.297134 -1.000000
24 914 796 61 1 14 0 0 0 -1 -1.000000 -1.000000
24 225 592 61 1 15 0 0 0 -1 -1.000000 -1.000000
25 1411 772 64 1 0 0 0 0 -1 5.309945 -1.000000
25 916 795 61 1 14 0 0 0 -1 -1.000000 -1.000000
25 216 595 61 1 15 0 0 0 -1 -1.000000 -1.000000
26 1421 774 64 1 0 0 0 0 -1 5.228620 -1.000000
26 921 795 61 1 14 0 0 0 -1 -1.000000 -1.000000
26 221 602 61 1 15 0 0 0 -1 -1.000000 -1.000000
27 1419 774 64 1 0 0 0 0 -1 5.277293 -1.000000
27 920 795 61 1 14 0 0 0 -1 -1.000000 -1.000000
27 216 609 61 1 15 0 0 0 -1 -1.000000 -1.000000
28 1418 778 64 1 0 0 0 0 -1 5.201031 -1.000000
28 919 795 61 1 14 0 0 0 -1 -1.000000 -1.000000
28 212 617 61 1 15 0 0 0 -1 -1.000000 -1.000000
29 1418 779 64 1 0 0 0 0 -1 5.032424 -1.000000
29 915 797 61 1 14 0 0 0 -1 -1.000000 -1.000000
29 202 620 61 1 15 0 0 0 -1 -1.000000 -1.000000
30 1418 768 64 1 0 0 0 0 -1 4.872847 -1.000000
30 911 798 61 1 14 0 0 0 -1 -1.000000 -1.000000
30 205 622 61 1 15 0 0 0 -1 -1.000000 -1.000000
31 1418 761 67 1 0 0 0 0 -1 4.782043 -1.000000
31 913 799 61 1 14 0 0 0 -1 -1.000000 -1.000000
31 215 632 61 1 15 0 0 0 -1 -1.000000 -1.000000
32 1419 765 67 1 0 0 0 0 -1 4.797410 -1.000000
32 913 799 61 1 14 0 0 0 -1 -1.000000 -1.000000
32 221 638 61 1 15 0 0 0 -1 -1.000000 -1.000000
32 72 265 74 1 17 0 0 0 -1 -1.000000 -1.000000
33 1419 765 67 1 0 0 0 0 -1 4.757555 -1.000000
33 913 799 61 1 14 0 0 0 -1 -1.000000 -1.000000
33 224 653 61 1 15 0 0 0 -1 -1.000000 -1.000000
33 240 272 71 1 17 0 0 0 -1 -1.000000 -1.000000
34 1417 763 67 1 0 0 0 0 -1 4.616637 -1.000000
34 913 799 61 1 14 0 0 0 -1 -1.000000 -1.000000
34 224 653 61 1 15 0 0 0 -1 -1.000000 -1.000000
34 383 339 71 1 17 0 0 0 -1 -1.000000 -1.000000
35 1417 763 67 1 0 0 0 0 -1 4.460542 -1.000000
35 906 798 61 1 14 0 0 0 -1 -1.000000 -1.000000
35 225 650 61 1 15 0 0 0 -1 -1.000000 -1.000000
35 498 427 71 1 17 0 0 0 -1 -1.000000 -1.000000
36 1413 769 67 1 0 0 0 0 -1 4.388905 -1.000000
36 902 798 61 1 14 0 0 0 -1 -1.000000 -1.000000
36 234 663 61 1 15 0 0 0 -1 -1.000000 -1.000000
36 587 559 71 1 17 0 0 0 -1 -1.000000 -1.000000
37 1418 769 67 1 0 0 0 0 -1 4.399647 -1.000000
37 902 798 61 1 14 0 0 0 -1 -1.000000 -1.000000
37 242 668 61 1 15 0 0 0 -1 -1.000000 -1.000000
37 677 649 71 1 17 0 0 0 -1 -1.000000 -1.000000
38 1417 764 67 1 0 0 0 0 -1 4.299978 -1.000000
38 902 800 61 1 14 0 0 0 -1 -1.000000 -1.000000
38 251 677 61 1 15 0 0 0 -1 -1.000000 -1.000000
38 769 693 71 1 17 0 0 0 -1 -1.000000 -1.000000
39 1416 767 67 1 0 0 0 0 -1 4.259050 -1.000000
39 901 800 61 1 14 0 0 0 -1 -1.000000 -1.000000
39 254 688 61 1 15 0 0 0 -1 -1.000000 -1.000000
39 876 689 71 1 17 0 0 0 -1 -1.000000 -1.000000
40 1418 773 67 1 0 0 0 0 -1 4.256615 -1.000000
40 902 800 61 1 14 0 0 0 -1 -1.000000 -1.000000
40 262 693 61 1 15 0 0 0 -1 -1.000000 -1.000000
40 1004 629 71 1 17 0 0 0 -1 -1.000000 -1.000000
41 1418 773 67 1 0 0 0 0 -1 4.321782 -1.000000
41 901 801 61 1 14 0 0 0 -1 -1.000000 -1.000000
41 264 705 61 1 15 0 0 0 -1 -1.000000 -1.000000
41 1129 569 76 1 17 0 0 0 -1 -1.000000 -1.000000
42 1420 784 67 1 0 0 0 0 -1 4.198783 -1.000000
42 898 807 61 1 14 0 0 0 -1 -1.000000 -1.000000
42 267 711 61 1 15 0 0 0 -1 -1.000000 -1.000000
42 1228 554 76 1 17 0 0 0 -1 -1.000000 -1.000000
43 1415 790 67 1 0 0 0 0 -1 4.140359 -1.000000
43 898 810 61 1 14 0 0 0 -1 -1.000000 -1.000000
43 268 719 61 1 15 0 0 0 -1 -1.000000 -1.000000
43 1290 590 76 1 17 0 0 0 -1 -1.000000 -1.000000
44 1416 785 67 1 0 0 0 0 -1 3.989670 -1.000000
44 898 810 61 1 14 0 0 0 -1 -1.000000 -1.000000
44 270 737 61 1 15 0 0 0 -1 -1.000000 -1.000000
44 1344 626 76 1 17 0 0 0 -1 -1.000000 -1.000000
45 1414 784 67 1 0 0 0 0 -1 3.886363 -1.000000
45 898 812 61 1 14 0 0 0 -1 -1.000000 -1.000000
45 276 742 61 1 15 0 0 0 -1 -1.000000 -1.000000
45 1418 619 76 1 17 0 0 0 -1 -1.000000 -1.000000
46 1413 784 67 1 0 0 0 0 -1 3.804420 -1.000000
46 896 818 61 1 14 0 0 0 -1 -1.000000 -1.000000
46 279 750 61 1 15 0 0 0 -1 -1.000000 -1.000000
46 1495 607 76 1 17 0 0 0 -1 -1.000000 -1.000000
47 1409 783 67 1 0 0 0 0 -1 3.711740 -1.000000
47 896 818 61 1 14 0 0 0 -1 -1.000000 -1.000000
47 288 755 61 1 15 0 0 0 -1 -1.000000 -1.000000
47 1505 605 76 1 17 0 0 0 -1 -1.000000 -1.000000
48 1402 782 67 1 0 0 0 0 -1 3.427387 -1.000000
48 891 818 61 1 14 0 0 0 -1 -1.000000 -1.000000
48 292 760 61 1 15 0 0 0 -1 -1.000000 -1.000000
48 1424 636 76 1 17 0 0 0 -1 -1.000000 -1.000000
49 1403 783 67 1 0 0 0 0 -1 3.160821 -1.000000
49 886 816 61 1 14 0 0 0 -1 -1.000000 -1.000000
49 295 773 61 1 15 0 0 0 -1 -1.000000 -1.000000
49 1300 666 76 1 17 0 0 0 -1 -1.000000 -1.000000
50 1395 787 67 1 0 0 0 0 -1 3.155480 -1.000000
50 887 816 61 1 14 0 0 0 -1 -1.000000 -1.000000
50 300 779 61 1 15 0 0 0 -1 -1.000000 -1.000000
50 1229 709 76 1 17 0 0 0 -1 -1.000000 -1.000000
51 1379 789 67 1 0 0 0 0 -1 3.039212 -1.000000
51 889 818 61 1 14 0 0 0 -1 -1.000000 -1.000000
51 309 783 61 1 15 0 0 0 -1 -1.000000 -1.000000
51 1221 718 66 1 17 0 0 0 -1 -1.000000 -1.000000
52 1365 793 67 1 0 0 0 0 -1 2.765264 -1.000000
52 889 814 61 1 14 0 0 0 -1 -1.000000 -1.000000
52 315 784 61 1 15 0 0 0 -1 -1.000000 -1.000000
52 1244 713 66 1 17 0 0 0 -1 -1.000000 -1.000000
53 1360 796 67 1 0 0 0 0 -1 2.762489 -1.000000
53 887 810 61 1 14 0 0 0 -1 -1.000000 -1.000000
53 319 783 61 1 15 0 0 0 -1 -1.000000 -1.000000
53 1290 693 66 1 17 0 0 0 -1 -1.000000 -1.000000
54 1356 796 67 1 0 0 0 0 -1 2.709680 -1.000000
54 889 809 61 1 14 0 0 0 -1 -1.000000 -1.000000
54 315 772 61 1 15 0 0 0 -1 -1.000000 -1.000000
54 1364 692 66 1 17 0 0 0 -1 -1.000000 -1.000000
55 1339 801 67 1 0 0 0 0 -1 2.614649 -1.000000
55 891 821 61 1 14 0 0 0 -1 -1.000000 -1.000000
55 316 770 61 1 15 0 0 0 -1 -1.000000 -1.000000
55 1423 699 66 1 17 0 0 0 -1 -1.000000 -1.000000
56 1324 814 67 1 0 0 0 0 -1 2.519560 -1.000000
56 891 821 61 1 14 0 0 0 -1 -1.000000 -1.000000
56 318 768 61 1 15 0 0 0 -1 -1.000000 -1.000000
56 1468 698 66 1 17 0 0 0 -1 -1.000000 -1.000000
57 1312 825 67 1 0 0 0 0 -1 2.457116 -1.000000
57 890 815 61 1 14 0 0 0 -1 -1.000000 -1.000000
57 322 768 61 1 15 0 0 0 -1 -1.000000 -1.000000
57 1517 692 66 1 17 0 0 0 -1 -1.000000 -1.000000
58 1307 822 67 1 0 0 0 0 -1 2.390272 -1.000000
58 892 815 61 1 14 0 0 0 -1 -1.000000 -1.000000
58 328 765 61 1 15 0 0 0 -1 -1.000000 -1.000000
58 1576 675 66 1 17 0 0 0 -1 -1.000000 -1.000000
59 1291 831 67 1 0 0 0 0 -1 2.453921 -1.000000
59 893 817 61 1 14 0 0 0 -1 -1.000000 -1.000000
59 328 762 61 1 15 0 0 0 -1 -1.000000 -1.000000
59 1621 663 66 1 17 0 0 0 -1 -1.000000 -1.000000
60 1290 838 67 1 0 0 0 0 -1 2.375800 -1.000000
60 892 817 61 1 14 0 0 0 -1 -1.000000 -1.000000
60 337 769 61 1 15 0 0 0 -1 -1.000000 -1.000000
60 1652 664 60 1 17 0 0 0 -1 -1.000000 -1.000000
61 892 817 61 1 14 0 0 0 -1 -1.000000 -1.000000
61 342 766 61 1 15 0 0 0 -1 -1.000000 -1.000000
61 1664 672 60 1 17 0 0 0 -1 -1.000000 -1.000000
62 885 820 61 1 14 0 0 0 -1 -1.000000 -1.000000
62 345 765 61 1 15 0 0 0 -1 -1.000000 -1.000000
62 1688 676 60 1 17 0 0 0 -1 -1.000000 -1.000000
63 881 820 61 1 14 0 0 0 -1 -1.000000 -1.000000
63 348 766 61 1 15 0 0 0 -1 -1.000000 -1.000000
63 1707 678 60 1 17 0 0 0 -1 -1.000000 -1.000000
64 880 816 61 1 14 0 0 0 -1 -1.000000 -1.000000
64 344 779 61 1 15 0 0 0 -1 -1.000000 -1.000000
64 1737 675 60 1 17 0 0 0 -1 -1.000000 -1.000000
65 878 817 61 1 14 0 0 0 -1 -1.000000 -1.000000
65 347 783 61 1 15 0 0 0 -1 -1.000000 -1.000000
65 1818 629 60 1 17 0 0 0 -1 -1.000000 -1.000000
66 877 817 61 1 14 0 0 0 -1 -1.000000 -1.000000
66 359 779 61 1 15 0 0 0 -1 -1.000000 -1.000000
67 876 817 61 1 14 0 0 0 -1 -1.000000 -1.000000
67 363 784 61 1 15 0 0 0 -1 -1.000000 -1.000000
68 874 821 61 1 14 0 0 0 -1 -1.000000 -1.000000
68 365 787 61 1 15 0 0 0 -1 -1.000000 -1.000000
69 873 823 61 1 14 0 0 0 -1 -1.000000 -1.000000
69 362 781 61 1 15 0 0 0 -1 -1.000000 -1.000000
70 874 824 61 1 14 0 0 0 -1 -1.000000 -1.000000
70 362 775 61 1 15 0 0 0 -1 -1.000000 -1.000000
71 873 827 61 1 14 0 0 0 -1 -1.000000 -1.000000
71 364 775 61 1 15 0 0 0 -1 -1.000000 -1.000000
72 875 826 61 1 14 0 0 0 -1 -1.000000 -1.000000
72 364 775 61 1 15 0 0 0 -1 -1.000000 -1.000000
73 872 822 61 1 14 0 0 0 -1 -1.000000 -1.000000
73 363 776 61 1 15 0 0 0 -1 -1.000000 -1.000000
74 868 818 61 1 14 0 0 0 -1 -1.000000 -1.000000
74 363 776 61 1 15 0 0 0 -1 -1.000000 -1.000000
75 869 807 61 1 14 0 0 0 -1 -1.000000 -1.000000
75 355 779 61 1 15 0 0 0 -1 -1.000000 -1.000000
76 863 802 61 1 14 0 0 0 -1 -1.000000 -1.000000
76 351 771 61 1 15 0 0 0 -1 -1.000000 -1.000000
77 852 801 61 1 14 0 0 0 -1 -1.000000 -1.000000
77 352 771 61 1 15 0 0 0 -1 -1.000000 -1.000000
78 850 790 61 1 14 0 0 0 -1 -1.000000 -1.000000
78 353 770 61 1 15 0 0 0 -1 -1.000000 -1.000000
79 842 786 61 1 14 0 0 0 -1 -1.000000 -1.000000
79 351 766 61 1 15 0 0 0 -1 -1.000000 -1.000000
80 842 785 61 1 14 0 0 0 -1 -1.000000 -1.000000
80 350 765 61 1 15 0 0 0 -1 -1.000000 -1.000000
81 837 784 61 1 14 0 0 0 -1 -1.000000 -1.000000
81 348 770 61 1 15 0 0 0 -1 5.288956 -1.000000
81 937 852 59 1 16 0 0 0 -1 -1.000000 -1.000000
82 833 780 61 1 14 0 0 0 -1 -1.000000 -1.000000
82 349 771 61 1 15 0 0 0 -1 5.348464 -1.000000
83 822 777 61 1 14 0 0 0 -1 -1.000000 -1.000000
83 350 762 61 1 15 0 0 0 -1 5.376217 -1.000000
83 928 832 59 1 16 0 0 0 -1 -1.000000 -1.000000
84 810 776 61 1 14 0 0 0 -1 -1.000000 -1.000000
84 352 760 61 1 15 0 0 0 -1 5.291463 -1.000000
84 935 821 59 1 16 0 0 0 -1 -1.000000 -1.000000
85 804 766 61 1 14 0 0 0 -1 -1.000000 -1.000000
85 353 761 61 1 15 0 0 0 -1 5.167726 -1.000000
85 932 821 59 1 16 0 0 0 -1 -1.000000 -1.000000
86 804 766 61 1 14 0 0 0 -1 -1.000000 -1.000000
86 353 755 61 1 15 0 0 0 -1 5.218867 -1.000000
86 930 817 59 1 16 0 0 0 -1 -1.000000 -1.000000
87 804 766 61 1 14 0 0 0 -1 -1.000000 -1.000000
87 357 747 61 1 15 0 0 0 -1 5.155081 -1.000000
87 919 817 61 1 16 0 0 0 -1 -1.000000 -1.000000
87 984 294 66 0 -1 1 1 1 -1 -1.000000 -1.000000
88 800 765 61 1 14 0 0 0 -1 -1.000000 -1.000000
88 359 741 61 1 15 0 0 0 -1 5.099265 -1.000000
88 919 817 61 1 16 0 0 0 -1 -1.000000 -1.000000
89 791 757 61 1 14 0 0 0 -1 -1.000000 -1.000000
89 360 741 61 1 15 0 0 0 -1 4.894401 -1.000000
89 917 815 61 1 16 0 0 0 -1 -1.000000 -1.000000
90 783 753 61 1 14 0 0 0 -1 -1.000000 -1.000000
90 360 738 61 1 15 0 0 0 -1 4.847917 -1.000000
90 917 815 61 1 16 0 0 0 -1 -1.000000 -1.000000
91 763 741 61 1 14 0 0 0 -1 -1.000000 -1.000000
91 360 735 61 1 15 0 0 0 -1 4.712389 -1.000000
91 906 811 61 1 16 0 0 0 -1 -1.000000 -1.000000
92 757 734 61 1 14 0 0 0 -1 -1.000000 -1.000000
92 359 729 61 1 15 0 0 0 -1 4.603447 -1.000000
92 901 806 61 1 16 0 0 0 -1 -1.000000 -1.000000
93 757 735 61 1 14 0 0 0 -1 -1.000000 -1.000000
93 357 725 61 1 15 0 0 0 -1 4.594383 -1.000000
93 890 803 61 1 16 0 0 0 -1 -1.000000 -1.000000
94 745 728 61 1 14 0 0 0 -1 -1.000000 -1.000000
94 357 719 61 1 15 0 0 0 -1 4.525809 -1.000000
94 889 793 61 1 16 0 0 0 -1 -1.000000 -1.000000
94 42 207 52 1 19 0 0 0 -1 -1.000000 -1.000000
95 740 725 61 1 14 0 0 0 -1 -1.000000 -1.000000
95 357 719 61 1 15 0 0 0 -1 4.591159 -1.000000
95 873 785 61 1 16 0 0 0 -1 -1.000000 -1.000000
95 156 232 55 1 19 0 0 0 -1 -1.000000 -1.000000
96 733 726 61 1 14 0 0 0 -1 -1.000000 -1.000000
96 357 719 61 1 15 0 0 0 -1 4.549661 -1.000000
96 868 777 61 1 16 0 0 0 -1 -1.000000 -1.000000
96 299 257 57 1 19 0 0 0 -1 -1.000000 -1.000000
97 726 723 61 1 14 0 0 0 -1 -1.000000 -1.000000
97 355 717 61 1 15 0 0 0 -1 4.587415 -1.000000
97 851 773 61 1 16 0 0 0 -1 -1.000000 -1.000000
97 473 263 59 1 19 0 0 0 -1 -1.000000 -1.000000
98 720 719 61 1 14 0 0 0 -1 -1.000000 -1.000000
98 352 717 61 1 15 0 0 0 -1 4.573976 -1.000000
98 854 772 61 1 16 0 0 0 -1 -1.000000 -1.000000
98 654 241 60 1 19 0 0 0 -1 -1.000000 -1.000000
99 718 721 61 1 14 0 0 0 -1 -1.000000 -1.000000
99 348 711 61 1 15 0 0 0 -1 4.557084 -1.000000
99 840 766 61 1 16 0 0 0 -1 -1.000000 -1.000000
99 831 198 60 1 19 0 0 0 -1 -1.000000 -1.000000
100 711 722 61 1 14 0 0 0 -1 -1.000000 -1.000000
100 343 705 61 1 15 0 0 0 -1 4.546442 -1.000000
100 832 769 61 1 16 0 0 0 -1 -1.000000 -1.000000
100 1017 162 60 1 19 0 0 0 -1 -1.000000 -1.000000
101 697 713 61 1 14 0 0 0 -1 -1.000000 -1.000000
101 342 700 61 1 15 0 0 0 -1 4.557541 -1.000000
101 821 768 61 1 16 0 0 0 -1 -1.000000 -1.000000
101 1194 131 57 1 19 0 0 0 -1 -1.000000 -1.000000
102 697 713 61 1 14 0 0 0 -1 -1.000000 -1.000000
102 339 698 61 1 15 0 0 0 -1 4.324719 -1.000000
102 815 759 61 1 16 0 0 0 -1 -1.000000 -1.000000
102 1362 125 57 1 19 0 0 0 -1 -1.000000 -1.000000
103 694 708 61 1 14 0 0 0 -1 -1.000000 -1.000000
103 339 699 61 1 15 0 0 0 -1 4.214073 -1.000000
103 811 754 61 1 16 0 0 0 -1 -1.000000 -1.000000
103 1518 161 57 1 19 0 0 0 -1 -1.000000 -1.000000
104 698 705 61 1 14 0 0 0 -1 -1.000000 -1.000000
104 332 695 61 1 15 0 0 0 -1 4.188019 -1.000000
104 806 750 61 1 16 0 0 0 -1 -1.000000 -1.000000
104 1642 203 57 1 19 0 0 0 -1 -1.000000 -1.000000
105 699 705 61 1 14 0 0 0 -1 -1.000000 -1.000000
105 337 697 61 1 15 0 0 0 -1 4.058177 -1.000000
105 805 749 61 1 16 0 0 0 -1 -1.000000 -1.000000
105 1757 229 57 1 19 0 0 0 -1 -1.000000 -1.000000
106 699 705 61 1 14 0 0 0 -1 -1.000000 -1.000000
106 336 697 61 1 15 0 0 0 -1 3.994456 -1.000000
106 805 749 61 1 16 0 0 0 -1 -1.000000 -1.000000
106 1876 246 57 1 19 0 0 0 -1 -1.000000 -1.000000
107 700 704 61 1 14 0 0 0 -1 -1.000000 -1.000000
107 336 697 61 1 15 0 0 0 -1 3.980785 -1.000000
107 805 749 61 1 16 0 0 0 -1 -1.000000 -1.000000
108 700 704 61 1 14 0 0 0 -1 -1.000000 -1.000000
108 336 697 61 1 15 0 0 0 -1 3.923188 -1.000000
108 805 749 61 1 16 0 0 0 -1 -1.000000 -1.000000
109 700 704 61 1 14 0 0 0 -1 -1.000000 -1.000000
109 336 697 61 1 15 0 0 0 -1 3.870018 -1.000000
109 805 749 61 1 16 0 0 0 -1 -1.000000 -1.000000
110 699 703 61 1 14 0 0 0 -1 -1.000000 -1.000000
110 336 697 61 1 15 0 0 0 -1 3.959500 -1.000000
110 805 749 61 1 16 0 0 0 -1 -1.000000 -1.000000
111 699 700 61 1 14 0 0 0 -1 -1.000000 -1.000000
111 335 697 61 1 15 0 0 0 -1 3.942615 -1.000000
111 805 749 61 1 16 0 0 0 -1 -1.000000 -1.000000
112 699 700 61 1 14 0 0 0 -1 -1.000000 -1.000000
112 335 697 61 1 15 0 0 0 -1 3.911840 -1.000000
112 805 749 61 1 16 0 0 0 -1 -1.000000 -1.000000
113 701 702 61 1 14 0 0 0 -1 -1.000000 -1.000000
113 333 700 61 1 15 0 0 0 -1 3.876673 -1.000000
113 805 749 61 1 16 0 0 0 -1 -1.000000 -1.000000
114 701 703 61 1 14 0 0 0 -1 -1.000000 -1.000000
114 328 702 61 1 15 0 0 0 -1 3.711831 -1.000000
114 806 750 61 1 16 0 0 0 -1 -1.000000 -1.000000
115 701 704 61 1 14 0 0 0 -1 -1.000000 -1.000000
115 321 702 61 1 15 0 0 0 -1 3.581175 -1.000000
115 811 755 61 1 16 0 0 0 -1 -1.000000 -1.000000
115 832 87 66 0 -1 1 1 1 -1 -1.000000 -1.000000
115 617 51 66 0 -1 1 1 1 -1 -1.000000 -1.000000
116 707 706 61 1 14 0 0 0 -1 -1.000000 -1.000000
116 318 702 61 1 15 0 0 0 -1 3.585778 -1.000000
116 809 755 61 1 16 0 0 0 -1 -1.000000 -1.000000
117 707 707 61 1 14 0 0 0 -1 -1.000000 -1.000000
117 316 702 61 1 15 0 0 0 -1 3.597759 -1.000000
117 809 755 61 1 16 0 0 0 -1 -1.000000 -1.000000
118 707 707 61 1 14 0 0 0 -1 -1.000000 -1.000000
118 315 702 61 1 15 0 0 0 -1 3.567787 -1.000000
118 809 755 61 1 16 0 0 0 -1 -1.000000 -1.000000
119 707 707 61 1 14 0 0 0 -1 -1.000000 -1.000000
119 309 706 61 1 15 0 0 0 -1 3.385299 -1.000000
119 808 755 61 1 16 0 0 0 -1 -1.000000 -1.000000
120 707 707 61 1 14 0 0 0 -1 -1.000000 -1.000000
120 301 708 61 1 15 0 0 0 -1 3.333094 -1.000000
120 808 755 61 1 16 0 0 0 -1 -1.000000 -1.000000
121 706 707 61 1 14 0 0 0 -1 -1.000000 -1.000000
121 295 697 61 1 15 0 0 0 -1 3.178035 -1.000000
121 808 755 61 1 16 0 0 0 -1 -1.000000 -1.000000
122 704 707 61 1 14 0 0 0 -1 -1.000000 -1.000000
122 295 697 61 1 15 0 0 0 -1 3.146377 -1.000000
122 808 755 61 1 16 0 0 0 -1 -1.000000 -1.000000
123 704 707 61 1 14 0 0 0 -1 -1.000000 -1.000000
123 284 704 61 1 15 0 0 0 -1 2.987885 -1.000000
123 805 755 61 1 16 0 0 0 -1 -1.000000 -1.000000
124 711 707 61 1 14 0 0 0 -1 -1.000000 -1.000000
124 283 704 61 1 15 0 0 0 -1 2.906219 -1.000000
124 804 755 61 1 16 0 0 0 -1 -1.000000 -1.000000
125 708 705 61 1 14 0 0 0 -1 -1.000000 -1.000000
125 275 712 61 1 15 0 0 0 -1 2.744268 -1.000000
125 804 755 61 1 16 0 0 0 -1 -1.000000 -1.000000
126 710 710 61 1 14 0 0 0 -1 -1.000000 -1.000000
126 265 722 61 1 15 0 0 0 -1 2.760139 -1.000000
126 804 755 61 1 16 0 0 0 -1 -1.000000 -1.000000
127 710 708 61 1 14 0 0 0 -1 -1.000000 -1.000000
127 253 724 61 1 15 0 0 0 -1 2.726100 -1.000000
127 804 755 61 1 16 0 0 0 -1 -1.000000 -1.000000
128 707 708 61 1 14 0 0 0 -1 -1.000000 -1.000000
128 241 731 61 1 15 0 0 0 -1 2.578276 -1.000000
128 804 755 61 1 16 0 0 0 -1 -1.000000 -1.000000
129 711 712 61 1 14 0 0 0 -1 -1.000000 -1.000000
129 232 741 61 1 15 0 0 0 -1 2.412989 -1.000000
129 804 755 61 1 16 0 0 0 -1 -1.000000 -1.000000
130 710 712 59 1 14 0 0 0 -1 -1.000000 -1.000000
130 229 744 61 1 15 0 0 0 -1 2.438288 -1.000000
130 804 755 61 1 16 0 0 0 -1 -1.000000 -1.000000
131 713 713 59 1 14 0 0 0 -1 -1.000000 -1.000000
131 218 751 61 1 15 0 0 0 -1 2.456231 -1.000000
131 804 755 61 1 16 0 0 0 -1 -1.000000 -1.000000
132 711 713 59 1 14 0 0 0 -1 -1.000000 -1.000000
132 206 756 61 1 15 0 0 0 -1 2.438713 -1.000000
132 805 755 61 1 16 0 0 0 -1 -1.000000 -1.000000
133 712 714 59 1 14 0 0 0 -1 -1.000000 -1.000000
133 206 768 61 1 15 0 0 0 -1 2.348787 -1.000000
133 811 755 61 1 16 0 0 0 -1 -1.000000 -1.000000
134 716 714 59 1 14 0 0 0 -1 -1.000000 -1.000000
134 198 776 61 1 15 0 0 0 -1 1.994991 -1.000000
134 810 755 61 1 16 0 0 0 -1 -1.000000 -1.000000
135 717 714 59 1 14 0 0 0 -1 -1.000000 -1.000000
135 203 787 61 1 15 0 0 0 -1 1.980671 -1.000000
135 809 759 61 1 16 0 0 0 -1 -1.000000 -1.000000
136 717 719 59 1 14 0 0 0 -1 -1.000000 -1.000000
136 194 793 61 1 15 0 0 0 -1 1.902447 -1.000000
136 809 758 61 1 16 0 0 0 -1 -1.000000 -1.000000
137 718 720 59 1 14 0 0 0 -1 -1.000000 -1.000000
137 196 796 61 1 15 0 0 0 -1 1.931743 -1.000000
137 809 760 61 1 16 0 0 0 -1 -1.000000 -1.000000
138 718 724 59 1 14 0 0 0 -1 -1.000000 -1.000000
138 195 796 61 1 15 0 0 0 -1 2.047601 -1.000000
138 804 760 65 1 16 0 0 0 -1 -1.000000 -1.000000
139 717 724 59 1 14 0 0 0 -1 -1.000000 -1.000000
139 192 807 61 1 15 0 0 0 -1 2.045648 -1.000000
139 814 764 65 1 16 0 0 0 -1 -1.000000 -1.000000
140 714 724 59 1 14 0 0 0 -1 -1.000000 -1.000000
140 188 808 61 1 15 0 0 0 -1 2.086882 -1.000000
140 815 764 65 1 16 0 0 0 -1 -1.000000 -1.000000
141 715 724 59 1 14 0 0 0 -1 -1.000000 -1.000000
141 184 811 61 1 15 0 0 0 -1 2.056418 -1.000000
141 817 764 65 1 16 0 0 0 -1 -1.000000 -1.000000
142 717 724 59 1 14 0 0 0 -1 -1.000000 -1.000000
142 178 818 61 1 15 0 0 0 -1 1.987002 -1.000000
142 813 756 65 1 16 0 0 0 -1 -1.000000 -1.000000
143 715 718 59 1 14 0 0 0 -1 -1.000000 -1.000000
143 813 757 65 1 16 0 0 0 -1 -1.000000 -1.000000
143 699 835 57 1 20 0 0 0 -1 -1.000000 -1.000000
144 713 716 59 1 14 0 0 0 -1 -1.000000 -1.000000
144 817 762 65 1 16 0 0 0 -1 -1.000000 -1.000000
144 689 824 57 1 20 0 0 0 -1 -1.000000 -1.000000
145 718 711 59 1 14 0 0 0 -1 -1.000000 -1.000000
145 812 758 65 1 16 0 0 0 -1 -1.000000 -1.000000
145 686 821 57 1 20 0 0 0 -1 -1.000000 -1.000000
145 88 90 51 1 21 0 0 0 -1 -1.000000 -1.000000
146 717 707 59 1 14 0 0 0 -1 -1.000000 -1.000000
146 814 750 65 1 16 0 0 0 -1 -1.000000 -1.000000
146 665 799 57 1 20 0 0 0 -1 -1.000000 -1.000000
146 214 86 51 1 21 0 0 0 -1 -1.000000 -1.000000
147 722 708 59 1 14 0 0 0 -1 -1.000000 -1.000000
147 669 792 57 1 20 0 0 0 -1 -1.000000 -1.000000
147 350 75 51 1 21 0 0 0 -1 -1.000000 -1.000000
148 724 708 59 1 14 0 0 0 -1 -1.000000 -1.000000
148 656 783 57 1 20 0 0 0 -1 -1.000000 -1.000000
148 476 73 51 1 21 0 0 0 -1 -1.000000 -1.000000
149 723 702 59 1 14 0 0 0 -1 -1.000000 -1.000000
149 657 782 57 1 20 0 0 0 -1 -1.000000 -1.000000
149 579 77 51 1 21 0 0 0 -1 -1.000000 -1.000000
150 723 696 59 1 14 0 0 0 -1 -1.000000 -1.000000
150 659 777 57 1 20 0 0 0 -1 -1.000000 -1.000000
150 660 94 51 1 21 0 0 0 -1 -1.000000 -1.000000
151 811 834 63 1 12 0 0 0 -1 -1.000000 -1.000000
151 717 694 59 1 14 0 0 0 -1 -1.000000 -1.000000
151 650 777 57 1 20 0 0 0 -1 -1.000000 -1.000000
151 713 119 51 1 21 0 0 0 -1 -1.000000 -1.000000
152 811 834 63 1 12 0 0 0 -1 -1.000000 -1.000000
152 723 694 59 1 14 0 0 0 -1 -1.000000 -1.000000
152 609 746 57 1 20 0 0 0 -1 -1.000000 -1.000000
152 744 153 51 1 21 0 0 0 -1 -1.000000 -1.000000
153 806 835 63 1 12 0 0 0 -1 -1.000000 -1.000000
153 723 693 59 1 14 0 0 0 -1 -1.000000 -1.000000
153 541 671 57 1 20 0 0 0 -1 -1.000000 -1.000000
153 751 185 51 1 21 0 0 0 -1 -1.000000 -1.000000
154 795 831 63 1 12 0 0 0 -1 -1.000000 -1.000000
154 724 691 59 1 14 0 0 0 -1 -1.000000 -1.000000
154 453 555 57 1 20 0 0 0 -1 -1.000000 -1.000000
154 747 219 51 1 21 0 0 0 -1 -1.000000 -1.000000
155 788 817 63 1 12 0 0 0 -1 -1.000000 -1.000000
155 727 698 59 1 14 0 0 0 -1 -1.000000 -1.000000
155 361 386 57 1 20 0 0 0 -1 -1.000000 -1.000000
155 757 258 51 1 21 0 0 0 -1 -1.000000 -1.000000
156 788 817 63 1 12 0 0 0 -1 -1.000000 -1.000000
156 728 680 59 1 14 0 0 0 -1 -1.000000 -1.000000
156 271 191 57 1 20 0 0 0 -1 -1.000000 -1.000000
156 790 287 51 1 21 0 0 0 -1 -1.000000 -1.000000
157 788 821 63 1 12 0 0 0 -1 -1.000000 -1.000000
157 731 681 59 1 14 0 0 0 -1 -1.000000 -1.000000
157 836 313 51 1 21 0 0 0 -1 -1.000000 -1.000000
158 787 823 63 1 12 0 0 0 -1 -1.000000 -1.000000
158 729 686 59 1 14 0 0 0 -1 -1.000000 -1.000000
158 151 828 61 1 15 0 0 0 -1 2.788602 -1.000000
158 805 729 65 1 16 0 0 0 -1 -1.000000 -1.000000
158 891 345 51 1 21 0 0 0 -1 -1.000000 -1.000000
159 784 833 63 1 12 0 0 0 -1 -1.000000 -1.000000
159 725 688 64 1 14 0 0 0 -1 -1.000000 -1.000000
159 143 829 61 1 15 0 0 0 -1 2.823037 -1.000000
159 939 374 56 1 21 0 0 0 -1 -1.000000 -1.000000
160 789 836 63 1 12 0 0 0 -1 -1.000000 -1.000000
160 723 689 64 1 14 0 0 0 -1 -1.000000 -1.000000
160 137 828 61 1 15 0 0 0 -1 2.803450 -1.000000
160 987 419 56 1 21 0 0 0 -1 -1.000000 -1.000000
161 786 833 63 1 12 0 0 0 -1 -1.000000 -1.000000
161 723 689 64 1 14 0 0 0 -1 -1.000000 -1.000000
161 137 828 61 1 15 0 0 0 -1 2.878983 -1.000000
161 1028 449 56 1 21 0 0 0 -1 -1.000000 -1.000000
162 777 827 63 1 12 0 0 0 -1 -1.000000 -1.000000
162 727 691 64 1 14 0 0 0 -1 -1.000000 -1.000000
162 138 834 61 1 15 0 0 0 -1 2.830994 -1.000000
162 1068 471 56 1 21 0 0 0 -1 -1.000000 -1.000000
163 772 828 63 1 12 0 0 0 -1 -1.000000 -1.000000
163 720 696 64 1 14 0 0 0 -1 -1.000000 -1.000000
163 125 836 61 1 15 0 0 0 -1 2.994025 -1.000000
163 1103 493 56 1 21 0 0 0 -1 -1.000000 -1.000000
164 770 828 63 1 12 0 0 0 -1 -1.000000 -1.000000
164 718 696 64 1 14 0 0 0 -1 -1.000000 -1.000000
164 123 835 61 1 15 0 0 0 -1 3.008242 -1.000000
164 1147 532 56 1 21 0 0 0 -1 -1.000000 -1.000000
165 752 825 63 1 12 0 0 0 -1 -1.000000 -1.000000
165 718 696 64 1 14 0 0 0 -1 -1.000000 -1.000000
165 115 841 65 1 15 0 0 0 -1 3.075024 -1.000000
165 1182 572 63 1 21 0 0 0 -1 -1.000000 -1.000000
166 740 829 63 1 12 0 0 0 -1 -1.000000 -1.000000
166 716 703 64 1 14 0 0 0 -1 -1.000000 -1.000000
166 112 845 65 1 15 0 0 0 -1 3.127101 -1.000000
166 1208 610 63 1 21 0 0 0 -1 -1.000000 -1.000000
167 736 834 61 1 12 0 0 0 -1 -1.000000 -1.000000
167 712 701 64 1 14 0 0 0 -1 -1.000000 -1.000000
167 106 848 65 1 15 0 0 0 -1 3.258701 -1.000000
167 1222 634 63 1 21 0 0 0 -1 -1.000000 -1.000000
168 720 825 61 1 12 0 0 0 -1 -1.000000 -1.000000
168 712 701 64 1 14 0 0 0 -1 -1.000000 -1.000000
168 103 849 65 1 15 0 0 0 -1 3.206437 -1.000000
168 1219 641 63 1 21 0 0 0 -1 -1.000000 -1.000000
169 714 824 61 1 12 0 0 0 -1 -1.000000 -1.000000
169 714 698 64 1 14 0 0 0 -1 -1.000000 -1.000000
169 99 843 65 1 15 0 0 0 -1 3.239866 -1.000000
169 1194 633 63 1 21 0 0 0 -1 -1.000000 -1.000000
170 702 829 61 1 12 0 0 0 -1 -1.000000 -1.000000
170 700 697 64 1 14 0 0 0 -1 -1.000000 -1.000000
170 86 836 65 1 15 0 0 0 -1 3.158258 -1.000000
170 1148 635 63 1 21 0 0 0 -1 -1.000000 -1.000000
171 701 825 61 1 12 0 0 0 -1 -1.000000 -1.000000
171 701 697 64 1 14 0 0 0 -1 -1.000000 -1.000000
171 82 844 65 1 15 0 0 0 -1 3.105893 -1.000000
171 1102 628 63 1 21 0 0 0 -1 -1.000000 -1.000000
172 694 820 61 1 12 0 0 0 -1 -1.000000 -1.000000
172 692 696 64 1 14 0 0 0 -1 -1.000000 -1.000000
172 86 842 65 1 15 0 0 0 -1 3.200348 -1.000000
172 1066 615 63 1 21 0 0 0 -1 -1.000000 -1.000000
173 688 821 61 1 12 0 0 0 -1 -1.000000 -1.000000
173 678 701 64 1 14 0 0 0 -1 -1.000000 -1.000000
173 82 831 65 1 15 0 0 0 -1 3.030935 -1.000000
173 768 746 65 1 16 0 0 0 -1 -1.000000 -1.000000
173 1019 584 63 1 21 0 0 0 -1 -1.000000 -1.000000
174 687 820 61 1 12 0 0 0 -1 -1.000000 -1.000000
174 675 701 64 1 14 0 0 0 -1 -1.000000 -1.000000
174 81 825 65 1 15 0 0 0 -1 2.850136 -1.000000
174 772 746 65 1 16 0 0 0 -1 -1.000000 -1.000000
174 944 518 63 1 21 0 0 0 -1 -1.000000 -1.000000
175 687 817 61 1 12 0 0 0 -1 -1.000000 -1.000000
175 667 703 64 1 14 0 0 0 -1 -1.000000 -1.000000
175 77 825 65 1 15 0 0 0 -1 2.967921 -1.000000
175 769 745 65 1 16 0 0 0 -1 -1.000000 -1.000000
175 844 420 63 1 21 0 0 0 -1 -1.000000 -1.000000
176 686 815 61 1 12 0 0 0 -1 -1.000000 -1.000000
176 664 701 64 1 14 0 0 0 -1 -1.000000 -1.000000
176 73 825 65 1 15 0 0 0 -1 2.940638 -1.000000
176 774 742 65 1 16 0 0 0 -1 -1.000000 -1.000000
176 720 327 59 1 21 0 0 0 -1 -1.000000 -1.000000
177 683 818 61 1 12 0 0 0 -1 -1.000000 -1.000000
177 658 703 64 1 14 0 0 0 -1 -1.000000 -1.000000
177 69 825 65 1 15 0 0 0 -1 3.125969 -1.000000
177 778 741 65 1 16 0 0 0 -1 -1.000000 -1.000000
177 584 258 59 1 21 0 0 0 -1 -1.000000 -1.000000
178 671 807 61 1 12 0 0 0 -1 -1.000000 -1.000000
178 646 706 64 1 14 0 0 0 -1 -1.000000 -1.000000
178 67 825 65 1 15 0 0 0 -1 3.217206 -1.000000
178 778 741 65 1 16 0 0 0 -1 -1.000000 -1.000000
178 424 210 59 1 21 0 0 0 -1 -1.000000 -1.000000
179 643 781 61 1 12 0 0 0 -1 -1.000000 -1.000000
179 637 705 64 1 14 0 0 0 -1 -1.000000 -1.000000
179 63 825 65 1 15 0 0 0 -1 3.222064 -1.000000
179 779 743 65 1 16 0 0 0 -1 -1.000000 -1.000000
179 239 172 59 1 21 0 0 0 -1 -1.000000 -1.000000
180 579 730 61 1 12 0 0 0 -1 -1.000000 -1.000000
180 64 824 65 1 15 0 0 0 -1 3.204999 -1.000000
180 779 743 65 1 16 0 0 0 -1 -1.000000 -1.000000
180 1008 828 59 1 22 0 0 0 -1 -1.000000 -1.000000
181 496 672 61 1 12 0 0 0 -1 -1.000000 -1.000000
181 619 695 64 1 14 0 0 0 -1 -1.000000 -1.000000
181 59 822 65 1 15 0 0 0 -1 3.176062 -1.000000
181 779 743 65 1 16 0 0 0 -1 -1.000000 -1.000000
181 1009 816 59 1 22 0 0 0 -1 -1.000000 -1.000000
182 413 637 61 1 12 0 0 0 -1 -1.000000 -1.000000
182 619 694 64 1 14 0 0 0 -1 -1.000000 -1.000000
182 57 822 65 1 15 0 0 0 -1 3.219864 -1.000000
182 779 743 65 1 16 0 0 0 -1 -1.000000 -1.000000
182 1001 803 61 1 22 0 0 0 -1 -1.000000 -1.000000
183 328 653 61 1 12 0 0 0 -1 -1.000000 -1.000000
183 610 696 64 1 14 0 0 0 -1 -1.000000 -1.000000
183 52 825 65 1 15 0 0 0 -1 3.414601 -1.000000
183 778 740 65 1 16 0 0 0 -1 -1.000000 -1.000000
183 998 795 61 1 22 0 0 0 -1 -1.000000 -1.000000
184 292 709 61 1 12 0 0 0 -1 -1.000000 -1.000000
184 608 700 64 1 14 0 0 0 -1 -1.000000 -1.000000
184 51 823 65 1 15 0 0 0 -1 3.381763 -1.000000
184 778 740 65 1 16 0 0 0 -1 -1.000000 -1.000000
184 992 781 63 1 22 0 0 0 -1 -1.000000 -1.000000
185 306 782 61 1 12 0 0 0 -1 -1.000000 -1.000000
185 602 701 64 1 14 0 0 0 -1 -1.000000 -1.000000
185 44 825 65 1 15 0 0 0 -1 3.298194 -1.000000
185 773 740 65 1 16 0 0 0 -1 -1.000000 -1.000000
185 990 779 63 1 22 0 0 0 -1 -1.000000 -1.000000
186 320 810 61 1 12 0 0 0 -1 -1.000000 -1.000000
186 589 693 64 1 14 0 0 0 -1 -1.000000 -1.000000
186 40 827 59 1 15 0 0 0 -1 -1.000000 -1.000000
186 774 742 65 1 16 0 0 0 -1 -1.000000 -1.000000
186 992 776 63 1 22 0 0 0 -1 -1.000000 -1.000000
187 324 813 56 1 12 0 0 0 -1 -1.000000 -1.000000
187 580 691 64 1 14 0 0 0 -1 -1.000000 -1.000000
187 44 826 59 1 15 0 0 0 -1 -1.000000 -1.000000
187 772 742 65 1 16 0 0 0 -1 -1.000000 -1.000000
187 991 776 63 1 22 0 0 0 -1 -1.000000 -1.000000
188 330 834 48 1 12 0 0 0 -1 -1.000000 -1.000000
188 577 696 60 1 14 0 0 0 -1 -1.000000 -1.000000
188 46 827 59 1 15 0 0 0 -1 -1.000000 -1.000000
188 773 742 65 1 16 0 0 0 -1 -1.000000 -1.000000
188 995 776 63 1 22 0 0 0 -1 -1.000000 -1.000000
189 322 807 48 1 12 0 0 0 -1 -1.000000 -1.000000
189 564 693 60 1 14 0 0 0 -1 -1.000000 -1.000000
189 54 827 59 1 15 0 0 0 -1 -1.000000 -1.000000
189 762 743 65 1 16 0 0 0 -1 -1.000000 -1.000000
189 997 777 63 1 22 0 0 0 -1 -1.000000 -1.000000
190 306 714 60 1 12 0 0 0 -1 -1.000000 -1.000000
190 563 686 60 1 14 0 0 0 -1 -1.000000 -1.000000
190 51 828 59 1 15 0 0 0 -1 -1.000000 -1.000000
190 760 744 65 1 16 0 0 0 -1 -1.000000 -1.000000
190 998 786 63 1 22 0 0 0 -1 -1.000000 -1.000000
191 295 635 60 1 12 0 0 0 -1 -1.000000 -1.000000
191 558 685 60 1 14 0 0 0 -1 -1.000000 -1.000000
191 66 824 59 1 15 0 0 0 -1 -1.000000 -1.000000
191 757 744 65 1 16 0 0 0 -1 -1.000000 -1.000000
191 1003 781 63 1 22 0 0 0 -1 -1.000000 -1.000000
192 301 553 60 1 12 0 0 0 -1 -1.000000 -1.000000
192 549 682 60 1 14 0 0 0 -1 -1.000000 -1.000000
192 64 823 59 1 15 0 0 0 -1 -1.000000 -1.000000
192 757 744 65 1 16 0 0 0 -1 -1.000000 -1.000000
192 1002 776 63 1 22 0 0 0 -1 -1.000000 -1.000000
193 330 482 60 1 12 0 0 0 -1 -1.000000 -1.000000
193 549 680 60 1 14 0 0 0 -1 -1.000000 -1.000000
193 70 823 59 1 15 0 0 0 -1 -1.000000 -1.000000
193 757 744 65 1 16 0 0 0 -1 -1.000000 -1.000000
193 998 775 63 1 22 0 0 0 -1 -1.000000 -1.000000
194 382 420 60 1 12 0 0 0 -1 -1.000000 -1.000000
194 555 683 60 1 14 0 0 0 -1 -1.000000 -1.000000
194 80 833 59 1 15 0 0 0 -1 6.085790 -1.000000
194 756 743 65 1 16 0 0 0 -1 -1.000000 -1.000000
194 999 774 63 1 22 0 0 0 -1 -1.000000 -1.000000
195 468 379 60 1 12 0 0 0 -1 -1.000000 -1.000000
195 553 684 60 1 14 0 0 0 -1 -1.000000 -1.000000
195 87 826 59 1 15 0 0 0 -1 6.157635 -1.000000
195 755 743 65 1 16 0 0 0 -1 -1.000000 -1.000000
195 999 774 63 1 22 0 0 0 -1 -1.000000 -1.000000
196 586 363 60 1 12 0 0 0 -1 -1.000000 -1.000000
196 559 682 60 1 14 0 0 0 -1 -1.000000 -1.000000
196 90 825 59 1 15 0 0 0 -1 -1.000000 -1.000000
196 754 743 65 1 16 0 0 0 -1 -1.000000 -1.000000
196 999 774 63 1 22 0 0 0 -1 -1.000000 -1.000000
197 700 384 60 1 12 0 0 0 -1 -1.000000 -1.000000
197 547 678 60 1 14 0 0 0 -1 -1.000000 -1.000000
197 92 827 59 1 15 0 0 0 -1 -1.000000 -1.000000
197 754 743 65 1 16 0 0 0 -1 -1.000000 -1.000000
197 999 774 63 1 22 0 0 0 -1 -1.000000 -1.000000
198 786 442 60 1 12 0 0 0 -1 -1.000000 -1.000000
198 547 678 60 1 14 0 0 0 -1 -1.000000 -1.000000
198 102 829 59 1 15 0 0 0 -1 -1.000000 -1.000000
198 754 743 65 1 16 0 0 0 -1 -1.000000 -1.000000
198 999 774 63 1 22 0 0 0 -1 -1.000000 -1.000000
199 835 524 60 1 12 0 0 0 -1 -1.000000 -1.000000
199 543 673 60 1 14 0 0 0 -1 -1.000000 -1.000000
199 121 833 59 1 15 0 0 0 -1 -1.000000 -1.000000
199 758 743 65 1 16 0 0 0 -1 -1.000000 -1.000000
199 995 773 63 1 22 0 0 0 -1 -1.000000 -1.000000
200 826 593 60 1 12 0 0 0 -1 -1.000000 -1.000000
200 539 674 60 1 14 0 0 0 -1 -1.000000 -1.000000
200 116 829 59 1 15 0 0 0 -1 0.000000 -1.000000
200 758 743 65 1 16 0 0 0 -1 -1.000000 -1.000000
200 996 760 63 1 22 0 0 0 -1 -1.000000 -1.000000
201 807 631 60 1 12 0 0 0 -1 -1.000000 -1.000000
201 548 675 60 1 14 0 0 0 -1 -1.000000 -1.000000
201 124 830 59 1 15 0 0 0 -1 6.246165 -1.000000
201 758 741 65 1 16 0 0 0 -1 -1.000000 -1.000000
201 993 738 63 1 22 0 0 0 -1 -1.000000 -1.000000
202 785 648 60 1 12 0 0 0 -1 -1.000000 -1.000000
202 550 672 60 1 14 0 0 0 -1 -1.000000 -1.000000
202 124 830 59 1 15 0 0 0 -1 6.185932 -1.000000
202 759 741 65 1 16 0 0 0 -1 -1.000000 -1.000000
202 970 667 63 1 22 0 0 0 -1 -1.000000 -1.000000
203 778 650 60 1 12 0 0 0 -1 -1.000000 -1.000000
203 552 672 60 1 14 0 0 0 -1 -1.000000 -1.000000
203 127 830 59 1 15 0 0 0 -1 0.023525 -1.000000
203 760 745 65 1 16 0 0 0 -1 -1.000000 -1.000000
203 911 615 63 1 22 0 0 0 -1 -1.000000 -1.000000
204 762 644 60 1 12 0 0 0 -1 -1.000000 -1.000000
204 552 670 60 1 14 0 0 0 -1 -1.000000 -1.000000
204 127 830 59 1 15 0 0 0 -1 0.043928 -1.000000
204 754 752 65 1 16 0 0 0 -1 -1.000000 -1.000000
204 854 604 63 1 22 0 0 0 -1 -1.000000 -1.000000
205 725 611 51 1 12 0 0 0 -1 -1.000000 -1.000000
205 559 671 60 1 14 0 0 0 -1 -1.000000 -1.000000
205 127 830 59 1 15 0 0 0 -1 6.208058 -1.000000
205 753 755 65 1 16 0 0 0 -1 -1.000000 -1.000000
205 794 606 63 1 22 0 0 0 -1 -1.000000 -1.000000
206 546 672 56 1 14 0 0 0 -1 -1.000000 -1.000000
206 142 825 61 1 15 0 0 0 -1 6.235030 -1.000000
206 757 754 65 1 16 0 0 0 -1 -1.000000 -1.000000
207 713 553 51 1 12 0 0 0 -1 -1.000000 -1.000000
207 545 672 56 1 14 0 0 0 -1 -1.000000 -1.000000
207 159 828 61 1 15 0 0 0 -1 6.255414 -1.000000
207 754 748 65 1 16 0 0 0 -1 -1.000000 -1.000000
208 723 475 51 1 12 0 0 0 -1 -1.000000 -1.000000
208 542 671 56 1 14 0 0 0 -1 -1.000000 -1.000000
208 172 827 61 1 15 0 0 0 -1 0.012048 -1.000000
208 755 739 65 1 16 0 0 0 -1 -1.000000 -1.000000
208 788 387 52 1 22 0 0 0 -1 -1.000000 -1.000000
209 731 352 51 1 12 0 0 0 -1 -1.000000 -1.000000
209 548 681 56 1 14 0 0 0 -1 -1.000000 -1.000000
209 177 830 61 1 15 0 0 0 -1 6.257550 -1.000000
209 750 738 65 1 16 0 0 0 -1 -1.000000 -1.000000
209 798 249 52 1 22 0 0 0 -1 -1.000000 -1.000000
210 750 192 51 1 12 0 0 0 -1 -1.000000 -1.000000
210 553 685 56 1 14 0 0 0 -1 -1.000000 -1.000000
210 182 834 61 1 15 0 0 0 -1 6.206413 -1.000000
210 746 725 65 1 16 0 0 0 -1 -1.000000 -1.000000
210 796 108 52 1 22 0 0 0 -1 -1.000000 -1.000000
211 775 27 54 1 12 0 0 0 -1 -1.000000 -1.000000
211 552 684 56 1 14 0 0 0 -1 -1.000000 -1.000000
211 205 828 63 1 15 0 0 0 -1 0.110657 -1.000000
211 745 724 65 1 16 0 0 0 -1 -1.000000 -1.000000
212 553 682 56 1 14 0 0 0 -1 -1.000000 -1.000000
212 207 828 63 1 15 0 0 0 -1 0.081216 -1.000000
212 743 714 65 1 16 0 0 0 -1 -1.000000 -1.000000
213 554 681 56 1 14 0 0 0 -1 -1.000000 -1.000000
213 226 832 63 1 15 0 0 0 -1 6.237761 -1.000000
213 741 705 65 1 16 0 0 0 -1 -1.000000 -1.000000
214 554 684 56 1 14 0 0 0 -1 -1.000000 -1.000000
214 222 820 63 1 15 0 0 0 -1 0.172191 -1.000000
214 741 706 65 1 16 0 0 0 -1 -1.000000 -1.000000
215 553 675 56 1 14 0 0 0 -1 -1.000000 -1.000000
215 215 816 63 1 15 0 0 0 -1 0.244979 -1.000000
215 741 695 65 1 16 0 0 0 -1 -1.000000 -1.000000
215 1311 692 66 0 -1 1 1 1 -1 -1.000000 -1.000000
216 554 679 56 1 14 0 0 0 -1 -1.000000 -1.000000
216 215 816 63 1 15 0 0 0 -1 0.358771 -1.000000
216 741 689 65 1 16 0 0 0 -1 -1.000000 -1.000000
216 1233 752 66 0 -1 1 1 1 -1 -1.000000 -1.000000
217 559 681 56 1 14 0 0 0 -1 -1.000000 -1.000000
217 224 818 63 1 15 0 0 0 -1 0.289692 -1.000000
217 738 688 65 1 16 0 0 0 -1 -1.000000 -1.000000
217 1157 789 69 0 -1 1 1 1 -1 -1.000000 -1.000000
218 838 42 63 1 13 0 0 0 -1 -1.000000 -1.000000
218 558 680 56 1 14 0 0 0 -1 -1.000000 -1.000000
218 227 802 63 1 15 0 0 0 -1 0.210510 -1.000000
218 723 682 65 1 16 0 0 0 -1 -1.000000 -1.000000
218 1054 791 94 0 -1 1 1 1 -1 -1.000000 -1.000000
219 720 67 63 1 13 0 0 0 -1 -1.000000 -1.000000
219 558 677 56 1 14 0 0 0 -1 -1.000000 -1.000000
219 250 754 63 1 15 0 0 0 -1 0.244979 -1.000000
219 723 682 65 1 16 0 0 0 -1 -1.000000 -1.000000
219 942 757 94 0 -1 1 1 1 -1 -1.000000 -1.000000
220 570 60 63 1 13 0 0 0 -1 -1.000000 -1.000000
220 555 677 56 1 14 0 0 0 -1 -1.000000 -1.000000
220 309 704 63 1 15 0 0 0 -1 0.188639 -1.000000
220 721 682 65 1 16 0 0 0 -1 -1.000000 -1.000000
221 408 36 63 1 13 0 0 0 -1 -1.000000 -1.000000
221 552 672 56 1 14 0 0 0 -1 -1.000000 -1.000000
221 381 654 63 1 15 0 0 0 -1 0.154717 -1.000000
221 723 679 65 1 16 0 0 0 -1 -1.000000 -1.000000
222 541 636 56 1 14 0 0 0 -1 -1.000000 -1.000000
222 451 625 63 1 15 0 0 0 -1 0.247176 -1.000000
222 723 679 65 1 16 0 0 0 -1 -1.000000 -1.000000
223 583 41 61 1 11 0 0 0 -1 -1.000000 -1.000000
223 220 36 63 1 13 0 0 0 -1 -1.000000 -1.000000
223 553 588 56 1 14 0 0 0 -1 -1.000000 -1.000000
223 467 609 55 1 15 0 0 0 -1 6.275121 -1.000000
223 723 681 65 1 16 0 0 0 -1 -1.000000 -1.000000
224 512 112 61 1 11 0 0 0 -1 -1.000000 -1.000000
224 212 67 63 1 13 0 0 0 -1 -1.000000 -1.000000
224 574 532 56 1 14 0 0 0 -1 -1.000000 -1.000000
224 474 566 55 1 15 0 0 0 -1 6.189444 -1.000000
224 716 679 65 1 16 0 0 0 -1 -1.000000 -1.000000
225 452 193 61 1 11 0 0 0 -1 -1.000000 -1.000000
225 174 74 63 1 13 0 0 0 -1 -1.000000 -1.000000
225 593 469 56 1 14 0 0 0 -1 -1.000000 -1.000000
225 478 521 55 1 15 0 0 0 -1 0.061989 -1.000000
225 715 676 65 1 16 0 0 0 -1 -1.000000 -1.000000
226 408 262 61 1 11 0 0 0 -1 -1.000000 -1.000000
226 70 32 63 1 13 0 0 0 -1 -1.000000 -1.000000
226 595 381 56 1 14 0 0 0 -1 -1.000000 -1.000000
226 476 481 55 1 15 0 0 0 -1 0.061650 -1.000000
226 713 670 65 1 16 0 0 0 -1 -1.000000 -1.000000
227 379 317 61 1 11 0 0 0 -1 -1.000000 -1.000000
227 584 275 56 1 14 0 0 0 -1 -1.000000 -1.000000
227 482 442 55 1 15 0 0 0 -1 0.004950 -1.000000
227 712 662 65 1 16 0 0 0 -1 -1.000000 -1.000000
228 386 344 61 1 11 0 0 0 -1 -1.000000 -1.000000
228 575 150 56 1 14 0 0 0 -1 -1.000000 -1.000000
228 487 419 55 1 15 0 0 0 -1 0.079619 -1.000000
228 705 658 65 1 16 0 0 0 -1 -1.000000 -1.000000
229 425 362 61 1 11 0 0 0 -1 -1.000000 -1.000000
229 502 427 55 1 15 0 0 0 -1 0.508311 -1.000000
229 705 656 65 1 16 0 0 0 -1 -1.000000 -1.000000
230 487 389 61 1 11 0 0 0 -1 -1.000000 -1.000000
230 697 651 65 1 16 0 0 0 -1 -1.000000 -1.000000
231 567 451 61 1 11 0 0 0 -1 -1.000000 -1.000000
231 506 489 53 1 15 0 0 0 -1 1.032961 -1.000000
231 691 648 65 1 16 0 0 0 -1 -1.000000 -1.000000
232 650 513 61 1 11 0 0 0 -1 -1.000000 -1.000000
232 513 523 53 1 15 0 0 0 -1 1.086318 -1.000000
232 686 644 65 1 16 0 0 0 -1 -1.000000 -1.000000
233 713 569 61 1 11 0 0 0 -1 -1.000000 -1.000000
233 532 579 53 1 15 0 0 0 -1 1.111459 -1.000000
233 684 645 65 1 16 0 0 0 -1 -1.000000 -1.000000
234 739 617 61 1 11 0 0 0 -1 -1.000000 -1.000000
234 552 616 53 1 15 0 0 0 -1 1.052728 -1.000000
234 678 647 65 1 16 0 0 0 -1 -1.000000 -1.000000
235 730 661 61 1 11 0 0 0 -1 -1.000000 -1.000000
235 557 621 53 1 15 0 0 0 -1 1.087017 -1.000000
236 710 696 61 1 11 0 0 0 -1 -1.000000 -1.000000
236 562 657 53 1 15 0 0 0 -1 1.073454 -1.000000
237 707 744 61 1 11 0 0 0 -1 -1.000000 -1.000000
237 555 702 54 1 15 0 0 0 -1 1.034985 -1.000000
237 677 649 65 1 16 0 0 0 -1 -1.000000 -1.000000
238 733 791 61 1 11 0 0 0 -1 -1.000000 -1.000000
238 565 738 54 1 15 0 0 0 -1 1.009814 -1.000000
238 665 658 61 1 16 0 0 0 -1 -1.000000 -1.000000
239 753 807 61 1 11 0 0 0 -1 -1.000000 -1.000000
239 584 754 54 1 15 0 0 0 -1 0.977186 -1.000000
239 662 659 61 1 16 0 0 0 -1 -1.000000 -1.000000
240 746 824 61 1 11 0 0 0 -1 -1.000000 -1.000000
240 621 753 54 1 15 0 0 0 -1 0.608089 -1.000000
240 661 668 61 1 16 0 0 0 -1 -1.000000 -1.000000
241 703 725 54 1 15 0 0 0 -1 0.403918 -1.000000
241 657 672 53 1 16 0 0 0 -1 -1.000000 -1.000000
242 787 686 57 1 15 0 0 0 -1 0.411671 -1.000000
242 654 682 53 1 16 0 0 0 -1 -1.000000 -1.000000
243 867 646 57 1 15 0 0 0 -1 0.455669 -1.000000
243 655 681 53 1 16 0 0 0 -1 -1.000000 -1.000000
244 935 626 57 1 15 0 0 0 -1 0.982794 -1.000000
244 657 684 53 1 16 0 0 0 -1 -1.000000 -1.000000
245 969 626 57 1 15 0 0 0 -1 1.370546 -1.000000
245 669 666 53 1 16 0 0 0 -1 -1.000000 -1.000000
245 1053 839 94 0 -1 1 1 1 -1 -1.000000 -1.000000
246 973 642 61 1 15 0 0 0 -1 1.549968 -1.000000
246 693 593 53 1 16 0 0 0 -1 -1.000000 -1.000000
246 1032 810 92 0 -1 1 1 1 -1 -1.000000 -1.000000
247 992 656 61 1 15 0 0 0 -1 1.892547 -1.000000
247 709 487 56 1 16 0 0 0 -1 -1.000000 -1.000000
247 1064 824 92 0 -1 1 1 1 -1 -1.000000 -1.000000
247 808 677 92 0 -1 1 1 1 -1 -1.000000 -1.000000
248 1017 662 61 1 15 0 0 0 -1 2.061648 -1.000000
248 729 365 61 1 16 0 0 0 -1 -1.000000 -1.000000
248 1076 834 92 0 -1 1 1 1 -1 -1.000000 -1.000000
248 861 666 92 0 -1 1 1 1 -1 -1.000000 -1.000000
249 1034 679 61 1 15 0 0 0 -1 2.207125 -1.000000
249 739 222 61 1 16 0 0 0 -1 -1.000000 -1.000000
249 1092 841 92 0 -1 1 1 1 -1 -1.000000 -1.000000
249 896 673 92 0 -1 1 1 1 -1 -1.000000 -1.000000
250 1023 702 61 1 15 0 0 0 -1 2.152820 -1.000000
250 763 76 63 1 16 0 0 0 -1 -1.000000 -1.000000
250 1097 862 92 0 -1 1 1 1 -1 -1.000000 -1.000000
251 1002 732 61 1 15 0 0 0 -1 2.260001 -1.000000
251 1118 832 92 0 -1 1 1 1 -1 -1.000000 -1.000000
252 946 746 58 1 15 0 0 0 -1 2.351316 -1.000000
252 1001 875 92 0 -1 1 1 1 -1 -1.000000 -1.000000
253 893 738 58 1 15 0 0 0 -1 2.178319 -1.000000
254 851 728 58 1 15 0 0 0 -1 2.082733 -1.000000
255 831 742 58 1 15 0 0 0 -1 2.109616 -1.000000
256 813 756 58 1 15 0 0 0 -1 1.905204 -1.000000
257 807 767 58 1 15 0 0 0 -1 1.701823 -1.000000
258 793 772 58 1 15 0 0 0 -1 1.729749 -1.000000
259 755 740 58 1 15 0 0 0 -1 2.136075 -1.000000
260 662 702 56 1 15 0 0 0 -1 2.586800 -1.000000
261 540 650 56 1 15 0 0 0 -1 2.770075 -1.000000
262 404 605 56 1 15 0 0 0 -1 2.761086 -1.000000
262 462 745 92 0 -1 1 1 1 -1 -1.000000 -1.000000
263 273 577 56 1 15 0 0 0 -1 2.754998 -1.000000
264 795 827 61 1 11 0 0 0 -1 4.661870 -1.000000
264 160 548 56 1 15 0 0 0 -1 3.069645 -1.000000
264 209 685 92 0 -1 1 1 1 -1 -1.000000 -1.000000
264 824 620 92 0 -1 1 1 1 -1 -1.000000 -1.000000
265 576 33 60 1 10 0 0 0 -1 1.316935 -1.000000
265 801 826 61 1 11 0 0 0 -1 4.706439 -1.000000
265 39 507 56 1 15 0 0 0 -1 3.141593 -1.000000
265 830 634 92 0 -1 1 1 1 -1 -1.000000 -1.000000
266 608 69 60 1 10 0 0 0 -1 1.181480 -1.000000
266 802 818 61 1 11 0 0 0 -1 4.712389 -1.000000
267 679 99 60 1 10 0 0 0 -1 0.985983 -1.000000
267 788 769 57 1 11 0 0 0 -1 4.833924 -1.000000
268 786 135 60 1 10 0 0 0 -1 0.946386 -1.000000
268 767 685 57 1 11 0 0 0 -1 4.975383 -1.000000
269 899 168 60 1 10 0 0 0 -1 0.729718 -1.000000
269 763 567 54 1 11 0 0 0 -1 5.017263 -1.000000
269 832 711 92 0 -1 1 1 1 -1 -1.000000 -1.000000
270 1029 180 60 1 10 0 0 0 -1 0.352646 -1.000000
270 780 460 54 1 11 0 0 0 -1 5.393274 -1.000000
271 1167 164 60 1 10 0 0 0 -1 0.168687 -1.000000
271 817 376 54 1 11 0 0 0 -1 5.730344 -1.000000
272 1306 137 60 1 10 0 0 0 -1 0.326660 -1.000000
272 868 326 54 1 11 0 0 0 -1 6.153482 -1.000000
273 1461 110 60 1 10 0 0 0 -1 0.382899 -1.000000
273 941 325 54 1 11 0 0 0 -1 0.182655 -1.000000
274 1612 85 60 1 10 0 0 0 -1 0.318450 -1.000000
274 1017 344 54 1 11 0 0 0 -1 0.297562 -1.000000
275 1767 67 60 1 10 0 0 0 -1 0.326581 -1.000000
275 1103 348 54 1 11 0 0 0 -1 0.348771 -1.000000
276 1201 362 54 1 11 0 0 0 -1 0.490852 -1.000000
277 1279 371 60 1 11 0 0 0 -1 0.664908 -1.000000
278 1328 402 60 1 11 0 0 0 -1 0.700402 -1.000000
279 1398 446 60 1 11 0 0 0 -1 0.780217 -1.000000
280 638 32 60 1 9 0 0 0 -1 1.655698 -1.000000
280 1492 501 63 1 11 0 0 0 -1 0.692768 -1.000000
280 28 430 52 1 23 0 0 0 -1 1.037917 -1.000000
281 581 119 60 1 9 0 0 0 -1 1.633776 -1.000000
281 1601 550 63 1 11 0 0 0 -1 0.735715 -1.000000
281 87 430 52 1 23 0 0 0 -1 1.128182 -1.000000
282 525 203 60 1 9 0 0 0 -1 1.637364 -1.000000
282 1692 597 63 1 11 0 0 0 -1 1.182478 -1.000000
282 140 422 52 1 23 0 0 0 -1 1.272799 -1.000000
283 485 274 60 1 9 0 0 0 -1 1.655499 -1.000000
283 1715 656 63 1 11 0 0 0 -1 1.386349 -1.000000
283 155 431 52 1 23 0 0 0 -1 1.265956 -1.000000
284 484 339 60 1 9 0 0 0 -1 1.530415 -1.000000
284 1702 700 63 1 11 0 0 0 -1 1.556197 -1.000000
284 162 486 52 1 23 0 0 0 -1 1.302706 -1.000000
284 246 626 80 0 -1 1 1 1 -1 -1.000000 -1.000000
285 524 381 64 1 9 0 0 0 -1 1.489674 -1.000000
285 1695 721 63 1 11 0 0 0 -1 1.523587 -1.000000
285 159 567 55 1 23 0 0 0 -1 1.340611 -1.000000
285 239 682 72 0 -1 1 1 1 -1 -1.000000 -1.000000
286 577 423 64 1 9 0 0 0 -1 1.540273 -1.000000
286 1692 732 63 1 11 0 0 0 -1 1.483768 -1.000000
286 178 626 55 1 23 0 0 0 -1 1.319536 -1.000000
286 261 718 72 0 -1 1 1 1 -1 -1.000000 -1.000000
286 672 606 72 0 -1 1 1 1 -1 -1.000000 -1.000000
287 619 465 64 1 9 0 0 0 -1 1.653315 -1.000000
287 1687 746 63 1 11 0 0 0 -1 1.509231 -1.000000
287 225 668 55 1 23 0 0 0 -1 1.342898 -1.000000
287 696 648 72 0 -1 1 1 1 -1 -1.000000 -1.000000
287 318 776 72 0 -1 1 1 1 -1 -1.000000 -1.000000
288 627 509 64 1 9 0 0 0 -1 1.815775 -1.000000
288 1688 780 63 1 11 0 0 0 -1 1.451367 -1.000000
288 276 706 55 1 23 0 0 0 -1 1.423359 -1.000000
288 715 683 72 0 -1 1 1 1 -1 -1.000000 -1.000000
288 362 821 72 0 -1 1 1 1 -1 -1.000000 -1.000000
289 598 543 64 1 9 0 0 0 -1 1.849096 -1.000000
289 1711 805 60 1 11 0 0 0 -1 1.400336 -1.000000
289 313 743 59 1 23 0 0 0 -1 1.555814 -1.000000
289 648 674 72 0 -1 1 1 1 -1 -1.000000 -1.000000
290 571 570 64 1 9 0 0 0 -1 1.778292 -1.000000
290 1741 810 60 1 11 0 0 0 -1 1.051650 -1.000000
290 311 777 59 1 23 0 0 0 -1 1.729124 -1.000000
290 618 676 52 0 -1 1 1 1 -1 -1.000000 -1.000000
291 559 589 64 1 9 0 0 0 -1 1.705118 -1.000000
291 1811 786 60 1 11 0 0 0 -1 0.818499 -1.000000
291 294 793 59 1 23 0 0 0 -1 1.669573 -1.000000
291 612 690 52 0 -1 1 1 1 -1 -1.000000 -1.000000
292 557 615 64 1 9 0 0 0 -1 1.753518 -1.000000
292 297 806 59 1 23 0 0 0 -1 1.714039 -1.000000
292 597 713 52 0 -1 1 1 1 -1 -1.000000 -1.000000
293 550 644 64 1 9 0 0 0 -1 1.785811 -1.000000
293 301 811 61 1 23 0 0 0 -1 1.717517 -1.000000
294 533 685 64 1 9 0 0 0 -1 1.858852 -1.000000
294 305 803 61 1 23 0 0 0 -1 1.785864 -1.000000
295 512 711 64 1 9 0 0 0 -1 1.659453 -1.000000
295 283 803 61 1 23 0 0 0 -1 1.668523 -1.000000
296 512 716 64 1 9 0 0 0 -1 1.598825 -1.000000
296 262 800 61 1 23 0 0 0 -1 1.594265 -1.000000
297 509 727 64 1 9 0 0 0 -1 1.703933 -1.000000
297 220 798 61 1 23 0 0 0 -1 1.801087 -1.000000
298 506 733 64 1 9 0 0 0 -1 1.731308 -1.000000
298 160 798 61 1 23 0 0 0 -1 1.714869 -1.000000
299 506 736 64 1 9 0 0 0 -1 1.826739 -1.000000
299 118 794 61 1 23 0 0 0 -1 1.640203 -1.000000
300 507 740 64 1 9 0 0 0 -1 1.878055 -1.000000
300 106 768 61 1 23 0 0 0 -1 1.430220 -1.000000
301 503 748 64 1 9 0 0 0 -1 1.871402 -1.000000
301 127 761 61 1 23 0 0 0 -1 1.343002 -1.000000
302 501 752 64 1 9 0 0 0 -1 1.860488 -1.000000
302 158 744 61 1 23 0 0 0 -1 1.216416 -1.000000
303 501 752 64 1 9 0 0 0 -1 1.845490 -1.000000
303 195 745 61 1 23 0 0 0 -1 1.229079 -1.000000
304 499 756 64 1 9 0 0 0 -1 1.853892 -1.000000
304 221 747 61 1 23 0 0 0 -1 1.338239 -1.000000
305 499 757 64 1 9 0 0 0 -1 1.908674 -1.000000
305 236 744 61 1 23 0 0 0 -1 1.389997 -1.000000
306 491 762 64 1 9 0 0 0 -1 1.970139 -1.000000
306 248 750 61 1 23 0 0 0 -1 1.120723 -1.000000
307 484 771 64 1 9 0 0 0 -1 2.129395 -1.000000
307 264 751 61 1 23 0 0 0 -1 1.077204 -1.000000
308 481 775 64 1 9 0 0 0 -1 2.139524 -1.000000
308 286 767 61 1 23 0 0 0 -1 1.060308 -1.000000
309 1774 419 60 1 1 0 0 0 -1 2.285079 -1.000000
309 481 775 64 1 9 0 0 0 -1 2.078695 -1.000000
309 302 776 61 1 23 0 0 0 -1 1.011551 -1.000000
310 1664 408 60 1 1 0 0 0 -1 2.272192 -1.000000
310 481 775 64 1 9 0 0 0 -1 -1.000000 -1.000000
310 325 782 61 1 23 0 0 0 -1 0.963223 -1.000000
311 1558 382 52 1 1 0 0 0 -1 2.310227 -1.000000
311 481 775 64 1 9 0 0 0 -1 2.103440 -1.000000
311 367 788 61 1 23 0 0 0 -1 1.019141 -1.000000
312 1464 346 52 1 1 0 0 0 -1 2.276446 -1.000000
312 481 775 64 1 9 0 0 0 -1 1.986288 -1.000000
312 373 797 61 1 23 0 0 0 -1 1.070801 -1.000000
313 1358 342 52 1 1 0 0 0 -1 2.201478 -1.000000
313 486 771 64 1 9 0 0 0 -1 2.002582 -1.000000
313 365 808 61 1 23 0 0 0 -1 1.056345 -1.000000
314 1256 346 52 1 1 0 0 0 -1 2.111505 -1.000000
314 491 771 64 1 9 0 0 0 -1 2.061781 -1.000000
314 342 791 61 1 23 0 0 0 -1 0.851237 -1.000000
315 1179 351 52 1 1 0 0 0 -1 1.890339 -1.000000
315 493 770 64 1 9 0 0 0 -1 1.977900 -1.000000
315 329 738 61 1 23 0 0 0 -1 0.290211 -1.000000
316 1119 364 56 1 1 0 0 0 -1 1.792702 -1.000000
316 493 769 64 1 9 0 0 0 -1 1.895272 -1.000000
316 346 646 61 1 23 0 0 0 -1 0.129703 -1.000000
317 1061 382 56 1 1 0 0 0 -1 1.721050 -1.000000
317 488 773 64 1 9 0 0 0 -1 1.811330 -1.000000
317 413 559 61 1 23 0 0 0 -1 0.244380 -1.000000
318 1001 426 59 1 1 0 0 0 -1 1.659453 -1.000000
318 490 776 64 1 9 0 0 0 -1 1.788447 -1.000000
318 508 482 61 1 23 0 0 0 -1 0.292456 -1.000000
319 961 482 62 1 1 0 0 0 -1 1.519820 -1.000000
319 489 780 64 1 9 0 0 0 -1 1.768192 -1.000000
319 604 428 61 1 23 0 0 0 -1 0.383618 -1.000000
320 972 539 62 1 1 0 0 0 -1 1.541985 -1.000000
320 490 778 64 1 9 0 0 0 -1 1.760166 -1.000000
320 690 399 54 1 23 0 0 0 -1 0.449760 -1.000000
320 1023 670 52 0 -1 1 1 1 -1 -1.000000 -1.000000
320 1019 667 66 0 -1 1 1 1 -1 -1.000000 -1.000000
321 974 602 62 1 1 0 0 0 -1 1.583784 -1.000000
321 487 790 64 1 9 0 0 0 -1 1.773337 -1.000000
321 775 387 54 1 23 0 0 0 -1 0.732574 -1.000000
322 946 658 62 1 1 0 0 0 -1 1.501939 -1.000000
322 487 795 64 1 9 0 0 0 -1 1.807354 -1.000000
322 848 381 54 1 23 0 0 0 -1 0.841942 -1.000000
323 927 701 62 1 1 0 0 0 -1 1.480525 -1.000000
323 483 798 64 1 9 0 0 0 -1 1.813829 -1.000000
323 929 391 54 1 23 0 0 0 -1 0.967677 -1.000000
324 917 718 62 1 1 0 0 0 -1 1.465258 -1.000000
324 482 803 64 1 9 0 0 0 -1 1.851333 -1.000000
324 1008 418 54 1 23 0 0 0 -1 0.992233 -1.000000
325 917 738 62 1 1 0 0 0 -1 1.447571 -1.000000
325 485 804 64 1 9 0 0 0 -1 1.955570 -1.000000
325 1090 434 54 1 23 0 0 0 -1 0.839180 -1.000000
326 922 766 62 1 1 0 0 0 -1 1.471646 -1.000000
326 475 808 64 1 9 0 0 0 -1 1.963136 -1.000000
326 1187 431 54 1 23 0 0 0 -1 0.848034 -1.000000
327 911 790 62 1 1 0 0 0 -1 1.533777 -1.000000
327 476 813 64 1 9 0 0 0 -1 2.034444 -1.000000
327 1288 424 54 1 23 0 0 0 -1 1.011031 -1.000000
328 898 796 62 1 1 0 0 0 -1 1.590276 -1.000000
328 473 821 64 1 9 0 0 0 -1 2.060268 -1.000000
328 1374 440 54 1 23 0 0 0 -1 0.985951 -1.000000
329 895 794 62 1 1 0 0 0 -1 1.673002 -1.000000
329 1435 472 50 1 23 0 0 0 -1 1.173105 -1.000000
329 158 50 58 1 26 0 0 0 -1 1.282122 -1.000000
330 887 797 62 1 1 0 0 0 -1 1.915604 -1.000000
330 1434 525 50 1 23 0 0 0 -1 1.452410 -1.000000
330 146 140 58 1 26 0 0 0 -1 0.971781 -1.000000
331 883 806 62 1 1 0 0 0 -1 2.155067 -1.000000
331 1388 549 45 1 23 0 0 0 -1 1.520837 -1.000000
331 169 228 58 1 26 0 0 0 -1 0.681479 -1.000000
332 873 811 62 1 1 0 0 0 -1 2.607884 -1.000000
332 1341 561 45 1 23 0 0 0 -1 1.878363 -1.000000
332 257 270 58 1 26 0 0 0 -1 0.460037 -1.000000
333 871 813 62 1 1 0 0 0 -1 2.731717 -1.000000
333 1302 554 45 1 23 0 0 0 -1 1.943114 -1.000000
333 377 283 58 1 26 0 0 0 -1 0.679909 -1.000000
334 865 806 62 1 1 0 0 0 -1 2.859038 -1.000000
334 1255 532 45 1 23 0 0 0 -1 2.116300 -1.000000
334 433 324 58 1 26 0 0 0 -1 1.422292 -1.000000
335 862 810 62 1 1 0 0 0 -1 2.866842 -1.000000
335 1183 502 45 1 23 0 0 0 -1 1.974287 -1.000000
335 384 407 58 1 26 0 0 0 -1 1.615212 -1.000000
336 857 804 62 1 1 0 0 0 -1 2.792821 -1.000000
336 1085 477 45 1 23 0 0 0 -1 2.186374 -1.000000
336 258 491 58 1 26 0 0 0 -1 1.555294 -1.000000
337 846 813 62 1 1 0 0 0 -1 2.837858 -1.000000
337 1001 465 45 1 23 0 0 0 -1 2.017081 -1.000000
337 120 553 58 1 26 0 0 0 -1 1.222025 -1.000000
337 204 712 66 0 -1 1 1 1 -1 -1.000000 -1.000000
338 840 815 62 1 1 0 0 0 -1 2.944197 -1.000000
338 952 459 45 1 23 0 0 0 -1 1.920771 -1.000000
338 66 590 58 1 26 0 0 0 -1 1.016184 -1.000000
338 151 727 66 0 -1 1 1 1 -1 -1.000000 -1.000000
339 846 812 62 1 1 0 0 0 -1 2.907268 -1.000000
339 905 446 45 1 23 0 0 0 -1 1.748454 -1.000000
339 94 611 58 1 26 0 0 0 -1 1.034189 -1.000000
339 161 721 66 0 -1 1 1 1 -1 -1.000000 -1.000000
340 847 812 62 1 1 0 0 0 -1 3.010406 -1.000000
340 860 470 55 1 23 0 0 0 -1 1.730793 -1.000000
340 144 626 58 1 26 0 0 0 -1 1.167885 -1.000000
341 831 811 62 1 1 0 0 0 -1 2.916316 -1.000000
341 821 511 55 1 23 0 0 0 -1 1.672781 -1.000000
341 159 666 58 1 26 0 0 0 -1 1.181480 -1.000000
342 827 812 62 1 1 0 0 0 -1 2.774904 -1.000000
342 808 556 57 1 23 0 0 0 -1 1.222267 -1.000000
342 68 72 53 1 25 0 0 0 -1 -1.000000 -1.000000
342 167 716 63 1 26 0 0 0 -1 1.312544 -1.000000
342 864 685 66 0 -1 1 1 1 -1 -1.000000 -1.000000
343 822 818 62 1 1 0 0 0 -1 2.731465 -1.000000
343 820 587 57 1 23 0 0 0 -1 1.118643 -1.000000
343 233 73 53 1 25 0 0 0 -1 -1.000000 -1.000000
343 171 751 63 1 26 0 0 0 -1 1.439481 -1.000000
343 870 704 66 0 -1 1 1 1 -1 -1.000000 -1.000000
344 822 823 62 1 1 0 0 0 -1 2.714965 -1.000000
344 824 616 57 1 23 0 0 0 -1 1.131600 -1.000000
344 429 45 53 1 25 0 0 0 -1 -1.000000 -1.000000
344 177 776 63 1 26 0 0 0 -1 1.287002 -1.000000
345 814 826 62 1 1 0 0 0 -1 2.708239 -1.000000
345 832 664 57 1 23 0 0 0 -1 1.260281 -1.000000
345 197 784 63 1 26 0 0 0 -1 1.107149 -1.000000
346 808 823 62 1 1 0 0 0 -1 2.880990 -1.000000
346 840 702 57 1 23 0 0 0 -1 1.303821 -1.000000
346 213 782 63 1 26 0 0 0 -1 1.164907 -1.000000
347 803 822 62 1 1 0 0 0 -1 2.930499 -1.000000
347 854 728 57 1 23 0 0 0 -1 1.251879 -1.000000
347 205 783 63 1 26 0 0 0 -1 0.934052 -1.000000
348 799 824 62 1 1 0 0 0 -1 2.958938 -1.000000
348 877 750 57 1 23 0 0 0 -1 1.219505 -1.000000
348 211 789 63 1 26 0 0 0 -1 0.882182 -1.000000
349 799 820 62 1 1 0 0 0 -1 3.047531 -1.000000
349 883 776 57 1 23 0 0 0 -1 1.362740 -1.000000
349 218 795 63 1 26 0 0 0 -1 0.871479 -1.000000
350 801 822 62 1 1 0 0 0 -1 3.098142 -1.000000
350 884 803 57 1 23 0 0 0 -1 1.475544 -1.000000
350 1664 25 53 1 24 0 0 0 -1 -1.000000 -1.000000
350 213 799 63 1 26 0 0 0 -1 0.761013 -1.000000
351 801 822 62 1 1 0 0 0 -1 3.135263 -1.000000
351 880 810 57 1 23 0 0 0 -1 1.484345 -1.000000
351 1811 142 53 1 24 0 0 0 -1 -1.000000 -1.000000
351 220 791 63 1 26 0 0 0 -1 0.748032 -1.000000
352 802 825 62 1 1 0 0 0 -1 3.154412 -1.000000
352 882 805 57 1 23 0 0 0 -1 1.615927 -1.000000
352 220 789 63 1 26 0 0 0 -1 0.739559 -1.000000
353 803 825 62 1 1 0 0 0 -1 3.187016 -1.000000
353 858 793 57 1 23 0 0 0 -1 1.980506 -1.000000
353 227 795 63 1 26 0 0 0 -1 0.732308 -1.000000
354 807 789 57 1 23 0 0 0 -1 1.936766 -1.000000
354 221 790 63 1 26 0 0 0 -1 0.707217 -1.000000
355 765 783 57 1 23 0 0 0 -1 2.044647 -1.000000
355 223 793 63 1 26 0 0 0 -1 0.559940 -1.000000
355 1860 843 63 1 27 0 0 0 -1 3.063828 -1.000000
356 774 823 62 1 1 0 0 0 -1 2.807131 -1.000000
356 714 764 57 1 23 0 0 0 -1 1.896093 -1.000000
356 1863 372 53 1 24 0 0 0 -1 1.727660 -1.000000
356 226 792 63 1 26 0 0 0 -1 0.596423 -1.000000
356 1850 844 63 1 27 0 0 0 -1 3.100332 -1.000000
357 766 828 62 1 1 0 0 0 -1 2.640420 -1.000000
357 665 753 57 1 23 0 0 0 -1 1.845852 -1.000000
357 1774 381 53 1 24 0 0 0 -1 2.152820 -1.000000
357 236 791 63 1 26 0 0 0 -1 0.557021 -1.000000
357 1831 836 63 1 27 0 0 0 -1 2.917129 -1.000000
358 763 830 62 1 1 0 0 0 -1 2.553590 -1.000000
358 615 750 57 1 23 0 0 0 -1 1.882646 -1.000000
358 1680 400 53 1 24 0 0 0 -1 2.265534 -1.000000
358 232 794 63 1 26 0 0 0 -1 0.422532 -1.000000
358 1835 838 63 1 27 0 0 0 -1 2.863293 -1.000000
359 573 754 57 1 23 0 0 0 -1 1.977543 -1.000000
359 1601 409 53 1 24 0 0 0 -1 2.184004 -1.000000
359 232 792 63 1 26 0 0 0 -1 0.444722 -1.000000
359 1826 842 63 1 27 0 0 0 -1 2.939830 -1.000000
359 870 46 59 1 30 0 0 0 -1 1.600788 -1.000000
360 520 749 57 1 23 0 0 0 -1 2.007872 -1.000000
360 1548 398 57 1 24 0 0 0 -1 2.270113 -1.000000
360 232 785 63 1 26 0 0 0 -1 0.390607 -1.000000
360 1821 843 63 1 27 0 0 0 -1 3.154412 -1.000000
360 809 113 59 1 30 0 0 0 -1 1.641556 -1.000000
361 471 731 57 1 23 0 0 0 -1 2.330776 -1.000000
361 1496 351 57 1 24 0 0 0 -1 2.462511 -1.000000
361 225 764 63 1 26 0 0 0 -1 0.366730 -1.000000
361 1813 843 63 1 27 0 0 0 -1 3.150442 -1.000000
361 759 151 59 1 30 0 0 0 -1 1.234462 -1.000000
362 737 829 62 1 1 0 0 0 -1 2.638099 -1.000000
362 409 708 57 1 23 0 0 0 -1 2.339529 -1.000000
362 1392 270 57 1 24 0 0 0 -1 2.856862 -1.000000
362 225 710 63 1 26 0 0 0 -1 0.294617 -1.000000
362 1805 835 63 1 27 0 0 0 -1 3.089914 -1.000000
362 749 179 59 1 30 0 0 0 -1 1.168620 -1.000000
363 736 824 62 1 1 0 0 0 -1 2.848879 -1.000000
363 339 679 57 1 23 0 0 0 -1 2.233411 -1.000000
363 1253 182 57 1 24 0 0 0 -1 3.003587 -1.000000
363 230 634 63 1 26 0 0 0 -1 0.458228 -1.000000
363 1794 839 63 1 27 0 0 0 -1 3.045817 -1.000000
363 804 200 59 1 30 0 0 0 -1 1.180022 -1.000000
364 737 823 62 1 1 0 0 0 -1 3.006065 -1.000000
364 251 671 57 1 23 0 0 0 -1 2.240918 -1.000000
364 1097 81 57 1 24 0 0 0 -1 3.013723 -1.000000
364 211 605 63 1 26 0 0 0 -1 0.574305 -1.000000
364 1779 838 63 1 27 0 0 0 -1 3.021994 -1.000000
364 876 234 59 1 30 0 0 0 -1 1.325004 -1.000000
365 730 812 62 1 1 0 0 0 -1 3.162866 -1.000000
365 135 663 57 1 23 0 0 0 -1 2.345991 -1.000000
365 1769 836 63 1 27 0 0 0 -1 2.872557 -1.000000
365 887 265 59 1 30 0 0 0 -1 1.592851 -1.000000
365 1447 640 66 0 -1 1 1 1 -1 -1.000000 -1.000000
365 1002 626 66 0 -1 1 1 1 -1 -1.000000 -1.000000
365 248 783 84 0 -1 1 1 1 -1 -1.000000 -1.000000
366 727 811 62 1 1 0 0 0 -1 3.210926 -1.000000
366 1761 831 63 1 27 0 0 0 -1 2.842826 -1.000000
366 852 299 61 1 30 0 0 0 -1 1.438875 -1.000000
366 1612 669 84 0 -1 1 1 1 -1 -1.000000 -1.000000
366 965 616 84 0 -1 1 1 1 -1 -1.000000 -1.000000
366 173 804 84 0 -1 1 1 1 -1 -1.000000 -1.000000
367 721 806 62 1 1 0 0 0 -1 3.188071 -1.000000
367 1755 835 63 1 27 0 0 0 -1 2.840434 -1.000000
367 845 320 61 1 30 0 0 0 -1 1.165904 -1.000000
367 960 625 84 0 -1 1 1 1 -1 -1.000000 -1.000000
367 90 812 84 0 -1 1 1 1 -1 -1.000000 -1.000000
368 719 809 62 1 1 0 0 0 -1 3.071776 -1.000000
368 1751 836 63 1 27 0 0 0 -1 2.854542 -1.000000
368 872 340 61 1 30 0 0 0 -1 1.205643 -1.000000
369 718 809 62 1 1 0 0 0 -1 3.040489 -1.000000
369 1742 838 63 1 27 0 0 0 -1 2.875340 -1.000000
369 901 385 61 1 30 0 0 0 -1 1.339252 -1.000000
370 713 812 62 1 1 0 0 0 -1 2.918692 -1.000000
370 1732 838 63 1 27 0 0 0 -1 2.926540 -1.000000
370 913 457 61 1 30 0 0 0 -1 1.289082 -1.000000
371 713 809 62 1 1 0 0 0 -1 2.956244 -1.000000
371 1732 838 63 1 27 0 0 0 -1 2.948586 -1.000000
371 934 509 61 1 30 0 0 0 -1 1.262955 -1.000000
372 701 809 62 1 1 0 0 0 -1 2.890377 -1.000000
372 1726 840 63 1 27 0 0 0 -1 2.966920 -1.000000
372 963 549 61 1 30 0 0 0 -1 1.317902 -1.000000
372 1019 701 84 0 -1 1 1 1 -1 -1.000000 -1.000000
373 703 807 62 1 1 0 0 0 -1 2.743822 -1.000000
373 1725 838 63 1 27 0 0 0 -1 2.999696 -1.000000
373 968 581 61 1 30 0 0 0 -1 1.511377 -1.000000
374 697 813 62 1 1 0 0 0 -1 2.797513 -1.000000
374 1708 838 63 1 27 0 0 0 -1 2.999696 -1.000000
374 942 623 61 1 30 0 0 0 -1 1.657119 -1.000000
375 685 810 62 1 1 0 0 0 -1 2.639095 -1.000000
375 1699 841 66 1 27 0 0 0 -1 3.014825 -1.000000
375 923 642 61 1 30 0 0 0 -1 1.533651 -1.000000
376 682 819 62 1 1 0 0 0 -1 2.664008 -1.000000
376 1684 840 66 1 27 0 0 0 -1 3.030935 -1.000000
376 905 671 61 1 30 0 0 0 -1 1.455209 -1.000000
377 678 817 62 1 1 0 0 0 -1 2.633756 -1.000000
377 1675 842 66 1 27 0 0 0 -1 3.035879 -1.000000
377 899 702 61 1 30 0 0 0 -1 1.707044 -1.000000
378 680 815 62 1 1 0 0 0 -1 2.845377 -1.000000
378 1668 842 66 1 27 0 0 0 -1 3.106763 -1.000000
378 896 714 59 1 30 0 0 0 -1 1.700319 -1.000000
379 674 812 62 1 1 0 0 0 -1 2.909810 -1.000000
379 1655 847 66 1 27 0 0 0 -1 3.117868 -1.000000
379 894 716 59 1 30 0 0 0 -1 1.651132 -1.000000
380 673 811 62 1 1 0 0 0 -1 2.936197 -1.000000
380 1655 846 66 1 27 0 0 0 -1 3.174548 -1.000000
380 890 726 59 1 30 0 0 0 -1 1.730984 -1.000000
380 342 655 92 0 -1 1 1 1 -1 -1.000000 -1.000000
381 668 795 62 1 1 0 0 0 -1 3.203369 -1.000000
381 1657 833 66 1 27 0 0 0 -1 3.134346 -1.000000
381 886 737 59 1 30 0 0 0 -1 1.783142 -1.000000
381 990 238 92 0 -1 1 1 1 -1 -1.000000 -1.000000
381 193 100 56 1 33 1 1 1 -1 0.149945 -1.000000
382 649 788 62 1 1 0 0 0 -1 3.320855 -1.000000
382 1650 813 66 1 27 0 0 0 -1 3.133811 -1.000000
382 885 746 59 1 30 0 0 0 -1 1.787438 -1.000000
382 825 81 92 0 -1 1 1 1 -1 -1.000000 -1.000000
382 382 42 56 1 33 1 1 1 -1 0.087157 -1.000000
382 45 355 71 1 31 1 1 1 -1 0.623702 -1.000000
383 650 769 62 1 1 0 0 0 -1 3.158075 -1.000000
383 1618 783 66 1 27 0 0 0 -1 3.344929 -1.000000
383 879 758 57 1 30 0 0 0 -1 1.873973 -1.000000
383 213 300 74 1 31 0 0 0 -1 0.683862 -1.000000
384 638 762 62 1 1 0 0 0 -1 3.398218 -1.000000
384 1585 721 66 1 27 0 0 0 -1 2.782188 -1.000000
384 882 767 57 1 30 0 0 0 -1 1.972439 -1.000000
384 397 255 74 1 31 0 0 0 -1 0.674741 -1.000000
385 619 759 62 1 1 0 0 0 -1 3.396488 -1.000000
385 1563 710 66 1 27 0 0 0 -1 2.402575 -1.000000
385 882 767 57 1 30 0 0 0 -1 2.083186 -1.000000
385 551 235 83 1 31 0 0 0 -1 0.889097 -1.000000
386 600 753 62 1 1 0 0 0 -1 3.024484 -1.000000
386 1575 720 66 1 27 0 0 0 -1 2.910502 -1.000000
386 873 781 57 1 30 0 0 0 -1 2.048797 -1.000000
386 639 262 103 1 31 0 0 0 -1 1.324300 -1.000000
387 582 746 62 1 1 0 0 0 -1 2.939271 -1.000000
387 1571 715 66 1 27 0 0 0 -1 2.949091 -1.000000
387 862 789 57 1 30 0 0 0 -1 2.126962 -1.000000
387 569 372 103 1 31 0 0 0 -1 1.424607 -1.000000
388 570 756 62 1 1 0 0 0 -1 3.087953 -1.000000
388 1573 723 66 1 27 0 0 0 -1 3.023103 -1.000000
388 856 801 57 1 30 0 0 0 -1 2.153873 -1.000000
388 403 452 109 1 31 0 0 0 -1 1.483391 -1.000000
389 558 754 62 1 1 0 0 0 -1 3.071286 -1.000000
389 1567 713 66 1 27 0 0 0 -1 3.054854 -1.000000
389 849 815 57 1 30 0 0 0 -1 2.183616 -1.000000
389 251 485 120 1 31 0 0 0 -1 1.539228 -1.000000
390 554 757 62 1 1 0 0 0 -1 3.097177 -1.000000
390 1517 655 66 1 27 0 0 0 -1 2.976444 -1.000000
391 550 758 62 1 1 0 0 0 -1 2.775845 -1.000000
391 1429 585 66 1 27 0 0 0 -1 2.915991 -1.000000
392 548 762 62 1 1 0 0 0 -1 2.704566 -1.000000
392 1306 500 66 1 27 0 0 0 -1 2.761086 -1.000000
393 526 760 62 1 1 0 0 0 -1 2.549721 -1.000000
393 1179 448 60 1 27 0 0 0 -1 2.001489 -1.000000
394 522 756 62 1 1 0 0 0 -1 2.665713 -1.000000
394 1084 442 60 1 27 0 0 0 -1 1.704907 -1.000000
395 519 760 62 1 1 0 0 0 -1 2.805528 -1.000000
395 1002 461 60 1 27 0 0 0 -1 1.630554 -1.000000
396 515 756 62 1 1 0 0 0 -1 2.950837 -1.000000
396 936 484 60 1 27 0 0 0 -1 1.766459 -1.000000
397 511 762 62 1 1 0 0 0 -1 2.819842 -1.000000
397 860 517 60 1 27 0 0 0 -1 1.873158 -1.000000
398 507 762 62 1 1 0 0 0 -1 2.729182 -1.000000
398 762 544 60 1 27 0 0 0 -1 1.775796 -1.000000
399 507 762 62 1 1 0 0 0 -1 2.932269 -1.000000
399 683 543 60 1 27 0 0 0 -1 1.725293 -1.000000
399 1747 127 53 1 29 0 0 0 -1 2.424789 -1.000000
400 509 756 62 1 1 0 0 0 -1 3.226295 -1.000000
400 608 543 60 1 27 0 0 0 -1 1.640992 -1.000000
400 1559 119 53 1 29 0 0 0 -1 2.393833 -1.000000
401 509 750 62 1 1 0 0 0 -1 3.332777 -1.000000
401 545 561 60 1 27 0 0 0 -1 1.597816 -1.000000
401 1370 114 53 1 29 0 0 0 -1 2.545028 -1.000000
402 504 747 62 1 1 0 0 0 -1 3.619945 -1.000000
402 504 576 60 1 27 0 0 0 -1 1.600788 -1.000000
402 1185 88 53 1 29 0 0 0 -1 2.817870 -1.000000
403 503 734 62 1 1 0 0 0 -1 3.679428 -1.000000
403 478 597 60 1 27 0 0 0 -1 1.594600 -1.000000
403 972 39 53 1 29 0 0 0 -1 2.730875 -1.000000
404 503 734 62 1 1 0 0 0 -1 3.785094 -1.000000
404 446 610 60 1 27 0 0 0 -1 1.621386 -1.000000
404 668 635 65 0 -1 1 1 1 -1 -1.000000 -1.000000
405 502 737 62 1 1 0 0 0 -1 3.917982 -1.000000
405 414 611 60 1 27 0 0 0 -1 1.252346 -1.000000
405 671 665 65 0 -1 1 1 1 -1 -1.000000 -1.000000
406 500 734 62 1 1 0 0 0 -1 3.875313 -1.000000
406 420 595 60 1 27 0 0 0 -1 1.003433 -1.000000
406 612 663 65 0 -1 1 1 1 -1 -1.000000 -1.000000
407 500 733 62 1 1 0 0 0 -1 3.944846 -1.000000
407 428 581 60 1 27 0 0 0 -1 0.923526 -1.000000
408 502 727 62 1 1 0 0 0 -1 3.984619 -1.000000
408 426 600 60 1 27 0 0 0 -1 1.035377 -1.000000
409 497 714 62 1 1 0 0 0 -1 4.048088 -1.000000
409 427 628 60 1 27 0 0 0 -1 0.957336 -1.000000
410 499 710 62 1 1 0 0 0 -1 3.978492 -1.000000
410 412 646 60 1 27 0 0 0 -1 0.930708 -1.000000
411 502 711 62 1 1 0 0 0 -1 3.580637 -1.000000
411 400 654 60 1 27 0 0 0 -1 0.335884 -1.000000
412 486 700 62 1 1 0 0 0 -1 3.588334 -1.000000
412 429 615 60 1 27 0 0 0 -1 6.278930 -1.000000
413 456 633 62 1 1 0 0 0 -1 4.222432 -1.000000
413 488 548 60 1 27 0 0 0 -1 0.000000 -1.000000
413 192 593 65 0 -1 1 1 1 -1 -1.000000 -1.000000
414 457 541 62 1 1 0 0 0 -1 5.157477 -1.000000
414 552 476 60 1 27 0 0 0 -1 0.134977 -1.000000
415 474 426 62 1 1 0 0 0 -1 5.789621 -1.000000
415 624 379 60 1 27 0 0 0 -1 0.008000 -1.000000
416 510 313 62 1 1 0 0 0 -1 5.999111 -1.000000
416 1156 299 78 0 -1 0 0 0 -1 -1.000000 -1.000000
416 1608 144 78 0 -1 0 0 0 -1 -1.000000 -1.000000
416 1705 430 78 0 -1 0 0 0 -1 -1.000000 -1.000000
416 1424 372 169 0 -1 0 0 0 -1 -1.000000 -1.000000
416 1016 360 169 0 -1 0 0 0 -1 -1.000000 -1.000000
416 182 416 169 0 -1 0 0 0 -1 -1.000000 -1.000000
416 292 180 169 0 -1 0 0 0 -1 -1.000000 -1.000000
416 660 581 169 0 -1 0 0 0 -1 -1.000000 -1.000000
416 1106 186 169 0 -1 0 0 0 -1 -1.000000 -1.000000
416 1217 596 169 0 -1 0 0 0 -1 -1.000000 -1.000000
416 1703 588 169 0 -1 0 0 0 -1 -1.000000 -1.000000
416 1750 263 169 0 -1 0 0 0 -1 -1.000000 -1.000000
416 1426 178 169 0 2 0 0 0 -1 -1.000000 -1.000000
416 692 286 60 1 27 0 0 0 -1 6.155176 -1.000000
416 43 60 53 1 28 0 0 0 -1 0.475575 -1.000000
417 562 215 57 1 1 0 0 0 -1 5.906097 -1.000000
417 796 187 57 1 27 0 0 0 -1 6.160990 -1.000000
417 135 52 53 1 28 0 0 0 -1 0.461064 -1.000000
418 606 112 57 1 1 0 0 0 -1 5.660713 -1.000000
418 925 126 57 1 27 0 0 0 -1 6.015436 -1.000000
418 239 57 53 1 28 0 0 0 -1 0.480040 -1.000000
419 1087 91 53 1 27 0 0 0 -1 6.126075 -1.000000
419 338 74 53 1 28 0 0 0 -1 0.591033 -1.000000
420 1252 64 53 1 27 0 0 0 -1 6.109689 -1.000000
420 409 93 53 1 28 0 0 0 -1 0.611727 -1.000000
421 1416 25 53 1 27 0 0 0 -1 0.009804 -1.000000
421 433 90 53 1 28 0 0 0 -1 0.541720 -1.000000
422 418 68 53 1 28 0 0 0 -1 0.275426 -1.000000
423 404 42 53 1 28 0 0 0 -1 0.218669 -1.000000
423 1824 456 65 0 -1 1 1 1 -1 -1.000000 -1.000000
425 1035 290 147 0 -1 1 1 1 -1 -1.000000 -1.000000
425 844 184 147 0 -1 1 1 1 -1 -1.000000 -1.000000
425 508 420 147 0 -1 1 1 1 -1 -1.000000 -1.000000
425 1375 402 147 0 -1 1 1 1 -1 -1.000000 -1.000000
425 1703 280 147 0 -1 1 1 1 -1 -1.000000 -1.000000
425 1741 508 147 0 -1 1 1 1 -1 -1.000000 -1.000000
425 890 726 147 0 -1 1 1 1 -1 -1.000000 -1.000000
426 435 301 158 0 -1 0 0 0 -1 -1.000000 -1.000000
426 1381 895 158 0 -1 0 0 0 -1 -1.000000 -1.000000
426 1688 912 158 0 -1 0 0 0 -1 -1.000000 -1.000000
426 119 872 158 0 2 0 0 0 -1 -1.000000 -1.000000
435 440 52 71 1 2 0 0 0 -1 -1.000000 -1.000000
436 627 165 71 1 2 0 0 0 -1 -1.000000 -1.000000
436 852 640 65 0 -1 1 1 1 -1 -1.000000 -1.000000
437 777 260 71 1 2 0 0 0 -1 -1.000000 -1.000000
437 942 639 65 0 -1 1 1 1 -1 -1.000000 -1.000000
438 883 344 69 1 2 0 0 0 -1 -1.000000 -1.000000
438 999 650 65 0 -1 1 1 1 -1 -1.000000 -1.000000
439 950 391 69 1 2 0 0 0 -1 -1.000000 -1.000000
439 1064 688 65 0 -1 1 1 1 -1 -1.000000 -1.000000
440 994 436 64 1 2 0 0 0 -1 -1.000000 -1.000000
440 1076 698 65 0 -1 1 1 1 -1 -1.000000 -1.000000
441 1003 496 64 1 2 0 0 0 -1 -1.000000 -1.000000
441 1074 701 65 0 -1 1 1 1 -1 -1.000000 -1.000000
442 978 561 64 1 2 0 0 0 -1 -1.000000 -1.000000
442 1018 711 65 0 -1 1 1 1 -1 -1.000000 -1.000000
443 946 612 64 1 2 0 0 0 -1 -1.000000 -1.000000
443 974 729 65 0 -1 1 1 1 -1 -1.000000 -1.000000
444 940 650 64 1 2 0 0 0 -1 -1.000000 -1.000000
444 989 765 65 0 -1 1 1 1 -1 -1.000000 -1.000000
445 953 696 64 1 2 0 0 0 -1 -1.000000 -1.000000
445 1004 823 65 0 -1 1 1 1 -1 -1.000000 -1.000000
446 972 726 64 1 2 0 0 0 -1 -1.000000 -1.000000
447 980 764 64 1 2 0 0 0 -1 -1.000000 -1.000000
448 981 784 64 1 2 0 0 0 -1 -1.000000 -1.000000
449 993 797 64 1 2 0 0 0 -1 -1.000000 -1.000000
450 1011 810 64 1 2 0 0 0 -1 -1.000000 -1.000000
451 1010 819 64 1 2 0 0 0 -1 -1.000000 -1.000000
452 1002 825 64 1 2 0 0 0 -1 -1.000000 -1.000000
453 245 955 65 0 -1 1 1 1 -1 -1.000000 -1.000000
459 634 112 64 1 3 0 0 0 -1 1.071368 -1.000000
460 694 226 64 1 3 0 0 0 -1 1.122926 -1.000000
460 912 779 65 0 -1 1 1 1 -1 -1.000000 -1.000000
461 720 332 64 1 3 0 0 0 -1 0.957909 -1.000000
462 790 406 64 1 3 0 0 0 -1 0.925526 -1.000000
463 895 466 64 1 3 0 0 0 -1 1.030985 -1.000000
464 997 492 64 1 3 0 0 0 -1 1.242594 -1.000000
465 1054 524 60 1 3 0 0 0 -1 1.494024 -1.000000
466 1060 569 60 1 3 0 0 0 -1 1.651771 -1.000000
466 1107 726 65 0 -1 1 1 1 -1 -1.000000 -1.000000
467 1046 607 60 1 3 0 0 0 -1 1.620174 -1.000000
467 1091 744 65 0 -1 1 1 1 -1 -1.000000 -1.000000
468 1029 630 60 1 3 0 0 0 -1 1.558059 -1.000000
468 1080 749 65 0 -1 1 1 1 -1 -1.000000 -1.000000
469 1021 645 60 1 3 0 0 0 -1 1.563969 -1.000000
469 1073 762 65 0 -1 1 1 1 -1 -1.000000 -1.000000
470 1028 674 60 1 3 0 0 0 -1 1.498405 -1.000000
471 1044 708 60 1 3 0 0 0 -1 1.531343 -1.000000
472 1060 730 60 1 3 0 0 0 -1 1.570796 -1.000000
473 1067 753 60 1 3 0 0 0 -1 1.634296 -1.000000
473 253 822 64 1 9 0 0 0 -1 -1.000000 -1.000000
474 1065 770 60 1 3 0 0 0 -1 1.476143 -1.000000
474 258 824 64 1 9 0 0 0 -1 -1.000000 -1.000000
475 1076 776 60 1 3 0 0 0 -1 1.486490 -1.000000
475 258 826 64 1 9 0 0 0 -1 -1.000000 -1.000000
476 1100 780 60 1 3 0 0 0 -1 1.372481 -1.000000
477 1125 767 60 1 3 0 0 0 -1 1.280950 -1.000000
478 1163 772 60 1 3 0 0 0 -1 1.406375 -1.000000
479 1209 790 60 1 3 0 0 0 -1 1.320353 -1.000000
479 256 830 64 1 9 0 0 0 -1 3.493249 -1.000000
480 1263 793 60 1 3 0 0 0 -1 1.216247 -1.000000
480 254 831 64 1 9 0 0 0 -1 3.277120 -1.000000
481 1319 790 60 1 3 0 0 0 -1 1.374312 -1.000000
481 247 831 64 1 9 0 0 0 -1 3.245117 -1.000000
482 1368 789 60 1 3 0 0 0 -1 1.428899 -1.000000
482 243 831 64 1 9 0 0 0 -1 3.186723 -1.000000
483 1404 781 60 1 3 0 0 0 -1 1.275355 -1.000000
483 239 833 64 1 9 0 0 0 -1 3.185867 -1.000000
484 1445 793 60 1 3 0 0 0 -1 1.093757 -1.000000
484 234 832 64 1 9 0 0 0 -1 3.180283 -1.000000
485 1487 794 60 1 3 0 0 0 -1 1.214968 -1.000000
485 231 830 64 1 9 0 0 0 -1 3.168253 -1.000000
486 1515 794 60 1 3 0 0 0 -1 1.301881 -1.000000
486 224 826 64 1 9 0 0 0 -1 3.141593 -1.000000
487 1529 801 60 1 3 0 0 0 -1 1.293571 -1.000000
487 224 826 64 1 9 0 0 0 -1 3.038068 -1.000000
488 1545 811 60 1 3 0 0 0 -1 1.237697 -1.000000
488 210 831 64 1 9 0 0 0 -1 2.980830 -1.000000
489 1575 816 60 1 3 0 0 0 -1 1.266400 -1.000000
489 211 832 64 1 9 0 0 0 -1 2.953371 -1.000000
490 1591 824 60 1 3 0 0 0 -1 1.348567 -1.000000
490 208 833 64 1 9 0 0 0 -1 2.886410 -1.000000
491 1618 814 60 1 3 0 0 0 -1 1.274759 -1.000000
491 208 833 64 1 9 0 0 0 -1 2.866320 -1.000000
492 1650 814 60 1 3 0 0 0 -1 1.186627 -1.000000
492 210 835 64 1 9 0 0 0 -1 2.941509 -1.000000
493 1679 816 60 1 3 0 0 0 -1 1.119196 -1.000000
493 199 834 64 1 9 0 0 0 -1 2.929026 -1.000000
494 1737 799 60 1 3 0 0 0 -1 1.122854 -1.000000
494 198 836 64 1 9 0 0 0 -1 2.942814 -1.000000
495 1822 787 60 1 3 0 0 0 -1 1.267912 -1.000000
495 200 832 64 1 9 0 0 0 -1 2.902983 -1.000000
496 192 832 64 1 9 0 0 0 -1 2.893207 -1.000000
497 1498 384 65 0 -1 1 1 1 -1 -1.000000 -1.000000
499 182 833 64 1 9 0 0 0 -1 2.898283 -1.000000
506 1397 738 65 0 -1 1 1 1 -1 -1.000000 -1.000000
507 1467 796 65 0 -1 1 1 1 -1 -1.000000 -1.000000
508 1519 838 65 0 -1 1 1 1 -1 -1.000000 -1.000000
512 1362 763 65 0 -1 1 1 1 -1 -1.000000 -1.000000
513 1269 706 65 0 -1 1 1 1 -1 -1.000000 -1.000000
514 1146 658 65 0 -1 1 1 1 -1 -1.000000 -1.000000
541 128 43 48 1 4 0 0 0 -1 0.989646 -1.000000
542 206 76 48 1 4 0 0 0 -1 0.682384 -1.000000
542 185 827 64 1 9 0 0 0 -1 2.702588 -1.000000
543 275 94 48 1 4 0 0 0 -1 0.653275 -1.000000
544 326 105 48 1 4 0 0 0 -1 0.646036 -1.000000
545 399 118 48 1 4 0 0 0 -1 0.719655 -1.000000
546 465 139 48 1 4 0 0 0 -1 0.761467 -1.000000
547 529 166 48 1 4 0 0 0 -1 0.865915 -1.000000
548 591 210 48 1 4 0 0 0 -1 0.992721 -1.000000
549 641 259 53 1 4 0 0 0 -1 1.076483 -1.000000
550 673 308 57 1 4 0 0 0 -1 1.167931 -1.000000
551 694 351 59 1 4 0 0 0 -1 1.249046 -1.000000
552 703 382 59 1 4 0 0 0 -1 1.471522 -1.000000
553 704 392 59 1 4 0 0 0 -1 1.537336 -1.000000
554 711 376 59 1 4 0 0 0 -1 1.511809 -1.000000
555 723 376 59 1 4 0 0 0 -1 1.459702 -1.000000
556 739 390 64 1 4 0 0 0 -1 1.489893 -1.000000
557 749 438 64 1 4 0 0 0 -1 1.603573 -1.000000
558 746 513 65 1 4 0 0 0 -1 1.741701 -1.000000
559 720 562 65 1 4 0 0 0 -1 2.154074 -1.000000
560 659 581 65 1 4 0 0 0 -1 2.246588 -1.000000
561 575 566 65 1 4 0 0 0 -1 2.264560 -1.000000
561 776 713 65 0 -1 1 1 1 -1 -1.000000 -1.000000
561 644 709 65 0 -1 1 1 1 -1 -1.000000 -1.000000
562 494 513 65 1 4 0 0 0 -1 2.221873 -1.000000
562 569 670 65 0 -1 1 1 1 -1 -1.000000 -1.000000
563 401 457 65 1 4 0 0 0 -1 2.301703 -1.000000
563 491 646 65 0 -1 1 1 1 -1 -1.000000 -1.000000
564 288 400 57 1 4 0 0 0 -1 2.508844 -1.000000
564 407 618 65 0 -1 1 1 1 -1 -1.000000 -1.000000
565 166 350 57 1 4 0 0 0 -1 2.508295 -1.000000
566 36 315 57 1 4 0 0 0 -1 2.419938 -1.000000
568 172 827 64 1 9 0 0 0 -1 2.685977 -1.000000
569 171 831 64 1 9 0 0 0 -1 2.595131 -1.000000
570 171 828 64 1 9 0 0 0 -1 2.577509 -1.000000
571 167 831 64 1 9 0 0 0 -1 2.581083 -1.000000
590 1869 813 57 1 5 0 0 0 -1 2.972810 -1.000000
591 1871 813 57 1 5 0 0 0 -1 3.188566 -1.000000
592 1861 805 57 1 5 0 0 0 -1 3.254236 -1.000000
593 1856 803 57 1 5 0 0 0 -1 3.479590 -1.000000
594 1856 795 59 1 5 0 0 0 -1 3.581435 -1.000000
595 1846 794 59 1 5 0 0 0 -1 3.707893 -1.000000
596 1843 786 59 1 5 0 0 0 -1 3.675075 -1.000000
597 1834 781 59 1 5 0 0 0 -1 3.742950 -1.000000
598 1832 766 59 1 5 0 0 0 -1 3.787711 -1.000000
599 1835 761 59 1 5 0 0 0 -1 4.053385 -1.000000
600 1834 766 59 1 5 0 0 0 -1 4.272546 -1.000000
601 1825 752 59 1 5 0 0 0 -1 4.522060 -1.000000
602 1823 737 59 1 5 0 0 0 -1 4.845455 -1.000000
603 1830 719 59 1 5 0 0 0 -1 4.937847 -1.000000
604 1835 728 59 1 5 0 0 0 -1 5.161903 -1.000000
605 1840 719 59 1 5 0 0 0 -1 5.362259 -1.000000
606 1845 703 59 1 5 0 0 0 -1 5.508539 -1.000000
607 1855 693 59 1 5 0 0 0 -1 5.382511 -1.000000
608 1853 691 59 1 5 0 0 0 -1 5.519523 -1.000000
609 1867 689 59 1 5 0 0 0 -1 5.742765 -1.000000
610 1868 685 59 1 5 0 0 0 -1 6.012238 -1.000000
619 1051 112 59 1 6 0 0 0 -1 2.059248 -1.000000
620 874 199 59 1 6 0 0 0 -1 2.174319 -1.000000
621 696 266 59 1 6 0 0 0 -1 2.139779 -1.000000
622 533 295 59 1 6 0 0 0 -1 2.304218 -1.000000
623 365 302 59 1 6 0 0 0 -1 2.408171 -1.000000
624 200 285 59 1 6 0 0 0 -1 2.465348 -1.000000
625 219 620 65 0 -1 1 1 1 -1 -1.000000 -1.000000
626 74 647 65 0 -1 1 1 1 -1 -1.000000 -1.000000
630 73 751 65 0 -1 1 1 1 -1 -1.000000 -1.000000
634 932 48 59 1 7 0 0 0 -1 1.269301 -1.000000
635 967 81 59 1 7 0 0 0 -1 1.682175 -1.000000
636 925 131 59 1 7 0 0 0 -1 1.738559 -1.000000
636 161 700 65 0 -1 1 1 1 -1 -1.000000 -1.000000
637 847 178 59 1 7 0 0 0 -1 1.688432 -1.000000
637 323 610 65 0 -1 1 1 1 -1 -1.000000 -1.000000
638 786 237 59 1 7 0 0 0 -1 1.775673 -1.000000
639 753 268 59 1 7 0 0 0 -1 1.742424 -1.000000
640 756 307 59 1 7 0 0 0 -1 1.559927 -1.000000
641 771 358 59 1 7 0 0 0 -1 1.570796 -1.000000
642 748 425 59 1 7 0 0 0 -1 1.570796 -1.000000
642 806 612 65 0 -1 1 1 1 -1 -1.000000 -1.000000
643 696 498 59 1 7 0 0 0 -1 1.675673 -1.000000
643 383 799 64 1 8 0 0 0 -1 4.858872 -1.000000
643 744 633 65 0 -1 1 1 1 -1 -1.000000 -1.000000
644 660 545 59 1 7 0 0 0 -1 1.518214 -1.000000
644 385 796 64 1 8 0 0 0 -1 4.836744 -1.000000
644 726 662 65 0 -1 1 1 1 -1 -1.000000 -1.000000
645 663 621 59 1 7 0 0 0 -1 1.377174 -1.000000
645 389 794 64 1 8 0 0 0 -1 4.805239 -1.000000
646 682 695 61 1 7 0 0 0 -1 1.418914 -1.000000
646 386 783 64 1 8 0 0 0 -1 4.818373 -1.000000
647 678 752 61 1 7 0 0 0 -1 1.516501 -1.000000
647 387 774 64 1 8 0 0 0 -1 4.815470 -1.000000
648 673 794 64 1 7 0 0 0 -1 1.419191 -1.000000
648 381 766 64 1 8 0 0 0 -1 4.928155 -1.000000
649 677 785 64 1 7 0 0 0 -1 1.342300 -1.000000
649 385 754 64 1 8 0 0 0 -1 4.941916 -1.000000
650 678 797 64 1 7 0 0 0 -1 1.323115 -1.000000
650 387 745 64 1 8 0 0 0 -1 4.974508 -1.000000
651 680 798 64 1 7 0 0 0 -1 1.198242 -1.000000
651 383 730 64 1 8 0 0 0 -1 5.093793 -1.000000
652 686 803 64 1 7 0 0 0 -1 1.075485 -1.000000
652 389 716 64 1 8 0 0 0 -1 5.254633 -1.000000
653 402 711 64 1 8 0 0 0 -1 5.521220 -1.000000
654 404 688 64 1 8 0 0 0 -1 5.795981 -1.000000
655 414 692 64 1 8 0 0 0 -1 5.824957 -1.000000
656 423 683 64 1 8 0 0 0 -1 5.859516 -1.000000
656 37 261 54 1 32 0 0 0 -1 0.181491 -1.000000
657 703 813 64 1 7 0 0 0 -1 0.701091 -1.000000
657 424 674 64 1 8 0 0 0 -1 5.863780 -1.000000
657 164 275 54 1 32 0 0 0 -1 0.297473 -1.000000
658 712 824 64 1 7 0 0 0 -1 0.590812 -1.000000
658 419 682 64 1 8 0 0 0 -1 5.852354 -1.000000
658 294 316 54 1 32 0 0 0 -1 0.373497 -1.000000
658 1252 336 220 0 -1 0 0 0 -1 -1.000000 -1.000000
658 774 265 220 0 -1 0 0 0 -1 -1.000000 -1.000000
658 1608 336 220 0 -1 0 0 0 -1 -1.000000 -1.000000
659 724 817 64 1 7 0 0 0 -1 0.543478 -1.000000
659 418 667 64 1 8 0 0 0 -1 5.886412 -1.000000
659 417 296 54 1 32 0 0 0 -1 0.582138 -1.000000
