0 701 353 30 1 0 0 0 0 -1 -1.000000 -1.000000
0 572 622 30 1 1 0 0 0 -1 -1.000000 -1.000000
0 606 708 40 1 2 0 0 0 -1 -1.000000 -1.000000
0 669 816 32 1 5 0 0 0 -1 -1.000000 -1.000000
0 838 732 45 1 -1 0 0 0 -1 -1.000000 -1.000000
0 906 848 59 1 -1 0 0 0 -1 -1.000000 -1.000000
0 790 892 39 1 21 0 0 0 -1 -1.000000 -1.000000
0 914 1000 39 1 -1 0 0 0 -1 -1.000000 -1.000000
0 825 1030 32 1 -1 0 0 0 -1 -1.000000 -1.000000
0 666 1024 32 1 6 0 0 0 -1 -1.000000 -1.000000
0 409 961 35 1 4 0 0 0 -1 -1.000000 -1.000000
0 457 791 32 1 3 0 0 0 -1 -1.000000 -1.000000
0 1081 886 32 1 -1 0 0 0 -1 -1.000000 -1.000000
0 1120 705 32 1 -1 0 0 0 -1 -1.000000 -1.000000
0 1099 1024 37 1 -1 0 0 0 -1 -1.000000 -1.000000
0 1176 899 28 1 -1 0 0 0 -1 -1.000000 -1.000000
0 1121 937 28 1 -1 0 0 0 -1 -1.000000 -1.000000
0 1195 837 30 1 -1 0 0 0 -1 -1.000000 -1.000000
0 1028 758 31 1 -1 0 0 0 -1 -1.000000 -1.000000
0 244 201 140 0 -1 0 0 0 -1 -1.000000 -1.000000
0 1242 260 140 0 -1 0 0 0 -1 -1.000000 -1.000000
0 1574 215 140 0 -1 0 0 0 -1 -1.000000 -1.000000
0 1675 594 140 0 -1 0 0 0 -1 -1.000000 -1.000000
0 968 190 140 0 -1 0 0 0 -1 -1.000000 -1.000000
0 198 471 140 0 -1 0 0 0 -1 -1.000000 -1.000000
0 756 526 140 0 -1 0 0 0 -1 -1.000000 -1.000000
1 659 236 37 1 0 0 0 0 -1 -1.000000 -1.000000
1 554 578 37 1 1 0 0 0 -1 -1.000000 -1.000000
1 595 672 44 1 2 0 0 0 -1 -1.000000 -1.000000
1 814 637 44 1 -1 0 0 0 -1 -1.000000 -1.000000
1 901 721 54 1 -1 0 0 0 -1 -1.000000 -1.000000
1 762 876 40 1 21 0 0 0 -1 -1.000000 -1.000000
1 904 976 40 1 -1 0 0 0 -1 -1.000000 -1.000000
1 375 889 45 1 4 0 0 0 -1 -1.000000 -1.000000
1 432 730 35 1 3 0 0 0 -1 -1.000000 -1.000000
1 995 717 35 1 -1 0 0 0 -1 -1.000000 -1.000000
1 1112 672 35 1 -1 0 0 0 -1 -1.000000 -1.000000
1 1094 1004 35 1 -1 0 0 0 -1 -1.000000 -1.000000
1 1055 864 35 1 -1 0 0 0 -1 -1.000000 -1.000000
1 1099 910 35 1 -1 0 0 0 -1 -1.000000 -1.000000
1 781 1019 35 1 -1 0 0 0 -1 -1.000000 -1.000000
1 613 1000 35 1 6 0 0 0 -1 -1.000000 -1.000000
1 627 758 29 1 5 0 0 0 -1 -1.000000 -1.000000
1 912 424 29 1 -1 0 0 0 -1 -1.000000 -1.000000
1 795 727 29 1 -1 0 0 0 -1 -1.000000 -1.000000
1 735 614 29 1 -1 0 0 0 -1 -1.000000 -1.000000
1 1458 399 140 0 -1 0 0 0 -1 -1.000000 -1.000000
1 155 393 140 0 -1 0 0 0 -1 -1.000000 -1.000000
1 178 151 140 0 -1 0 0 0 -1 -1.000000 -1.000000
1 1050 219 140 0 -1 0 0 0 -1 -1.000000 -1.000000
1 152 958 91 0 -1 0 0 0 -1 -1.000000 -1.000000
1 1468 771 161 0 -1 1 1 1 -1 -1.000000 -1.000000
1 371 268 161 0 -1 1 1 1 -1 -1.000000 -1.000000
2 609 192 36 1 0 0 0 0 -1 -1.000000 -1.000000
2 871 445 28 1 -1 0 0 0 -1 -1.000000 -1.000000
2 547 481 30 1 -1 0 0 0 -1 -1.000000 -1.000000
2 543 584 34 1 1 0 0 0 -1 -1.000000 -1.000000
2 586 688 47 1 2 0 0 0 -1 -1.000000 -1.000000
2 785 599 47 1 -1 0 0 0 -1 -1.000000 -1.000000
2 888 637 53 1 -1 0 0 0 -1 -1.000000 -1.000000
2 748 893 41 1 21 0 0 0 -1 -1.000000 -1.000000
2 895 1013 36 1 -1 0 0 0 -1 -1.000000 -1.000000
2 724 1043 36 1 -1 0 0 0 -1 -1.000000 -1.000000
2 554 1016 36 1 6 0 0 0 -1 -1.000000 -1.000000
2 341 891 46 1 4 0 0 0 -1 -1.000000 -1.000000
2 418 716 36 1 3 0 0 0 -1 -1.000000 -1.000000
2 965 752 36 1 -1 0 0 0 -1 -1.000000 -1.000000
2 915 826 36 1 -1 0 0 0 -1 -1.000000 -1.000000
2 1021 890 36 1 -1 0 0 0 -1 -1.000000 -1.000000
2 1166 865 42 1 -1 0 0 0 -1 -1.000000 -1.000000
2 1093 689 36 1 -1 0 0 0 -1 -1.000000 -1.000000
2 1087 950 36 1 -1 0 0 0 -1 -1.000000 -1.000000
2 1104 1010 36 1 -1 0 0 0 -1 -1.000000 -1.000000
2 736 720 36 1 -1 0 0 0 -1 -1.000000 -1.000000
2 688 580 33 1 -1 0 0 0 -1 -1.000000 -1.000000
2 128 641 91 0 -1 0 0 0 -1 -1.000000 -1.000000
2 983 210 187 0 -1 0 0 0 -1 -1.000000 -1.000000
2 1526 649 281 0 -1 0 0 0 -1 -1.000000 -1.000000
3 567 124 36 1 0 0 0 0 -1 -1.000000 -1.000000
3 528 551 34 1 1 0 0 0 -1 -1.000000 -1.000000
3 415 656 37 1 3 0 0 0 -1 -1.000000 -1.000000
3 322 850 49 1 4 0 0 0 -1 -1.000000 -1.000000
3 596 671 49 1 2 0 0 0 -1 -1.000000 -1.000000
3 742 844 40 1 21 0 0 0 -1 -1.000000 -1.000000
3 665 998 38 1 -1 0 0 0 -1 -1.000000 -1.000000
3 873 1010 43 1 -1 0 0 0 -1 -1.000000 -1.000000
3 733 518 47 1 -1 0 0 0 -1 -1.000000 -1.000000
3 821 519 55 1 -1 0 0 0 -1 -1.000000 -1.000000
3 695 659 36 1 -1 0 0 0 -1 -1.000000 -1.000000
3 955 749 41 1 -1 0 0 0 -1 -1.000000 -1.000000
3 999 854 41 1 -1 0 0 0 -1 -1.000000 -1.000000
3 215 286 161 0 -1 1 1 1 -1 -1.000000 -1.000000
3 1138 299 161 0 -1 1 1 1 -1 -1.000000 -1.000000
3 1492 765 161 0 -1 1 1 1 -1 -1.000000 -1.000000
3 101 688 161 0 -1 1 1 1 -1 -1.000000 -1.000000
4 432 528 41 1 3 0 0 0 -1 -1.000000 -1.000000
4 619 587 47 1 2 0 0 0 -1 -1.000000 -1.000000
4 732 712 47 1 21 0 0 0 -1 -1.000000 -1.000000
4 611 866 39 1 -1 0 0 0 -1 -1.000000 -1.000000
4 766 972 39 1 -1 0 0 0 -1 -1.000000 -1.000000
4 855 944 43 1 -1 0 0 0 -1 -1.000000 -1.000000
4 695 343 54 1 -1 0 0 0 -1 -1.000000 -1.000000
4 654 362 52 1 -1 0 0 0 -1 -1.000000 -1.000000
4 315 741 51 1 4 0 0 0 -1 -1.000000 -1.000000
4 977 740 40 1 -1 0 0 0 -1 -1.000000 -1.000000
4 1123 699 42 1 -1 0 0 0 -1 -1.000000 -1.000000
4 150 840 42 1 -1 0 0 0 -1 -1.000000 -1.000000
4 485 783 36 1 6 0 0 0 -1 -1.000000 -1.000000
4 511 444 36 1 1 0 0 0 -1 -1.000000 -1.000000
4 145 577 116 0 -1 1 1 1 -1 -1.000000 -1.000000
5 495 246 51 1 -1 0 0 0 -1 -1.000000 -1.000000
5 589 264 52 1 -1 0 0 0 -1 -1.000000 -1.000000
5 496 502 45 1 3 0 0 0 -1 -1.000000 -1.000000
5 665 616 45 1 2 0 0 0 -1 -1.000000 -1.000000
5 489 717 42 1 6 0 0 0 -1 -1.000000 -1.000000
5 743 681 42 1 21 0 0 0 -1 -1.000000 -1.000000
5 585 852 42 1 -1 0 0 0 -1 -1.000000 -1.000000
5 776 955 43 1 -1 0 0 0 -1 -1.000000 -1.000000
5 859 996 46 1 -1 0 0 0 -1 -1.000000 -1.000000
5 338 780 52 1 4 0 0 0 -1 -1.000000 -1.000000
5 115 724 41 1 -1 0 0 0 -1 -1.000000 -1.000000
5 700 470 39 1 -1 0 0 0 -1 -1.000000 -1.000000
5 898 740 39 1 -1 0 0 0 -1 -1.000000 -1.000000
5 1091 855 39 1 -1 0 0 0 -1 -1.000000 -1.000000
5 981 721 39 1 -1 0 0 0 -1 -1.000000 -1.000000
5 991 643 39 1 -1 0 0 0 -1 -1.000000 -1.000000
5 1216 1005 39 1 -1 0 0 0 -1 -1.000000 -1.000000
5 533 428 36 1 1 0 0 0 -1 -1.000000 -1.000000
5 264 532 116 0 -1 1 1 1 -1 -1.000000 -1.000000
6 233 215 91 1 -1 0 0 0 -1 -1.000000 -1.000000
6 487 232 73 1 -1 0 0 0 -1 -1.000000 -1.000000
6 527 484 39 1 -1 0 0 0 -1 -1.000000 -1.000000
6 546 527 39 1 3 0 0 0 -1 -1.000000 -1.000000
6 673 684 52 1 -1 0 0 0 -1 -1.000000 -1.000000
6 461 648 40 1 6 0 0 0 -1 -1.000000 -1.000000
6 302 846 57 1 4 0 0 0 -1 -1.000000 -1.000000
6 528 845 47 1 -1 0 0 0 -1 -1.000000 -1.000000
6 761 936 47 1 -1 0 0 0 -1 -1.000000 -1.000000
6 832 1014 40 1 -1 0 0 0 -1 -1.000000 -1.000000
6 690 448 38 1 -1 0 0 0 -1 -1.000000 -1.000000
6 704 602 38 1 -1 0 0 0 -1 -1.000000 -1.000000
6 864 478 38 1 -1 0 0 0 -1 -1.000000 -1.000000
6 952 703 38 1 -1 0 0 0 -1 -1.000000 -1.000000
6 926 614 38 1 -1 0 0 0 -1 -1.000000 -1.000000
6 48 627 43 1 -1 0 0 0 -1 -1.000000 -1.000000
6 1286 256 148 0 -1 0 0 0 -1 -1.000000 -1.000000
6 239 620 116 0 -1 1 1 1 -1 -1.000000 -1.000000
7 381 135 65 1 -1 0 0 0 -1 -1.000000 -1.000000
7 433 520 40 1 6 0 0 0 -1 -1.000000 -1.000000
7 533 477 40 1 3 0 0 0 -1 -1.000000 -1.000000
7 584 534 40 1 -1 0 0 0 -1 -1.000000 -1.000000
7 679 554 44 1 -1 0 0 0 -1 -1.000000 -1.000000
7 668 674 51 1 -1 0 0 0 -1 -1.000000 -1.000000
7 513 774 46 1 -1 0 0 0 -1 -1.000000 -1.000000
7 777 897 44 1 -1 0 0 0 -1 -1.000000 -1.000000
7 833 979 42 1 -1 0 0 0 -1 -1.000000 -1.000000
7 685 376 41 1 -1 0 0 0 -1 -1.000000 -1.000000
7 866 420 41 1 -1 0 0 0 -1 -1.000000 -1.000000
7 286 898 59 1 4 0 0 0 -1 -1.000000 -1.000000
7 225 660 116 0 -1 1 1 1 -1 -1.000000 -1.000000
8 353 51 70 1 -1 0 0 0 -1 -1.000000 -1.000000
8 464 382 48 1 6 0 0 0 -1 -1.000000 -1.000000
8 615 441 42 1 -1 0 0 0 -1 -1.000000 -1.000000
8 661 554 42 1 -1 0 0 0 -1 -1.000000 -1.000000
8 541 682 45 1 -1 0 0 0 -1 -1.000000 -1.000000
8 681 651 53 1 -1 0 0 0 -1 -1.000000 -1.000000
8 734 319 41 1 -1 0 0 0 -1 -1.000000 -1.000000
8 701 448 41 1 -1 0 0 0 -1 -1.000000 -1.000000
8 817 822 41 1 -1 0 0 0 -1 -1.000000 -1.000000
8 841 932 47 1 -1 0 0 0 -1 -1.000000 -1.000000
8 302 956 62 1 4 0 0 0 -1 -1.000000 -1.000000
8 210 632 126 0 -1 1 1 1 -1 -1.000000 -1.000000
9 221 938 69 1 4 0 0 0 -1 -1.000000 -1.000000
9 761 812 51 1 -1 0 0 0 -1 -1.000000 -1.000000
9 484 511 47 1 -1 0 0 0 -1 -1.000000 -1.000000
9 547 528 55 1 -1 0 0 0 -1 -1.000000 -1.000000
9 103 443 126 0 -1 1 1 1 -1 -1.000000 -1.000000
10 517 111 55 1 -1 0 0 0 -1 -1.000000 -1.000000
10 442 487 62 1 -1 0 0 0 -1 -1.000000 -1.000000
10 749 623 48 1 -1 0 0 0 -1 -1.000000 -1.000000
10 781 867 48 1 -1 0 0 0 -1 -1.000000 -1.000000
10 141 604 148 0 -1 0 0 0 -1 -1.000000 -1.000000
10 238 847 126 0 -1 1 1 1 -1 -1.000000 -1.000000
10 323 976 126 0 -1 1 1 1 -1 -1.000000 -1.000000
10 1056 974 126 0 -1 1 1 1 -1 -1.000000 -1.000000
10 1442 782 126 0 -1 1 1 1 -1 -1.000000 -1.000000
10 104 310 126 0 -1 1 1 1 -1 -1.000000 -1.000000
11 485 160 50 1 -1 0 0 0 -1 -1.000000 -1.000000
11 377 559 60 1 -1 0 0 0 -1 -1.000000 -1.000000
11 777 1032 58 1 -1 0 0 0 -1 -1.000000 -1.000000
11 632 290 46 1 -1 0 0 0 -1 -1.000000 -1.000000
11 792 723 46 1 -1 0 0 0 -1 -1.000000 -1.000000
12 103 618 67 1 -1 0 0 0 -1 -1.000000 -1.000000
12 1403 495 281 0 -1 0 0 0 -1 -1.000000 -1.000000
13 78 315 51 1 -1 0 0 0 -1 -1.000000 -1.000000
13 101 671 51 1 -1 0 0 0 -1 -1.000000 -1.000000
13 498 386 46 1 -1 0 0 0 -1 -1.000000 -1.000000
13 332 422 46 1 -1 0 0 0 -1 -1.000000 -1.000000
14 64 444 49 1 -1 0 0 0 -1 -1.000000 -1.000000
14 81 771 51 1 -1 0 0 0 -1 -1.000000 -1.000000
14 551 721 53 1 -1 0 0 0 -1 -1.000000 -1.000000
14 374 550 41 1 -1 0 0 0 -1 -1.000000 -1.000000
14 456 422 41 1 -1 0 0 0 -1 -1.000000 -1.000000
14 524 477 41 1 -1 0 0 0 -1 -1.000000 -1.000000
14 1475 737 281 0 -1 0 0 0 -1 -1.000000 -1.000000
15 38 476 51 1 -1 0 0 0 -1 -1.000000 -1.000000
15 107 792 53 1 -1 0 0 0 -1 -1.000000 -1.000000
15 158 614 51 1 -1 0 0 0 -1 -1.000000 -1.000000
15 243 560 42 1 -1 0 0 0 -1 -1.000000 -1.000000
15 428 586 41 1 -1 0 0 0 -1 -1.000000 -1.000000
15 208 177 237 0 -1 0 0 0 -1 -1.000000 -1.000000
15 1143 172 237 0 -1 0 0 0 -1 -1.000000 -1.000000
16 220 549 44 1 -1 0 0 0 -1 -1.000000 -1.000000
16 164 614 48 1 -1 0 0 0 -1 -1.000000 -1.000000
16 159 748 55 1 -1 0 0 0 -1 -1.000000 -1.000000
16 461 542 41 1 -1 0 0 0 -1 -1.000000 -1.000000
18 326 573 47 1 -1 0 0 0 -1 -1.000000 -1.000000
18 496 116 42 1 -1 0 0 0 -1 -1.000000 -1.000000
18 547 180 44 1 -1 0 0 0 -1 -1.000000 -1.000000
18 402 805 49 1 -1 0 0 0 -1 -1.000000 -1.000000
18 296 737 49 1 -1 0 0 0 -1 -1.000000 -1.000000
18 887 992 49 1 -1 0 0 0 -1 -1.000000 -1.000000
18 685 551 47 1 -1 0 0 0 -1 -1.000000 -1.000000
19 333 802 55 1 -1 0 0 0 -1 -1.000000 -1.000000
19 761 820 48 1 -1 0 0 0 -1 -1.000000 -1.000000
19 864 812 47 1 -1 0 0 0 -1 -1.000000 -1.000000
19 886 748 43 1 -1 0 0 0 -1 -1.000000 -1.000000
19 498 85 38 1 -1 0 0 0 -1 -1.000000 -1.000000
19 1006 976 42 1 -1 0 0 0 -1 -1.000000 -1.000000
19 394 582 45 1 -1 0 0 0 -1 -1.000000 -1.000000
19 649 505 41 1 -1 0 0 0 -1 -1.000000 -1.000000
20 360 815 47 1 -1 0 0 0 -1 -1.000000 -1.000000
20 429 550 47 1 -1 0 0 0 -1 -1.000000 -1.000000
20 631 414 47 1 -1 0 0 0 -1 -1.000000 -1.000000
20 580 850 47 1 -1 0 0 0 -1 -1.000000 -1.000000
20 878 802 47 1 -1 0 0 0 -1 -1.000000 -1.000000
20 923 986 42 1 -1 0 0 0 -1 -1.000000 -1.000000
20 777 804 42 1 -1 0 0 0 -1 -1.000000 -1.000000
20 721 695 41 1 -1 0 0 0 -1 -1.000000 -1.000000
20 623 664 41 1 -1 0 0 0 -1 -1.000000 -1.000000
20 698 490 41 1 -1 0 0 0 -1 -1.000000 -1.000000
20 736 549 41 1 -1 0 0 0 -1 -1.000000 -1.000000
21 417 792 44 1 -1 0 0 0 -1 -1.000000 -1.000000
21 769 672 41 1 -1 0 0 0 -1 -1.000000 -1.000000
21 738 474 41 1 -1 0 0 0 -1 -1.000000 -1.000000
21 491 533 42 1 -1 0 0 0 -1 -1.000000 -1.000000
21 673 283 43 1 -1 0 0 0 -1 -1.000000 -1.000000
21 959 986 45 1 -1 0 0 0 -1 -1.000000 -1.000000
22 511 821 44 1 -1 0 0 0 -1 -1.000000 -1.000000
22 773 881 44 1 -1 0 0 0 -1 -1.000000 -1.000000
22 580 590 44 1 -1 0 0 0 -1 -1.000000 -1.000000
22 735 197 47 1 -1 0 0 0 -1 -1.000000 -1.000000
22 839 728 45 1 -1 0 0 0 -1 -1.000000 -1.000000
22 744 695 45 1 -1 0 0 0 -1 -1.000000 -1.000000
22 811 508 45 1 -1 0 0 0 -1 -1.000000 -1.000000
23 586 853 47 1 -1 0 0 0 -1 -1.000000 -1.000000
23 649 644 47 1 -1 0 0 0 -1 -1.000000 -1.000000
23 920 874 47 1 -1 0 0 0 -1 -1.000000 -1.000000
23 1028 874 47 1 -1 0 0 0 -1 -1.000000 -1.000000
23 843 867 47 1 -1 0 0 0 -1 -1.000000 -1.000000
23 793 729 47 1 -1 0 0 0 -1 -1.000000 -1.000000
23 873 763 47 1 -1 0 0 0 -1 -1.000000 -1.000000
23 860 538 40 1 -1 0 0 0 -1 -1.000000 -1.000000
23 242 416 148 0 -1 0 0 0 -1 -1.000000 -1.000000
23 237 532 126 0 -1 1 1 1 -1 -1.000000 -1.000000
23 542 132 126 0 -1 1 1 1 -1 -1.000000 -1.000000
23 176 883 175 0 -1 1 1 1 -1 -1.000000 -1.000000
24 189 648 237 0 -1 0 0 0 -1 -1.000000 -1.000000
24 836 235 237 0 -1 0 0 0 -1 -1.000000 -1.000000
24 1609 549 237 0 -1 0 0 0 -1 -1.000000 -1.000000
25 44 323 40 1 -1 0 0 0 -1 -1.000000 -1.000000
25 319 930 53 1 -1 0 0 0 -1 -1.000000 -1.000000
25 476 514 237 0 -1 0 0 0 -1 -1.000000 -1.000000
25 880 261 237 0 -1 0 0 0 -1 -1.000000 -1.000000
26 293 825 53 1 -1 0 0 0 -1 -1.000000 -1.000000
26 91 295 47 1 -1 0 0 0 -1 -1.000000 -1.000000
26 880 848 47 1 -1 0 0 0 -1 -1.000000 -1.000000
26 900 580 43 1 -1 0 0 0 -1 -1.000000 -1.000000
26 988 668 43 1 -1 0 0 0 -1 -1.000000 -1.000000
26 1059 687 43 1 -1 0 0 0 -1 -1.000000 -1.000000
27 926 779 46 1 -1 0 0 0 -1 -1.000000 -1.000000
28 990 697 46 1 -1 0 0 0 -1 -1.000000 -1.000000
28 948 425 46 1 -1 0 0 0 -1 -1.000000 -1.000000
28 206 317 46 1 -1 0 0 0 -1 -1.000000 -1.000000
28 278 576 51 1 -1 0 0 0 -1 -1.000000 -1.000000
28 555 850 186 0 -1 0 0 0 -1 -1.000000 -1.000000
29 235 354 51 1 -1 0 0 0 -1 -1.000000 -1.000000
29 339 530 51 1 -1 0 0 0 -1 -1.000000 -1.000000
29 1077 651 51 1 -1 0 0 0 -1 -1.000000 -1.000000
30 273 338 51 1 -1 0 0 0 -1 -1.000000 -1.000000
30 404 469 51 1 -1 0 0 0 -1 -1.000000 -1.000000
30 1005 359 45 1 -1 0 0 0 -1 -1.000000 -1.000000
31 476 391 55 1 -1 0 0 0 -1 -1.000000 -1.000000
31 327 281 46 1 -1 0 0 0 -1 -1.000000 -1.000000
31 1033 303 46 1 -1 0 0 0 -1 -1.000000 -1.000000
32 1280 715 46 1 -1 0 0 0 -1 -1.000000 -1.000000
32 1362 697 46 1 -1 0 0 0 -1 -1.000000 -1.000000
32 1066 293 46 1 -1 0 0 0 -1 -1.000000 -1.000000
32 548 393 52 1 -1 0 0 0 -1 -1.000000 -1.000000
32 372 300 46 1 -1 0 0 0 -1 -1.000000 -1.000000
32 245 911 237 0 -1 0 0 0 -1 -1.000000 -1.000000
32 788 796 237 0 -1 0 0 0 -1 -1.000000 -1.000000
33 401 298 46 1 -1 0 0 0 -1 -1.000000 -1.000000
33 576 402 52 1 -1 0 0 0 -1 -1.000000 -1.000000
33 1357 764 52 1 -1 0 0 0 -1 -1.000000 -1.000000
33 1371 686 48 1 -1 0 0 0 -1 -1.000000 -1.000000
33 1091 281 41 1 -1 0 0 0 -1 -1.000000 -1.000000
33 1221 370 41 1 -1 0 0 0 -1 -1.000000 -1.000000
33 1283 691 42 1 -1 0 0 0 -1 -1.000000 -1.000000
33 294 800 237 0 -1 0 0 0 -1 -1.000000 -1.000000
33 166 172 171 0 -1 0 0 0 -1 -1.000000 -1.000000
33 1579 361 171 0 -1 0 0 0 -1 -1.000000 -1.000000
33 819 727 171 0 -1 0 0 0 -1 -1.000000 -1.000000
33 647 128 171 0 -1 0 0 0 -1 -1.000000 -1.000000
34 1296 684 48 1 -1 0 0 0 -1 -1.000000 -1.000000
34 1366 752 48 1 -1 0 0 0 -1 -1.000000 -1.000000
34 1378 679 48 1 -1 0 0 0 -1 -1.000000 -1.000000
34 576 385 56 1 -1 0 0 0 -1 -1.000000 -1.000000
34 446 296 49 1 -1 0 0 0 -1 -1.000000 -1.000000
35 506 309 49 1 -1 0 0 0 -1 -1.000000 -1.000000
35 558 378 54 1 -1 0 0 0 -1 -1.000000 -1.000000
35 1295 691 48 1 -1 0 0 0 -1 -1.000000 -1.000000
35 1360 748 48 1 -1 0 0 0 -1 -1.000000 -1.000000
35 1381 686 45 1 -1 0 0 0 -1 -1.000000 -1.000000
35 1233 375 45 1 -1 0 0 0 -1 -1.000000 -1.000000
35 1143 284 45 1 -1 0 0 0 -1 -1.000000 -1.000000
36 533 290 45 1 -1 0 0 0 -1 -1.000000 -1.000000
36 530 358 55 1 -1 0 0 0 -1 -1.000000 -1.000000
36 1273 682 48 1 -1 0 0 0 -1 -1.000000 -1.000000
36 1334 750 48 1 -1 0 0 0 -1 -1.000000 -1.000000
36 1355 683 48 1 -1 0 0 0 -1 -1.000000 -1.000000
36 1233 456 45 1 -1 0 0 0 -1 -1.000000 -1.000000
36 1143 282 45 1 -1 0 0 0 -1 -1.000000 -1.000000
36 783 29 40 1 -1 0 0 0 -1 -1.000000 -1.000000
36 1223 175 43 1 -1 0 0 0 -1 -1.000000 -1.000000
36 1206 375 43 1 -1 0 0 0 -1 -1.000000 -1.000000
36 241 870 175 0 -1 1 1 1 -1 -1.000000 -1.000000
36 522 909 175 0 -1 1 1 1 -1 -1.000000 -1.000000
36 197 406 175 0 -1 1 1 1 -1 -1.000000 -1.000000
37 575 285 48 1 -1 0 0 0 -1 -1.000000 -1.000000
37 550 385 55 1 -1 0 0 0 -1 -1.000000 -1.000000
37 1324 759 46 1 -1 0 0 0 -1 -1.000000 -1.000000
37 1262 692 44 1 -1 0 0 0 -1 -1.000000 -1.000000
37 1351 698 44 1 -1 0 0 0 -1 -1.000000 -1.000000
37 1224 467 43 1 -1 0 0 0 -1 -1.000000 -1.000000
37 1156 286 43 1 -1 0 0 0 -1 -1.000000 -1.000000
37 1197 388 42 1 -1 0 0 0 -1 -1.000000 -1.000000
38 625 277 46 1 -1 0 0 0 -1 -1.000000 -1.000000
38 598 437 54 1 -1 0 0 0 -1 -1.000000 -1.000000
38 814 136 42 1 -1 0 0 0 -1 -1.000000 -1.000000
38 1316 751 42 1 -1 0 0 0 -1 -1.000000 -1.000000
38 1265 682 42 1 -1 0 0 0 -1 -1.000000 -1.000000
38 1346 687 42 1 -1 0 0 0 -1 -1.000000 -1.000000
38 1342 603 44 1 -1 0 0 0 -1 -1.000000 -1.000000
38 1192 385 45 1 -1 0 0 0 -1 -1.000000 -1.000000
38 1168 292 44 1 -1 0 0 0 -1 -1.000000 -1.000000
38 1218 467 44 1 -1 0 0 0 -1 -1.000000 -1.000000
38 744 969 51 1 -1 0 0 0 -1 -1.000000 -1.000000
39 665 243 51 1 -1 0 0 0 -1 -1.000000 -1.000000
39 843 154 44 1 -1 0 0 0 -1 -1.000000 -1.000000
39 641 471 56 1 -1 0 0 0 -1 -1.000000 -1.000000
39 649 890 56 1 -1 0 0 0 -1 -1.000000 -1.000000
39 1307 715 45 1 -1 0 0 0 -1 -1.000000 -1.000000
39 1263 652 45 1 -1 0 0 0 -1 -1.000000 -1.000000
39 1346 665 45 1 -1 0 0 0 -1 -1.000000 -1.000000
39 1181 363 45 1 -1 0 0 0 -1 -1.000000 -1.000000
39 1178 271 45 1 -1 0 0 0 -1 -1.000000 -1.000000
40 705 244 46 1 -1 0 0 0 -1 -1.000000 -1.000000
40 667 509 53 1 -1 0 0 0 -1 -1.000000 -1.000000
40 554 833 55 1 -1 0 0 0 -1 -1.000000 -1.000000
40 73 296 45 1 -1 0 0 0 -1 -1.000000 -1.000000
40 1296 706 45 1 -1 0 0 0 -1 -1.000000 -1.000000
40 1263 636 45 1 -1 0 0 0 -1 -1.000000 -1.000000
40 1350 650 45 1 -1 0 0 0 -1 -1.000000 -1.000000
40 1184 353 45 1 -1 0 0 0 -1 -1.000000 -1.000000
41 1270 707 45 1 -1 0 0 0 -1 -1.000000 -1.000000
41 1234 640 45 1 -1 0 0 0 -1 -1.000000 -1.000000
41 1327 655 45 1 -1 0 0 0 -1 -1.000000 -1.000000
41 1168 366 45 1 -1 0 0 0 -1 -1.000000 -1.000000
41 872 252 45 1 -1 0 0 0 -1 -1.000000 -1.000000
41 738 257 45 1 -1 0 0 0 -1 -1.000000 -1.000000
41 672 531 55 1 -1 0 0 0 -1 -1.000000 -1.000000
41 466 786 55 1 -1 0 0 0 -1 -1.000000 -1.000000
41 92 312 44 1 -1 0 0 0 -1 -1.000000 -1.000000
42 103 307 44 1 -1 0 0 0 -1 -1.000000 -1.000000
42 402 750 47 1 -1 0 0 0 -1 -1.000000 -1.000000
42 657 531 56 1 -1 0 0 0 -1 -1.000000 -1.000000
42 750 272 45 1 -1 0 0 0 -1 -1.000000 -1.000000
42 863 281 39 1 -1 0 0 0 -1 -1.000000 -1.000000
42 1245 707 42 1 -1 0 0 0 -1 -1.000000 -1.000000
42 1211 643 42 1 -1 0 0 0 -1 -1.000000 -1.000000
42 1301 652 42 1 -1 0 0 0 -1 -1.000000 -1.000000
42 1224 502 42 1 -1 0 0 0 -1 -1.000000 -1.000000
42 1147 363 42 1 -1 0 0 0 -1 -1.000000 -1.000000
43 1225 707 42 1 -1 0 0 0 -1 -1.000000 -1.000000
43 1194 640 42 1 -1 0 0 0 -1 -1.000000 -1.000000
43 1280 651 42 1 -1 0 0 0 -1 -1.000000 -1.000000
43 1120 362 42 1 -1 0 0 0 -1 -1.000000 -1.000000
43 846 250 42 1 -1 0 0 0 -1 -1.000000 -1.000000
43 762 289 42 1 -1 0 0 0 -1 -1.000000 -1.000000
43 654 531 51 1 -1 0 0 0 -1 -1.000000 -1.000000
43 358 707 51 1 -1 0 0 0 -1 -1.000000 -1.000000
43 104 276 43 1 -1 0 0 0 -1 -1.000000 -1.000000
43 1124 268 43 1 -1 0 0 0 -1 -1.000000 -1.000000
44 810 205 43 1 -1 0 0 0 -1 -1.000000 -1.000000
44 754 295 43 1 -1 0 0 0 -1 -1.000000 -1.000000
44 1206 690 43 1 -1 0 0 0 -1 -1.000000 -1.000000
44 1171 633 43 1 -1 0 0 0 -1 -1.000000 -1.000000
44 1267 648 43 1 -1 0 0 0 -1 -1.000000 -1.000000
44 649 533 47 1 -1 0 0 0 -1 -1.000000 -1.000000
44 344 672 47 1 -1 0 0 0 -1 -1.000000 -1.000000
44 111 215 47 1 -1 0 0 0 -1 -1.000000 -1.000000
45 1177 634 47 1 -1 0 0 0 -1 -1.000000 -1.000000
45 1208 688 47 1 -1 0 0 0 -1 -1.000000 -1.000000
45 1270 652 47 1 -1 0 0 0 -1 -1.000000 -1.000000
45 1117 362 47 1 -1 0 0 0 -1 -1.000000 -1.000000
45 767 325 47 1 -1 0 0 0 -1 -1.000000 -1.000000
45 672 513 47 1 -1 0 0 0 -1 -1.000000 -1.000000
45 367 650 47 1 -1 0 0 0 -1 -1.000000 -1.000000
45 136 169 47 1 -1 0 0 0 -1 -1.000000 -1.000000
46 700 468 47 1 -1 0 0 0 -1 -1.000000 -1.000000
46 405 627 47 1 -1 0 0 0 -1 -1.000000 -1.000000
46 156 97 47 1 -1 0 0 0 -1 -1.000000 -1.000000
46 806 354 47 1 -1 0 0 0 -1 -1.000000 -1.000000
46 795 114 47 1 -1 0 0 0 -1 -1.000000 -1.000000
46 1219 683 47 1 -1 0 0 0 -1 -1.000000 -1.000000
46 1194 623 47 1 -1 0 0 0 -1 -1.000000 -1.000000
46 1290 645 47 1 -1 0 0 0 -1 -1.000000 -1.000000
46 1128 359 47 1 -1 0 0 0 -1 -1.000000 -1.000000
46 1099 286 47 1 -1 0 0 0 -1 -1.000000 -1.000000
47 742 427 47 1 -1 0 0 0 -1 -1.000000 -1.000000
47 811 83 47 1 -1 0 0 0 -1 -1.000000 -1.000000
47 460 596 47 1 -1 0 0 0 -1 -1.000000 -1.000000
47 422 38 47 1 -1 0 0 0 -1 -1.000000 -1.000000
47 1236 668 47 1 -1 0 0 0 -1 -1.000000 -1.000000
47 1216 613 47 1 -1 0 0 0 -1 -1.000000 -1.000000
47 1313 632 47 1 -1 0 0 0 -1 -1.000000 -1.000000
48 447 58 47 1 -1 0 0 0 -1 -1.000000 -1.000000
48 760 384 47 1 -1 0 0 0 -1 -1.000000 -1.000000
48 511 559 47 1 -1 0 0 0 -1 -1.000000 -1.000000
48 1246 635 47 1 -1 0 0 0 -1 -1.000000 -1.000000
48 1321 613 47 1 -1 0 0 0 -1 -1.000000 -1.000000
48 1173 332 47 1 -1 0 0 0 -1 -1.000000 -1.000000
48 896 344 47 1 -1 0 0 0 -1 -1.000000 -1.000000
49 34 570 47 1 -1 0 0 0 -1 -1.000000 -1.000000
49 554 523 47 1 -1 0 0 0 -1 -1.000000 -1.000000
49 470 63 47 1 -1 0 0 0 -1 -1.000000 -1.000000
49 779 351 47 1 -1 0 0 0 -1 -1.000000 -1.000000
49 915 301 47 1 -1 0 0 0 -1 -1.000000 -1.000000
49 1241 614 47 1 -1 0 0 0 -1 -1.000000 -1.000000
49 1323 590 47 1 -1 0 0 0 -1 -1.000000 -1.000000
49 1170 304 47 1 -1 0 0 0 -1 -1.000000 -1.000000
50 519 64 47 1 -1 0 0 0 -1 -1.000000 -1.000000
50 576 479 47 1 -1 0 0 0 -1 -1.000000 -1.000000
50 59 557 47 1 -1 0 0 0 -1 -1.000000 -1.000000
50 813 343 47 1 -1 0 0 0 -1 -1.000000 -1.000000
50 933 269 47 1 -1 0 0 0 -1 -1.000000 -1.000000
50 1228 602 47 1 -1 0 0 0 -1 -1.000000 -1.000000
50 1317 577 47 1 -1 0 0 0 -1 -1.000000 -1.000000
50 1162 294 47 1 -1 0 0 0 -1 -1.000000 -1.000000
51 604 437 47 1 -1 0 0 0 -1 -1.000000 -1.000000
51 586 54 47 1 -1 0 0 0 -1 -1.000000 -1.000000
51 856 328 47 1 -1 0 0 0 -1 -1.000000 -1.000000
51 941 256 47 1 -1 0 0 0 -1 -1.000000 -1.000000
51 1221 573 47 1 -1 0 0 0 -1 -1.000000 -1.000000
51 1321 553 47 1 -1 0 0 0 -1 -1.000000 -1.000000
51 1153 271 47 1 -1 0 0 0 -1 -1.000000 -1.000000
51 1178 325 47 1 -1 0 0 0 -1 -1.000000 -1.000000
51 89 496 47 1 -1 0 0 0 -1 -1.000000 -1.000000
51 143 577 47 1 -1 0 0 0 -1 -1.000000 -1.000000
52 142 497 47 1 -1 0 0 0 -1 -1.000000 -1.000000
52 154 409 47 1 -1 0 0 0 -1 -1.000000 -1.000000
52 651 389 47 1 -1 0 0 0 -1 -1.000000 -1.000000
52 900 326 47 1 -1 0 0 0 -1 -1.000000 -1.000000
52 978 251 47 1 -1 0 0 0 -1 -1.000000 -1.000000
52 1221 568 47 1 -1 0 0 0 -1 -1.000000 -1.000000
52 1315 555 47 1 -1 0 0 0 -1 -1.000000 -1.000000
52 1178 378 47 1 -1 0 0 0 -1 -1.000000 -1.000000
52 1165 262 47 1 -1 0 0 0 -1 -1.000000 -1.000000
52 1180 315 47 1 -1 0 0 0 -1 -1.000000 -1.000000
53 156 416 47 1 -1 0 0 0 -1 -1.000000 -1.000000
53 233 316 47 1 -1 0 0 0 -1 -1.000000 -1.000000
53 698 370 47 1 -1 0 0 0 -1 -1.000000 -1.000000
53 939 356 47 1 -1 0 0 0 -1 -1.000000 -1.000000
53 1025 271 47 1 -1 0 0 0 -1 -1.000000 -1.000000
53 1232 578 47 1 -1 0 0 0 -1 -1.000000 -1.000000
53 1326 551 47 1 -1 0 0 0 -1 -1.000000 -1.000000
53 1258 410 38 1 -1 0 0 0 -1 -1.000000 -1.000000
53 1179 266 38 1 -1 0 0 0 -1 -1.000000 -1.000000
53 1207 520 41 1 -1 0 0 0 -1 -1.000000 -1.000000
54 736 357 42 1 -1 0 0 0 -1 -1.000000 -1.000000
54 960 388 48 1 -1 0 0 0 -1 -1.000000 -1.000000
54 1041 287 45 1 -1 0 0 0 -1 -1.000000 -1.000000
54 1228 566 45 1 -1 0 0 0 -1 -1.000000 -1.000000
54 1327 544 45 1 -1 0 0 0 -1 -1.000000 -1.000000
54 1177 261 43 1 -1 0 0 0 -1 -1.000000 -1.000000
54 1266 409 40 1 -1 0 0 0 -1 -1.000000 -1.000000
54 295 230 46 1 -1 0 0 0 -1 -1.000000 -1.000000
55 350 180 50 1 -1 0 0 0 -1 -1.000000 -1.000000
55 238 228 50 1 -1 0 0 0 -1 -1.000000 -1.000000
55 760 344 44 1 -1 0 0 0 -1 -1.000000 -1.000000
55 974 407 46 1 -1 0 0 0 -1 -1.000000 -1.000000
55 1049 300 46 1 -1 0 0 0 -1 -1.000000 -1.000000
55 1214 559 46 1 -1 0 0 0 -1 -1.000000 -1.000000
55 1319 535 46 1 -1 0 0 0 -1 -1.000000 -1.000000
55 1197 510 44 1 -1 0 0 0 -1 -1.000000 -1.000000
55 1262 396 44 1 -1 0 0 0 -1 -1.000000 -1.000000
55 1205 295 42 1 -1 0 0 0 -1 -1.000000 -1.000000
56 293 169 48 1 -1 0 0 0 -1 -1.000000 -1.000000
56 414 188 50 1 -1 0 0 0 -1 -1.000000 -1.000000
56 773 341 44 1 -1 0 0 0 -1 -1.000000 -1.000000
56 874 218 44 1 -1 0 0 0 -1 -1.000000 -1.000000
56 985 420 46 1 -1 0 0 0 -1 -1.000000 -1.000000
56 1052 329 45 1 -1 0 0 0 -1 -1.000000 -1.000000
56 1200 559 45 1 -1 0 0 0 -1 -1.000000 -1.000000
56 1309 542 45 1 -1 0 0 0 -1 -1.000000 -1.000000
56 1256 402 45 1 -1 0 0 0 -1 -1.000000 -1.000000
56 1171 375 45 1 -1 0 0 0 -1 -1.000000 -1.000000
56 1201 298 43 1 -1 0 0 0 -1 -1.000000 -1.000000
56 1094 197 43 1 -1 0 0 0 -1 -1.000000 -1.000000
56 1113 131 42 1 -1 0 0 0 -1 -1.000000 -1.000000
56 1182 509 42 1 -1 0 0 0 -1 -1.000000 -1.000000
57 340 110 55 1 -1 0 0 0 -1 -1.000000 -1.000000
57 482 228 49 1 -1 0 0 0 -1 -1.000000 -1.000000
57 784 335 46 1 -1 0 0 0 -1 -1.000000 -1.000000
57 884 261 46 1 -1 0 0 0 -1 -1.000000 -1.000000
57 999 396 50 1 -1 0 0 0 -1 -1.000000 -1.000000
57 1197 565 47 1 -1 0 0 0 -1 -1.000000 -1.000000
57 1311 536 47 1 -1 0 0 0 -1 -1.000000 -1.000000
57 1182 510 43 1 -1 0 0 0 -1 -1.000000 -1.000000
57 1207 289 43 1 -1 0 0 0 -1 -1.000000 -1.000000
57 1087 199 41 1 -1 0 0 0 -1 -1.000000 -1.000000
57 1101 135 41 1 -1 0 0 0 -1 -1.000000 -1.000000
57 1262 402 41 1 -1 0 0 0 -1 -1.000000 -1.000000
57 1173 380 44 1 -1 0 0 0 -1 -1.000000 -1.000000
57 1049 343 45 1 -1 0 0 0 -1 -1.000000 -1.000000
58 1196 571 45 1 -1 0 0 0 -1 -1.000000 -1.000000
58 1176 514 45 1 -1 0 0 0 -1 -1.000000 -1.000000
58 1316 533 45 1 -1 0 0 0 -1 -1.000000 -1.000000
58 1267 407 45 1 -1 0 0 0 -1 -1.000000 -1.000000
58 1225 291 45 1 -1 0 0 0 -1 -1.000000 -1.000000
58 1090 202 45 1 -1 0 0 0 -1 -1.000000 -1.000000
58 1105 133 45 1 -1 0 0 0 -1 -1.000000 -1.000000
58 1005 380 45 1 -1 0 0 0 -1 -1.000000 -1.000000
58 797 347 45 1 -1 0 0 0 -1 -1.000000 -1.000000
58 874 310 45 1 -1 0 0 0 -1 -1.000000 -1.000000
58 514 256 47 1 -1 0 0 0 -1 -1.000000 -1.000000
58 397 85 58 1 -1 0 0 0 -1 -1.000000 -1.000000
58 1179 384 53 1 -1 0 0 0 -1 -1.000000 -1.000000
59 506 265 53 1 -1 0 0 0 -1 -1.000000 -1.000000
59 446 107 57 1 -1 0 0 0 -1 -1.000000 -1.000000
59 1030 392 51 1 -1 0 0 0 -1 -1.000000 -1.000000
59 1117 142 46 1 -1 0 0 0 -1 -1.000000 -1.000000
59 1094 219 44 1 -1 0 0 0 -1 -1.000000 -1.000000
59 1191 581 44 1 -1 0 0 0 -1 -1.000000 -1.000000
59 1186 528 44 1 -1 0 0 0 -1 -1.000000 -1.000000
59 1324 552 44 1 -1 0 0 0 -1 -1.000000 -1.000000
59 1168 273 44 1 -1 0 0 0 -1 -1.000000 -1.000000
60 475 155 57 1 -1 0 0 0 -1 -1.000000 -1.000000
60 835 396 47 1 -1 0 0 0 -1 -1.000000 -1.000000
60 456 284 48 1 -1 0 0 0 -1 -1.000000 -1.000000
60 1180 606 48 1 -1 0 0 0 -1 -1.000000 -1.000000
60 1326 553 48 1 -1 0 0 0 -1 -1.000000 -1.000000
60 1062 413 49 1 -1 0 0 0 -1 -1.000000 -1.000000
60 1086 238 44 1 -1 0 0 0 -1 -1.000000 -1.000000
60 1114 163 43 1 -1 0 0 0 -1 -1.000000 -1.000000
60 1169 292 43 1 -1 0 0 0 -1 -1.000000 -1.000000
61 851 408 47 1 -1 0 0 0 -1 -1.000000 -1.000000
61 507 250 53 1 -1 0 0 0 -1 -1.000000 -1.000000
61 432 341 46 1 -1 0 0 0 -1 -1.000000 -1.000000
61 664 461 53 1 -1 0 0 0 -1 -1.000000 -1.000000
62 634 506 53 1 -1 0 0 0 -1 -1.000000 -1.000000
62 449 416 42 1 -1 0 0 0 -1 -1.000000 -1.000000
62 509 335 52 1 -1 0 0 0 -1 -1.000000 -1.000000
62 887 414 47 1 -1 0 0 0 -1 -1.000000 -1.000000
62 119 92 51 1 15 0 0 0 -1 -1.000000 -1.000000
63 630 519 53 1 -1 0 0 0 -1 -1.000000 -1.000000
63 502 398 53 1 -1 0 0 0 -1 -1.000000 -1.000000
63 181 87 53 1 15 0 0 0 -1 -1.000000 -1.000000
63 1192 697 48 1 -1 0 0 0 -1 -1.000000 -1.000000
63 1207 392 43 1 -1 0 0 0 -1 -1.000000 -1.000000
63 1118 320 41 1 -1 0 0 0 -1 -1.000000 -1.000000
63 923 401 44 1 -1 0 0 0 -1 -1.000000 -1.000000
64 215 90 44 1 15 0 0 0 -1 -1.000000 -1.000000
64 651 540 53 1 -1 0 0 0 -1 -1.000000 -1.000000
64 482 446 53 1 -1 0 0 0 -1 -1.000000 -1.000000
64 280 234 53 1 -1 0 0 0 -1 -1.000000 -1.000000
64 1200 705 45 1 -1 0 0 0 -1 -1.000000 -1.000000
64 1219 650 45 1 -1 0 0 0 -1 -1.000000 -1.000000
64 1165 263 45 1 -1 0 0 0 -1 -1.000000 -1.000000
65 241 113 47 1 15 0 0 0 -1 -1.000000 -1.000000
65 300 265 46 1 -1 0 0 0 -1 -1.000000 -1.000000
65 449 492 56 1 -1 0 0 0 -1 -1.000000 -1.000000
65 673 571 56 1 -1 0 0 0 -1 -1.000000 -1.000000
65 1188 555 48 1 -1 0 0 0 -1 -1.000000 -1.000000
65 1380 674 48 1 -1 0 0 0 -1 -1.000000 -1.000000
65 1211 716 48 1 -1 0 0 0 -1 -1.000000 -1.000000
66 315 277 48 1 -1 0 0 0 -1 -1.000000 -1.000000
66 262 138 48 1 15 0 0 0 -1 -1.000000 -1.000000
66 425 525 53 1 -1 0 0 0 -1 -1.000000 -1.000000
66 710 625 55 1 -1 0 0 0 -1 -1.000000 -1.000000
66 549 639 55 1 -1 0 0 0 -1 -1.000000 -1.000000
66 1222 722 50 1 -1 0 0 0 -1 -1.000000 -1.000000
66 1208 561 48 1 -1 0 0 0 -1 -1.000000 -1.000000
66 1301 704 48 1 -1 0 0 0 -1 -1.000000 -1.000000
66 1267 422 44 1 -1 0 0 0 -1 -1.000000 -1.000000
66 571 235 44 1 -1 0 0 0 -1 -1.000000 -1.000000
67 601 267 44 1 -1 0 0 0 -1 -1.000000 -1.000000
67 285 150 46 1 15 0 0 0 -1 -1.000000 -1.000000
67 336 257 46 1 -1 0 0 0 -1 -1.000000 -1.000000
67 560 678 46 1 -1 0 0 0 -1 -1.000000 -1.000000
67 414 523 53 1 -1 0 0 0 -1 -1.000000 -1.000000
67 1232 712 48 1 -1 0 0 0 -1 -1.000000 -1.000000
67 1271 650 45 1 -1 0 0 0 -1 -1.000000 -1.000000
67 1219 556 44 1 -1 0 0 0 -1 -1.000000 -1.000000
67 1264 573 44 1 -1 0 0 0 -1 -1.000000 -1.000000
67 1281 415 43 1 -1 0 0 0 -1 -1.000000 -1.000000
67 1216 286 43 1 -1 0 0 0 -1 -1.000000 -1.000000
67 1117 489 43 1 -1 0 0 0 -1 -1.000000 -1.000000
68 306 166 48 1 15 0 0 0 -1 -1.000000 -1.000000
68 361 226 48 1 -1 0 0 0 -1 -1.000000 -1.000000
68 423 535 57 1 -1 0 0 0 -1 -1.000000 -1.000000
68 571 689 41 1 -1 0 0 0 -1 -1.000000 -1.000000
68 1147 495 48 1 -1 0 0 0 -1 -1.000000 -1.000000
68 1295 420 42 1 -1 0 0 0 -1 -1.000000 -1.000000
68 1228 279 39 1 -1 0 0 0 -1 -1.000000 -1.000000
68 1244 706 45 1 -1 0 0 0 -1 -1.000000 -1.000000
68 1279 565 41 1 -1 0 0 0 -1 -1.000000 -1.000000
68 764 773 57 1 -1 0 0 0 -1 -1.000000 -1.000000
68 591 352 46 1 10 0 0 0 -1 -1.000000 -1.000000
68 650 287 46 1 -1 0 0 0 -1 -1.000000 -1.000000
69 713 310 46 1 -1 0 0 0 -1 -1.000000 -1.000000
69 555 379 46 1 10 0 0 0 -1 -1.000000 -1.000000
69 434 576 57 1 -1 0 0 0 -1 -1.000000 -1.000000
69 565 713 44 1 -1 0 0 0 -1 -1.000000 -1.000000
69 813 834 57 1 -1 0 0 0 -1 -1.000000 -1.000000
69 1250 712 44 1 -1 0 0 0 -1 -1.000000 -1.000000
69 1291 575 44 1 -1 0 0 0 -1 -1.000000 -1.000000
69 1181 507 44 1 -1 0 0 0 -1 -1.000000 -1.000000
69 1312 430 44 1 -1 0 0 0 -1 -1.000000 -1.000000
69 1218 190 45 1 16 0 0 0 -1 -1.000000 -1.000000
69 328 220 44 1 15 0 0 0 -1 -1.000000 -1.000000
69 254 850 175 0 -1 1 1 1 -1 -1.000000 -1.000000
70 404 169 45 1 -1 0 0 0 -1 -1.000000 -1.000000
70 345 261 45 1 15 0 0 0 -1 -1.000000 -1.000000
70 538 378 45 1 10 0 0 0 -1 -1.000000 -1.000000
70 440 631 53 1 -1 0 0 0 -1 -1.000000 -1.000000
70 870 842 62 1 -1 0 0 0 -1 -1.000000 -1.000000
70 1199 516 47 1 -1 0 0 0 -1 -1.000000 -1.000000
70 1254 713 45 1 -1 0 0 0 -1 -1.000000 -1.000000
70 1235 357 45 1 -1 0 0 0 -1 -1.000000 -1.000000
70 1244 439 45 1 -1 0 0 0 -1 -1.000000 -1.000000
70 1231 192 45 1 16 0 0 0 -1 -1.000000 -1.000000
70 1292 582 45 1 -1 0 0 0 -1 -1.000000 -1.000000
71 367 286 45 1 15 0 0 0 -1 -1.000000 -1.000000
71 540 345 45 1 10 0 0 0 -1 -1.000000 -1.000000
71 423 701 54 1 -1 0 0 0 -1 -1.000000 -1.000000
71 939 813 60 1 -1 0 0 0 -1 -1.000000 -1.000000
71 1256 714 47 1 -1 0 0 0 -1 -1.000000 -1.000000
71 1213 530 47 1 -1 0 0 0 -1 -1.000000 -1.000000
71 1343 718 47 1 -1 0 0 0 -1 -1.000000 -1.000000
71 1304 574 47 1 -1 0 0 0 -1 -1.000000 -1.000000
71 1320 645 47 1 -1 0 0 0 -1 -1.000000 -1.000000
71 1240 360 47 1 -1 0 0 0 -1 -1.000000 -1.000000
71 1234 195 47 1 16 0 0 0 -1 -1.000000 -1.000000
71 1248 431 45 1 -1 0 0 0 -1 -1.000000 -1.000000
72 1256 700 42 1 -1 0 0 0 -1 -1.000000 -1.000000
72 1317 633 42 1 -1 0 0 0 -1 -1.000000 -1.000000
72 1312 561 42 1 -1 0 0 0 -1 -1.000000 -1.000000
72 1224 513 42 1 -1 0 0 0 -1 -1.000000 -1.000000
72 1248 420 42 1 -1 0 0 0 -1 -1.000000 -1.000000
72 1242 352 42 1 -1 0 0 0 -1 -1.000000 -1.000000
72 1229 185 42 1 16 0 0 0 -1 -1.000000 -1.000000
72 1356 718 47 1 -1 0 0 0 -1 -1.000000 -1.000000
72 1002 756 59 1 -1 0 0 0 -1 -1.000000 -1.000000
72 565 277 53 1 10 0 0 0 -1 -1.000000 -1.000000
72 406 283 53 1 15 0 0 0 -1 -1.000000 -1.000000
72 395 742 59 1 -1 0 0 0 -1 -1.000000 -1.000000
73 389 760 59 1 -1 0 0 0 -1 -1.000000 -1.000000
73 1070 710 59 1 -1 0 0 0 -1 -1.000000 -1.000000
73 1277 703 45 1 -1 0 0 0 -1 -1.000000 -1.000000
73 1367 719 45 1 -1 0 0 0 -1 -1.000000 -1.000000
73 1331 637 41 1 -1 0 0 0 -1 -1.000000 -1.000000
73 1336 558 41 1 -1 0 0 0 -1 -1.000000 -1.000000
73 1241 180 41 1 16 0 0 0 -1 -1.000000 -1.000000
73 1257 353 41 1 -1 0 0 0 -1 -1.000000 -1.000000
73 609 216 44 1 10 0 0 0 -1 -1.000000 -1.000000
74 1294 709 41 1 -1 0 0 0 -1 -1.000000 -1.000000
74 1340 645 41 1 -1 0 0 0 -1 -1.000000 -1.000000
74 1353 565 41 1 -1 0 0 0 -1 -1.000000 -1.000000
74 1379 722 41 1 -1 0 0 0 -1 -1.000000 -1.000000
74 1274 355 41 1 -1 0 0 0 -1 -1.000000 -1.000000
74 1251 191 41 1 16 0 0 0 -1 -1.000000 -1.000000
74 405 751 60 1 -1 0 0 0 -1 -1.000000 -1.000000
74 506 160 40 1 -1 0 0 0 -1 -1.000000 -1.000000
74 1103 640 59 1 -1 0 0 0 -1 -1.000000 -1.000000
74 555 282 51 1 15 0 0 0 -1 -1.000000 -1.000000
75 689 115 40 1 10 0 0 0 -1 -1.000000 -1.000000
75 496 198 48 1 -1 0 0 0 -1 -1.000000 -1.000000
75 413 732 56 1 -1 0 0 0 -1 -1.000000 -1.000000
75 1340 647 45 1 -1 0 0 0 -1 -1.000000 -1.000000
75 1300 702 45 1 -1 0 0 0 -1 -1.000000 -1.000000
75 1259 195 45 1 16 0 0 0 -1 -1.000000 -1.000000
75 1281 360 45 1 -1 0 0 0 -1 -1.000000 -1.000000
75 1103 555 62 1 -1 0 0 0 -1 -1.000000 -1.000000
75 624 291 53 1 15 0 0 0 -1 -1.000000 -1.000000
76 503 250 45 1 -1 0 0 0 -1 -1.000000 -1.000000
76 720 77 45 1 10 0 0 0 -1 -1.000000 -1.000000
76 401 684 52 1 -1 0 0 0 -1 -1.000000 -1.000000
76 308 468 44 1 -1 0 0 0 -1 -1.000000 -1.000000
76 1304 714 40 1 -1 0 0 0 -1 -1.000000 -1.000000
76 1342 653 40 1 -1 0 0 0 -1 -1.000000 -1.000000
76 1359 575 39 1 -1 0 0 0 -1 -1.000000 -1.000000
76 1327 491 39 1 -1 0 0 0 -1 -1.000000 -1.000000
76 1260 206 45 1 16 0 0 0 -1 -1.000000 -1.000000
76 1390 742 47 1 -1 0 0 0 -1 -1.000000 -1.000000
76 1280 367 39 1 -1 0 0 0 -1 -1.000000 -1.000000
76 691 317 50 1 15 0 0 0 -1 -1.000000 -1.000000
76 1104 394 44 1 -1 0 0 0 -1 -1.000000 -1.000000
76 1086 472 55 1 -1 0 0 0 -1 -1.000000 -1.000000
77 1123 410 40 1 -1 0 0 0 -1 -1.000000 -1.000000
77 279 432 43 1 -1 0 0 0 -1 -1.000000 -1.000000
77 374 626 49 1 -1 0 0 0 -1 -1.000000 -1.000000
77 497 296 45 1 -1 0 0 0 -1 -1.000000 -1.000000
77 1308 716 45 1 -1 0 0 0 -1 -1.000000 -1.000000
77 1380 743 45 1 -1 0 0 0 -1 -1.000000 -1.000000
77 1280 586 45 1 -1 0 0 0 -1 -1.000000 -1.000000
77 1282 366 45 1 -1 0 0 0 -1 -1.000000 -1.000000
77 1253 204 45 1 16 0 0 0 -1 -1.000000 -1.000000
77 1342 500 45 1 -1 0 0 0 -1 -1.000000 -1.000000
77 1391 600 46 1 -1 0 0 0 -1 -1.000000 -1.000000
77 750 351 48 1 15 0 0 0 -1 -1.000000 -1.000000
77 684 358 48 1 -1 0 0 0 -1 -1.000000 -1.000000
77 749 46 42 1 10 0 0 0 -1 -1.000000 -1.000000
77 1014 351 56 1 -1 0 0 0 -1 -1.000000 -1.000000
78 255 412 46 1 -1 0 0 0 -1 -1.000000 -1.000000
78 346 583 54 1 -1 0 0 0 -1 -1.000000 -1.000000
78 1135 436 42 1 -1 0 0 0 -1 -1.000000 -1.000000
78 501 337 42 1 -1 0 0 0 -1 -1.000000 -1.000000
78 1246 207 44 1 16 0 0 0 -1 -1.000000 -1.000000
78 1326 654 39 1 -1 0 0 0 -1 -1.000000 -1.000000
78 1299 717 40 1 -1 0 0 0 -1 -1.000000 -1.000000
78 1372 744 44 1 -1 0 0 0 -1 -1.000000 -1.000000
78 1300 474 44 1 -1 0 0 0 -1 -1.000000 -1.000000
78 1278 588 47 1 -1 0 0 0 -1 -1.000000 -1.000000
78 811 372 47 1 15 0 0 0 -1 -1.000000 -1.000000
78 729 376 47 1 -1 0 0 0 -1 -1.000000 -1.000000
78 931 235 57 1 -1 0 0 0 -1 -1.000000 -1.000000
78 775 41 45 1 10 0 0 0 -1 -1.000000 -1.000000
79 515 358 47 1 -1 0 0 0 -1 -1.000000 -1.000000
79 334 554 51 1 -1 0 0 0 -1 -1.000000 -1.000000
79 1155 472 46 1 -1 0 0 0 -1 -1.000000 -1.000000
79 1245 209 45 1 16 0 0 0 -1 -1.000000 -1.000000
79 1313 715 45 1 -1 0 0 0 -1 -1.000000 -1.000000
79 1331 650 45 1 -1 0 0 0 -1 -1.000000 -1.000000
79 1384 748 48 1 -1 0 0 0 -1 -1.000000 -1.000000
79 1268 589 46 1 -1 0 0 0 -1 -1.000000 -1.000000
79 277 386 45 1 -1 0 0 0 -1 -1.000000 -1.000000
79 1300 477 39 1 -1 0 0 0 -1 -1.000000 -1.000000
79 799 377 51 1 -1 0 0 0 -1 -1.000000 -1.000000
79 808 50 44 1 10 0 0 0 -1 -1.000000 -1.000000
79 882 366 42 1 17 0 0 0 -1 -1.000000 -1.000000
80 335 530 48 1 -1 0 0 0 -1 -1.000000 -1.000000
80 1174 480 48 1 -1 0 0 0 -1 -1.000000 -1.000000
80 542 357 44 1 -1 0 0 0 -1 -1.000000 -1.000000
80 1394 742 47 1 -1 0 0 0 -1 -1.000000 -1.000000
80 1372 529 45 1 -1 0 0 0 -1 -1.000000 -1.000000
80 1326 702 44 1 -1 0 0 0 -1 -1.000000 -1.000000
80 1276 581 44 1 -1 0 0 0 -1 -1.000000 -1.000000
80 1253 204 45 1 16 0 0 0 -1 -1.000000 -1.000000
80 842 45 41 1 10 0 0 0 -1 -1.000000 -1.000000
80 935 367 44 1 17 0 0 0 -1 -1.000000 -1.000000
80 870 368 48 1 -1 0 0 0 -1 -1.000000 -1.000000
81 1194 471 41 1 -1 0 0 0 -1 -1.000000 -1.000000
81 1328 701 41 1 -1 0 0 0 -1 -1.000000 -1.000000
81 1389 730 41 1 -1 0 0 0 -1 -1.000000 -1.000000
81 1275 572 41 1 -1 0 0 0 -1 -1.000000 -1.000000
81 1363 516 41 1 -1 0 0 0 -1 -1.000000 -1.000000
81 1254 199 45 1 16 0 0 0 -1 -1.000000 -1.000000
81 865 25 40 1 10 0 0 0 -1 -1.000000 -1.000000
81 343 515 48 1 -1 0 0 0 -1 -1.000000 -1.000000
81 571 348 46 1 -1 0 0 0 -1 -1.000000 -1.000000
82 588 361 46 1 -1 0 0 0 -1 -1.000000 -1.000000
82 368 496 51 1 -1 0 0 0 -1 -1.000000 -1.000000
82 1198 452 51 1 -1 0 0 0 -1 -1.000000 -1.000000
82 1338 697 49 1 -1 0 0 0 -1 -1.000000 -1.000000
82 1388 728 49 1 -1 0 0 0 -1 -1.000000 -1.000000
82 1280 570 48 1 -1 0 0 0 -1 -1.000000 -1.000000
82 1252 194 47 1 16 0 0 0 -1 -1.000000 -1.000000
83 414 489 55 1 -1 0 0 0 -1 -1.000000 -1.000000
83 1196 431 44 1 -1 0 0 0 -1 -1.000000 -1.000000
83 1338 691 44 1 -1 0 0 0 -1 -1.000000 -1.000000
83 1334 617 44 1 -1 0 0 0 -1 -1.000000 -1.000000
83 1393 724 44 1 -1 0 0 0 -1 -1.000000 -1.000000
83 1280 557 44 1 -1 0 0 0 -1 -1.000000 -1.000000
83 887 15 38 1 10 0 0 0 -1 -1.000000 -1.000000
83 1250 193 46 1 16 0 0 0 -1 -1.000000 -1.000000
83 1039 394 48 1 -1 0 0 0 -1 -1.000000 -1.000000
83 1082 435 48 1 17 0 0 0 -1 -1.000000 -1.000000
83 595 414 48 1 -1 0 0 0 -1 -1.000000 -1.000000
83 112 424 54 1 22 0 0 0 -1 -1.000000 -1.000000
84 1068 392 46 1 -1 0 0 0 -1 -1.000000 -1.000000
84 1195 429 46 1 -1 0 0 0 -1 -1.000000 -1.000000
84 1117 445 46 1 17 0 0 0 -1 -1.000000 -1.000000
84 1350 684 46 1 -1 0 0 0 -1 -1.000000 -1.000000
84 1393 717 46 1 -1 0 0 0 -1 -1.000000 -1.000000
84 1463 668 46 1 -1 0 0 0 -1 -1.000000 -1.000000
84 1281 555 46 1 -1 0 0 0 -1 -1.000000 -1.000000
84 1333 611 46 1 -1 0 0 0 -1 -1.000000 -1.000000
84 1316 476 46 1 -1 0 0 0 -1 -1.000000 -1.000000
84 1247 186 46 1 16 0 0 0 -1 -1.000000 -1.000000
84 888 51 40 1 10 0 0 0 -1 -1.000000 -1.000000
84 477 482 57 1 -1 0 0 0 -1 -1.000000 -1.000000
84 205 408 54 1 22 0 0 0 -1 -1.000000 -1.000000
84 907 524 56 1 -1 0 0 0 -1 -1.000000 -1.000000
85 534 481 57 1 -1 0 0 0 -1 -1.000000 -1.000000
85 1074 395 46 1 -1 0 0 0 -1 -1.000000 -1.000000
85 1135 453 46 1 17 0 0 0 -1 -1.000000 -1.000000
85 1196 440 46 1 -1 0 0 0 -1 -1.000000 -1.000000
85 1297 547 46 1 -1 0 0 0 -1 -1.000000 -1.000000
85 1327 610 46 1 -1 0 0 0 -1 -1.000000 -1.000000
85 1391 714 46 1 -1 0 0 0 -1 -1.000000 -1.000000
85 1350 676 46 1 -1 0 0 0 -1 -1.000000 -1.000000
85 1244 186 50 1 16 0 0 0 -1 -1.000000 -1.000000
85 952 545 95 1 -1 0 0 0 -1 -1.000000 -1.000000
85 875 88 42 1 10 0 0 0 -1 -1.000000 -1.000000
85 293 383 52 1 22 0 0 0 -1 -1.000000 -1.000000
85 836 790 52 1 -1 0 0 0 -1 -1.000000 -1.000000
86 1082 400 49 1 -1 0 0 0 -1 -1.000000 -1.000000
86 598 471 51 1 -1 0 0 0 -1 -1.000000 -1.000000
86 1320 616 48 1 -1 0 0 0 -1 -1.000000 -1.000000
86 1343 680 46 1 -1 0 0 0 -1 -1.000000 -1.000000
86 1389 717 43 1 -1 0 0 0 -1 -1.000000 -1.000000
86 1157 469 37 1 17 0 0 0 -1 -1.000000 -1.000000
86 1221 464 37 1 -1 0 0 0 -1 -1.000000 -1.000000
86 1234 196 46 1 16 0 0 0 -1 -1.000000 -1.000000
86 898 540 95 1 -1 0 0 0 -1 -1.000000 -1.000000
86 392 346 64 1 22 0 0 0 -1 -1.000000 -1.000000
86 853 136 45 1 10 0 0 0 -1 -1.000000 -1.000000
87 1089 400 46 1 -1 0 0 0 -1 -1.000000 -1.000000
87 1227 194 46 1 16 0 0 0 -1 -1.000000 -1.000000
87 1306 616 46 1 -1 0 0 0 -1 -1.000000 -1.000000
87 1169 485 46 1 17 0 0 0 -1 -1.000000 -1.000000
87 1341 679 46 1 -1 0 0 0 -1 -1.000000 -1.000000
87 1283 545 46 1 -1 0 0 0 -1 -1.000000 -1.000000
87 635 446 52 1 -1 0 0 0 -1 -1.000000 -1.000000
87 476 332 52 1 22 0 0 0 -1 -1.000000 -1.000000
88 538 324 55 1 22 0 0 0 -1 -1.000000 -1.000000
88 1101 400 46 1 -1 0 0 0 -1 -1.000000 -1.000000
88 1220 194 46 1 16 0 0 0 -1 -1.000000 -1.000000
88 1332 677 46 1 -1 0 0 0 -1 -1.000000 -1.000000
88 1297 616 46 1 -1 0 0 0 -1 -1.000000 -1.000000
88 1280 543 46 1 -1 0 0 0 -1 -1.000000 -1.000000
88 1384 709 46 1 -1 0 0 0 -1 -1.000000 -1.000000
88 627 400 52 1 -1 0 0 0 -1 -1.000000 -1.000000
88 770 258 46 1 10 0 0 0 -1 -1.000000 -1.000000
89 748 302 46 1 10 0 0 0 -1 -1.000000 -1.000000
89 1212 194 46 1 16 0 0 0 -1 -1.000000 -1.000000
89 1120 408 48 1 -1 0 0 0 -1 -1.000000 -1.000000
89 1191 470 46 1 -1 0 0 0 -1 -1.000000 -1.000000
89 1289 618 46 1 -1 0 0 0 -1 -1.000000 -1.000000
89 1331 676 47 1 -1 0 0 0 -1 -1.000000 -1.000000
89 1381 707 47 1 -1 0 0 0 -1 -1.000000 -1.000000
89 600 334 49 1 22 0 0 0 -1 -1.000000 -1.000000
89 551 779 50 1 -1 0 0 0 -1 -1.000000 -1.000000
90 596 780 50 1 -1 0 0 0 -1 -1.000000 -1.000000
90 647 346 50 1 22 0 0 0 -1 -1.000000 -1.000000
90 566 302 50 1 -1 0 0 0 -1 -1.000000 -1.000000
90 752 306 48 1 10 0 0 0 -1 -1.000000 -1.000000
90 1215 188 48 1 16 0 0 0 -1 -1.000000 -1.000000
90 1138 406 48 1 -1 0 0 0 -1 -1.000000 -1.000000
90 1099 509 48 1 17 0 0 0 -1 -1.000000 -1.000000
90 1195 531 48 1 -1 0 0 0 -1 -1.000000 -1.000000
90 1193 465 48 1 -1 0 0 0 -1 -1.000000 -1.000000
90 1299 603 48 1 -1 0 0 0 -1 -1.000000 -1.000000
90 1279 531 48 1 -1 0 0 0 -1 -1.000000 -1.000000
90 1263 450 48 1 -1 0 0 0 -1 -1.000000 -1.000000
90 1335 670 48 1 -1 0 0 0 -1 -1.000000 -1.000000
91 560 279 49 1 -1 0 0 0 -1 -1.000000 -1.000000
91 680 367 49 1 22 0 0 0 -1 -1.000000 -1.000000
91 765 306 49 1 10 0 0 0 -1 -1.000000 -1.000000
91 630 778 53 1 -1 0 0 0 -1 -1.000000 -1.000000
91 1065 489 43 1 17 0 0 0 -1 -1.000000 -1.000000
91 1160 411 44 1 -1 0 0 0 -1 -1.000000 -1.000000
91 1198 532 44 1 -1 0 0 0 -1 -1.000000 -1.000000
91 1186 464 44 1 -1 0 0 0 -1 -1.000000 -1.000000
91 1213 190 46 1 16 0 0 0 -1 -1.000000 -1.000000
91 1328 662 44 1 -1 0 0 0 -1 -1.000000 -1.000000
91 1293 605 44 1 -1 0 0 0 -1 -1.000000 -1.000000
92 539 239 46 1 -1 0 0 0 -1 -1.000000 -1.000000
92 719 407 50 1 22 0 0 0 -1 -1.000000 -1.000000
92 644 783 52 1 -1 0 0 0 -1 -1.000000 -1.000000
92 1035 467 47 1 17 0 0 0 -1 -1.000000 -1.000000
92 1201 536 47 1 -1 0 0 0 -1 -1.000000 -1.000000
92 1190 475 47 1 -1 0 0 0 -1 -1.000000 -1.000000
92 1212 188 44 1 16 0 0 0 -1 -1.000000 -1.000000
92 1336 665 44 1 -1 0 0 0 -1 -1.000000 -1.000000
92 1298 601 44 1 -1 0 0 0 -1 -1.000000 -1.000000
92 1282 528 44 1 -1 0 0 0 -1 -1.000000 -1.000000
92 789 308 43 1 10 0 0 0 -1 -1.000000 -1.000000
93 519 203 43 1 -1 0 0 0 -1 -1.000000 -1.000000
93 665 791 49 1 -1 0 0 0 -1 -1.000000 -1.000000
93 765 444 50 1 22 0 0 0 -1 -1.000000 -1.000000
93 1028 468 44 1 17 0 0 0 -1 -1.000000 -1.000000
93 1195 475 44 1 -1 0 0 0 -1 -1.000000 -1.000000
93 1205 541 44 1 -1 0 0 0 -1 -1.000000 -1.000000
93 1307 608 44 1 -1 0 0 0 -1 -1.000000 -1.000000
93 1340 661 44 1 -1 0 0 0 -1 -1.000000 -1.000000
93 1212 193 44 1 16 0 0 0 -1 -1.000000 -1.000000
93 814 331 41 1 10 0 0 0 -1 -1.000000 -1.000000
93 592 140 33 1 12 0 0 0 -1 -1.000000 -1.000000
93 308 60 33 1 -1 0 0 0 -1 -1.000000 -1.000000
94 795 460 48 1 22 0 0 0 -1 -1.000000 -1.000000
94 490 167 46 1 -1 0 0 0 -1 -1.000000 -1.000000
94 657 788 50 1 -1 0 0 0 -1 -1.000000 -1.000000
94 1025 481 41 1 17 0 0 0 -1 -1.000000 -1.000000
94 827 364 41 1 10 0 0 0 -1 -1.000000 -1.000000
94 1193 484 41 1 -1 0 0 0 -1 -1.000000 -1.000000
94 1208 547 41 1 -1 0 0 0 -1 -1.000000 -1.000000
94 1308 612 41 1 -1 0 0 0 -1 -1.000000 -1.000000
94 1347 675 44 1 -1 0 0 0 -1 -1.000000 -1.000000
94 1283 534 43 1 -1 0 0 0 -1 -1.000000 -1.000000
94 1212 198 43 1 16 0 0 0 -1 -1.000000 -1.000000
94 1254 286 46 1 -1 0 0 0 -1 -1.000000 -1.000000
94 616 133 33 1 12 0 0 0 -1 -1.000000 -1.000000
94 366 76 33 1 -1 0 0 0 -1 -1.000000 -1.000000
95 817 468 46 1 22 0 0 0 -1 -1.000000 -1.000000
95 659 781 46 1 -1 0 0 0 -1 -1.000000 -1.000000
95 461 130 46 1 -1 0 0 0 -1 -1.000000 -1.000000
95 1018 493 46 1 17 0 0 0 -1 -1.000000 -1.000000
95 1191 480 46 1 -1 0 0 0 -1 -1.000000 -1.000000
95 1208 550 46 1 -1 0 0 0 -1 -1.000000 -1.000000
95 1305 610 46 1 -1 0 0 0 -1 -1.000000 -1.000000
95 1349 671 46 1 -1 0 0 0 -1 -1.000000 -1.000000
95 1384 704 46 1 -1 0 0 0 -1 -1.000000 -1.000000
95 1261 460 46 1 -1 0 0 0 -1 -1.000000 -1.000000
95 1216 202 46 1 16 0 0 0 -1 -1.000000 -1.000000
95 1244 269 46 1 -1 0 0 0 -1 -1.000000 -1.000000
95 613 122 33 1 12 0 0 0 -1 -1.000000 -1.000000
95 819 385 34 1 10 0 0 0 -1 -1.000000 -1.000000
96 408 89 46 1 -1 0 0 0 -1 -1.000000 -1.000000
96 828 487 48 1 22 0 0 0 -1 -1.000000 -1.000000
96 649 774 49 1 -1 0 0 0 -1 -1.000000 -1.000000
96 1015 493 49 1 17 0 0 0 -1 -1.000000 -1.000000
96 1196 480 42 1 -1 0 0 0 -1 -1.000000 -1.000000
96 1202 544 42 1 -1 0 0 0 -1 -1.000000 -1.000000
96 1265 465 43 1 -1 0 0 0 -1 -1.000000 -1.000000
96 1282 525 43 1 -1 0 0 0 -1 -1.000000 -1.000000
96 1307 612 43 1 -1 0 0 0 -1 -1.000000 -1.000000
96 1353 671 43 1 -1 0 0 0 -1 -1.000000 -1.000000
96 1235 261 43 1 -1 0 0 0 -1 -1.000000 -1.000000
96 1210 194 43 1 16 0 0 0 -1 -1.000000 -1.000000
96 784 412 40 1 10 0 0 0 -1 -1.000000 -1.000000
97 100 220 46 1 -1 0 0 0 -1 -1.000000 -1.000000
97 621 765 55 1 -1 0 0 0 -1 -1.000000 -1.000000
97 835 481 47 1 22 0 0 0 -1 -1.000000 -1.000000
97 1014 508 44 1 17 0 0 0 -1 -1.000000 -1.000000
97 1206 487 44 1 -1 0 0 0 -1 -1.000000 -1.000000
97 1209 552 44 1 -1 0 0 0 -1 -1.000000 -1.000000
97 1304 618 44 1 -1 0 0 0 -1 -1.000000 -1.000000
97 1358 682 44 1 -1 0 0 0 -1 -1.000000 -1.000000
97 1282 540 44 1 -1 0 0 0 -1 -1.000000 -1.000000
97 1233 276 44 1 -1 0 0 0 -1 -1.000000 -1.000000
97 1203 208 44 1 16 0 0 0 -1 -1.000000 -1.000000
97 741 437 40 1 10 0 0 0 -1 -1.000000 -1.000000
97 511 84 40 1 -1 0 0 0 -1 -1.000000 -1.000000
97 364 42 40 1 -1 0 0 0 -1 -1.000000 -1.000000
98 123 155 44 1 -1 0 0 0 -1 -1.000000 -1.000000
98 697 437 48 1 10 0 0 0 -1 -1.000000 -1.000000
98 601 741 54 1 -1 0 0 0 -1 -1.000000 -1.000000
98 1023 506 42 1 17 0 0 0 -1 -1.000000 -1.000000
98 1209 485 40 1 -1 0 0 0 -1 -1.000000 -1.000000
98 1207 556 40 1 -1 0 0 0 -1 -1.000000 -1.000000
98 1317 616 40 1 -1 0 0 0 -1 -1.000000 -1.000000
98 1287 537 40 1 -1 0 0 0 -1 -1.000000 -1.000000
98 1283 455 40 1 -1 0 0 0 -1 -1.000000 -1.000000
98 1204 204 40 1 16 0 0 0 -1 -1.000000 -1.000000
98 865 471 44 1 22 0 0 0 -1 -1.000000 -1.000000
98 566 88 40 1 -1 0 0 0 -1 -1.000000 -1.000000
99 580 683 64 1 -1 0 0 0 -1 -1.000000 -1.000000
99 681 411 48 1 10 0 0 0 -1 -1.000000 -1.000000
99 1025 498 45 1 17 0 0 0 -1 -1.000000 -1.000000
99 1215 488 42 1 -1 0 0 0 -1 -1.000000 -1.000000
99 1223 550 42 1 -1 0 0 0 -1 -1.000000 -1.000000
99 1319 607 42 1 -1 0 0 0 -1 -1.000000 -1.000000
99 1355 676 42 1 -1 0 0 0 -1 -1.000000 -1.000000
99 1232 267 42 1 -1 0 0 0 -1 -1.000000 -1.000000
99 1201 197 42 1 16 0 0 0 -1 -1.000000 -1.000000
99 510 293 40 1 12 0 0 0 -1 -1.000000 -1.000000
99 606 69 40 1 -1 0 0 0 -1 -1.000000 -1.000000
99 113 92 48 1 -1 0 0 0 -1 -1.000000 -1.000000
99 907 461 48 1 22 0 0 0 -1 -1.000000 -1.000000
100 938 457 42 1 22 0 0 0 -1 -1.000000 -1.000000
100 1021 496 42 1 17 0 0 0 -1 -1.000000 -1.000000
100 1223 470 42 1 -1 0 0 0 -1 -1.000000 -1.000000
100 1221 537 42 1 -1 0 0 0 -1 -1.000000 -1.000000
100 1287 449 42 1 -1 0 0 0 -1 -1.000000 -1.000000
100 1298 526 42 1 -1 0 0 0 -1 -1.000000 -1.000000
100 1322 608 42 1 -1 0 0 0 -1 -1.000000 -1.000000
100 1203 193 42 1 16 0 0 0 -1 -1.000000 -1.000000
100 680 358 42 1 10 0 0 0 -1 -1.000000 -1.000000
100 637 24 45 1 -1 0 0 0 -1 -1.000000 -1.000000
100 511 277 43 1 12 0 0 0 -1 -1.000000 -1.000000
100 579 585 64 1 -1 0 0 0 -1 -1.000000 -1.000000
101 510 265 38 1 12 0 0 0 -1 -1.000000 -1.000000
101 570 474 67 1 -1 0 0 0 -1 -1.000000 -1.000000
101 955 438 44 1 22 0 0 0 -1 -1.000000 -1.000000
101 1216 462 44 1 -1 0 0 0 -1 -1.000000 -1.000000
101 1224 531 44 1 -1 0 0 0 -1 -1.000000 -1.000000
101 1195 167 36 1 16 0 0 0 -1 -1.000000 -1.000000
101 1230 234 44 1 -1 0 0 0 -1 -1.000000 -1.000000
101 1285 449 44 1 -1 0 0 0 -1 -1.000000 -1.000000
101 1299 509 44 1 -1 0 0 0 -1 -1.000000 -1.000000
101 1318 595 44 1 -1 0 0 0 -1 -1.000000 -1.000000
101 1350 662 44 1 -1 0 0 0 -1 -1.000000 -1.000000
101 698 297 44 1 10 0 0 0 -1 -1.000000 -1.000000
101 1024 479 42 1 17 0 0 0 -1 -1.000000 -1.000000
102 509 279 35 1 12 0 0 0 -1 -1.000000 -1.000000
102 965 416 44 1 22 0 0 0 -1 -1.000000 -1.000000
102 1029 465 44 1 17 0 0 0 -1 -1.000000 -1.000000
102 1220 456 44 1 -1 0 0 0 -1 -1.000000 -1.000000
102 1230 515 44 1 -1 0 0 0 -1 -1.000000 -1.000000
102 1355 643 44 1 -1 0 0 0 -1 -1.000000 -1.000000
102 1328 575 44 1 -1 0 0 0 -1 -1.000000 -1.000000
102 1301 497 44 1 -1 0 0 0 -1 -1.000000 -1.000000
102 568 367 64 1 -1 0 0 0 -1 -1.000000 -1.000000
102 1195 160 35 1 16 0 0 0 -1 -1.000000 -1.000000
103 494 298 44 1 12 0 0 0 -1 -1.000000 -1.000000
103 967 406 44 1 22 0 0 0 -1 -1.000000 -1.000000
103 1026 459 44 1 17 0 0 0 -1 -1.000000 -1.000000
103 1215 444 44 1 -1 0 0 0 -1 -1.000000 -1.000000
103 1229 503 44 1 -1 0 0 0 -1 -1.000000 -1.000000
103 1277 428 44 1 -1 0 0 0 -1 -1.000000 -1.000000
103 1319 564 44 1 -1 0 0 0 -1 -1.000000 -1.000000
103 554 245 64 1 -1 0 0 0 -1 -1.000000 -1.000000
103 1190 143 35 1 16 0 0 0 -1 -1.000000 -1.000000
104 529 115 68 1 -1 0 0 0 -1 -1.000000 -1.000000
104 975 404 43 1 22 0 0 0 -1 -1.000000 -1.000000
104 1211 436 43 1 -1 0 0 0 -1 -1.000000 -1.000000
104 1226 490 43 1 -1 0 0 0 -1 -1.000000 -1.000000
104 481 333 54 1 12 0 0 0 -1 -1.000000 -1.000000
104 1185 132 39 1 16 0 0 0 -1 -1.000000 -1.000000
104 1025 446 42 1 17 0 0 0 -1 -1.000000 -1.000000
105 457 375 45 1 12 0 0 0 -1 -1.000000 -1.000000
105 1199 425 42 1 -1 0 0 0 -1 -1.000000 -1.000000
105 1229 483 40 1 -1 0 0 0 -1 -1.000000 -1.000000
105 1271 418 40 1 -1 0 0 0 -1 -1.000000 -1.000000
105 1213 202 40 1 -1 0 0 0 -1 -1.000000 -1.000000
105 1034 446 44 1 17 0 0 0 -1 -1.000000 -1.000000
105 505 21 69 1 -1 0 0 0 -1 -1.000000 -1.000000
105 1184 121 41 1 16 0 0 0 -1 -1.000000 -1.000000
106 1208 429 40 1 -1 0 0 0 -1 -1.000000 -1.000000
106 1236 484 40 1 -1 0 0 0 -1 -1.000000 -1.000000
106 1269 418 40 1 -1 0 0 0 -1 -1.000000 -1.000000
106 1038 436 40 1 17 0 0 0 -1 -1.000000 -1.000000
106 494 389 54 1 12 0 0 0 -1 -1.000000 -1.000000
106 1181 119 37 1 16 0 0 0 -1 -1.000000 -1.000000
106 1280 536 37 1 -1 0 0 0 -1 -1.000000 -1.000000
107 1038 442 40 1 17 0 0 0 -1 -1.000000 -1.000000
107 1070 372 40 1 22 0 0 0 -1 -1.000000 -1.000000
107 1205 440 40 1 -1 0 0 0 -1 -1.000000 -1.000000
107 1237 488 40 1 -1 0 0 0 -1 -1.000000 -1.000000
107 535 381 52 1 12 0 0 0 -1 -1.000000 -1.000000
107 757 66 39 1 10 0 0 0 -1 -1.000000 -1.000000
107 105 66 43 1 -1 0 0 0 -1 -1.000000 -1.000000
107 1178 127 41 1 16 0 0 0 -1 -1.000000 -1.000000
108 129 95 44 1 -1 0 0 0 -1 -1.000000 -1.000000
108 1036 458 44 1 17 0 0 0 -1 -1.000000 -1.000000
108 1066 393 44 1 22 0 0 0 -1 -1.000000 -1.000000
108 1200 442 41 1 -1 0 0 0 -1 -1.000000 -1.000000
108 1229 492 41 1 -1 0 0 0 -1 -1.000000 -1.000000
108 593 397 52 1 12 0 0 0 -1 -1.000000 -1.000000
108 762 129 39 1 10 0 0 0 -1 -1.000000 -1.000000
108 1170 134 41 1 16 0 0 0 -1 -1.000000 -1.000000
109 1034 465 41 1 17 0 0 0 -1 -1.000000 -1.000000
109 1191 465 41 1 -1 0 0 0 -1 -1.000000 -1.000000
109 1232 503 41 1 -1 0 0 0 -1 -1.000000 -1.000000
109 655 430 52 1 12 0 0 0 -1 -1.000000 -1.000000
109 751 177 39 1 10 0 0 0 -1 -1.000000 -1.000000
109 170 120 43 1 -1 0 0 0 -1 -1.000000 -1.000000
109 1165 147 45 1 16 0 0 0 -1 -1.000000 -1.000000
110 201 129 43 1 -1 0 0 0 -1 -1.000000 -1.000000
110 1039 473 43 1 17 0 0 0 -1 -1.000000 -1.000000
110 1229 496 43 1 -1 0 0 0 -1 -1.000000 -1.000000
110 1183 467 43 1 -1 0 0 0 -1 -1.000000 -1.000000
110 733 438 52 1 12 0 0 0 -1 -1.000000 -1.000000
110 736 208 41 1 10 0 0 0 -1 -1.000000 -1.000000
110 1159 157 47 1 16 0 0 0 -1 -1.000000 -1.000000
111 206 140 43 1 -1 0 0 0 -1 -1.000000 -1.000000
111 1043 481 43 1 17 0 0 0 -1 -1.000000 -1.000000
111 1131 531 43 1 22 0 0 0 -1 -1.000000 -1.000000
111 1241 498 43 1 -1 0 0 0 -1 -1.000000 -1.000000
111 1182 470 43 1 -1 0 0 0 -1 -1.000000 -1.000000
111 707 209 43 1 10 0 0 0 -1 -1.000000 -1.000000
111 1158 164 43 1 16 0 0 0 -1 -1.000000 -1.000000
111 802 440 48 1 12 0 0 0 -1 -1.000000 -1.000000
111 1255 600 41 1 -1 0 0 0 -1 -1.000000 -1.000000
112 205 147 43 1 -1 0 0 0 -1 -1.000000 -1.000000
112 694 198 43 1 10 0 0 0 -1 -1.000000 -1.000000
112 719 56 43 1 7 0 0 0 -1 -1.000000 -1.000000
112 851 442 43 1 12 0 0 0 -1 -1.000000 -1.000000
112 1056 475 43 1 17 0 0 0 -1 -1.000000 -1.000000
112 1143 527 43 1 22 0 0 0 -1 -1.000000 -1.000000
112 1153 158 43 1 16 0 0 0 -1 -1.000000 -1.000000
112 1246 510 43 1 -1 0 0 0 -1 -1.000000 -1.000000
112 496 68 40 1 9 0 0 0 -1 -1.000000 -1.000000
113 192 147 43 1 -1 0 0 0 -1 -1.000000 -1.000000
113 698 198 43 1 10 0 0 0 -1 -1.000000 -1.000000
113 886 420 43 1 12 0 0 0 -1 -1.000000 -1.000000
113 1062 477 43 1 17 0 0 0 -1 -1.000000 -1.000000
113 1140 516 43 1 22 0 0 0 -1 -1.000000 -1.000000
113 1252 496 43 1 -1 0 0 0 -1 -1.000000 -1.000000
113 1152 165 43 1 16 0 0 0 -1 -1.000000 -1.000000
113 490 91 34 1 9 0 0 0 -1 -1.000000 -1.000000
113 895 871 175 0 -1 1 1 1 -1 -1.000000 -1.000000
113 569 828 175 0 -1 1 1 1 -1 -1.000000 -1.000000
114 174 138 43 1 -1 0 0 0 -1 -1.000000 -1.000000
114 1073 469 43 1 17 0 0 0 -1 -1.000000 -1.000000
114 1151 513 43 1 22 0 0 0 -1 -1.000000 -1.000000
114 1181 472 43 1 -1 0 0 0 -1 -1.000000 -1.000000
114 1257 490 43 1 -1 0 0 0 -1 -1.000000 -1.000000
114 1251 606 43 1 -1 0 0 0 -1 -1.000000 -1.000000
114 1153 158 43 1 16 0 0 0 -1 -1.000000 -1.000000
114 490 117 34 1 9 0 0 0 -1 -1.000000 -1.000000
114 719 208 41 1 10 0 0 0 -1 -1.000000 -1.000000
114 605 68 43 1 7 0 0 0 -1 -1.000000 -1.000000
114 932 417 43 1 12 0 0 0 -1 -1.000000 -1.000000
115 1071 468 43 1 17 0 0 0 -1 -1.000000 -1.000000
115 1153 523 43 1 22 0 0 0 -1 -1.000000 -1.000000
115 1181 469 43 1 -1 0 0 0 -1 -1.000000 -1.000000
115 1248 609 43 1 -1 0 0 0 -1 -1.000000 -1.000000
115 1159 165 43 1 16 0 0 0 -1 -1.000000 -1.000000
115 754 231 41 1 10 0 0 0 -1 -1.000000 -1.000000
115 543 75 44 1 7 0 0 0 -1 -1.000000 -1.000000
115 483 148 34 1 9 0 0 0 -1 -1.000000 -1.000000
115 149 142 45 1 -1 0 0 0 -1 -1.000000 -1.000000
115 986 424 44 1 12 0 0 0 -1 -1.000000 -1.000000
116 487 69 48 1 7 0 0 0 -1 -1.000000 -1.000000
116 1083 473 46 1 17 0 0 0 -1 -1.000000 -1.000000
116 1161 523 44 1 22 0 0 0 -1 -1.000000 -1.000000
116 1248 614 43 1 -1 0 0 0 -1 -1.000000 -1.000000
116 1153 159 44 1 16 0 0 0 -1 -1.000000 -1.000000
116 96 148 44 1 -1 0 0 0 -1 -1.000000 -1.000000
116 485 175 44 1 9 0 0 0 -1 -1.000000 -1.000000
116 794 247 38 1 10 0 0 0 -1 -1.000000 -1.000000
117 464 50 47 1 7 0 0 0 -1 -1.000000 -1.000000
117 1171 521 45 1 22 0 0 0 -1 -1.000000 -1.000000
117 1159 162 47 1 16 0 0 0 -1 -1.000000 -1.000000
117 501 222 42 1 9 0 0 0 -1 -1.000000 -1.000000
117 812 273 40 1 10 0 0 0 -1 -1.000000 -1.000000
117 1260 624 40 1 -1 0 0 0 -1 -1.000000 -1.000000
117 37 130 45 1 -1 0 0 0 -1 -1.000000 -1.000000
118 448 18 49 1 7 0 0 0 -1 -1.000000 -1.000000
118 211 162 49 1 8 0 0 0 -1 -1.000000 -1.000000
118 1196 527 48 1 22 0 0 0 -1 -1.000000 -1.000000
118 1208 476 48 1 -1 0 0 0 -1 -1.000000 -1.000000
118 532 271 45 1 9 0 0 0 -1 -1.000000 -1.000000
118 844 303 41 1 10 0 0 0 -1 -1.000000 -1.000000
118 1163 168 46 1 16 0 0 0 -1 -1.000000 -1.000000
118 1270 631 46 1 -1 0 0 0 -1 -1.000000 -1.000000
118 1114 478 42 1 17 0 0 0 -1 -1.000000 -1.000000
119 444 12 49 1 7 0 0 0 -1 -1.000000 -1.000000
119 201 209 46 1 8 0 0 0 -1 -1.000000 -1.000000
119 576 286 46 1 9 0 0 0 -1 -1.000000 -1.000000
119 843 323 39 1 10 0 0 0 -1 -1.000000 -1.000000
119 1126 473 43 1 17 0 0 0 -1 -1.000000 -1.000000
119 1121 433 44 1 12 0 0 0 -1 -1.000000 -1.000000
119 1168 167 42 1 16 0 0 0 -1 -1.000000 -1.000000
119 1214 521 42 1 22 0 0 0 -1 -1.000000 -1.000000
119 1212 475 42 1 -1 0 0 0 -1 -1.000000 -1.000000
119 1275 628 44 1 -1 0 0 0 -1 -1.000000 -1.000000
120 848 332 44 1 10 0 0 0 -1 -1.000000 -1.000000
120 632 284 51 1 9 0 0 0 -1 -1.000000 -1.000000
120 1177 171 40 1 16 0 0 0 -1 -1.000000 -1.000000
120 666 699 33 0 -1 0 0 0 -1 -1.000000 -1.000000
120 449 14 50 1 7 0 0 0 -1 -1.000000 -1.000000
120 203 257 47 1 8 0 0 0 -1 -1.000000 -1.000000
120 1136 421 44 1 12 0 0 0 -1 -1.000000 -1.000000
120 1144 474 44 1 17 0 0 0 -1 -1.000000 -1.000000
120 1231 528 48 1 22 0 0 0 -1 -1.000000 -1.000000
121 869 342 44 1 10 0 0 0 -1 -1.000000 -1.000000
121 694 276 51 1 9 0 0 0 -1 -1.000000 -1.000000
121 1191 167 40 1 16 0 0 0 -1 -1.000000 -1.000000
121 469 37 51 1 7 0 0 0 -1 -1.000000 -1.000000
121 220 277 47 1 8 0 0 0 -1 -1.000000 -1.000000
121 1148 394 44 1 12 0 0 0 -1 -1.000000 -1.000000
121 1163 470 42 1 17 0 0 0 -1 -1.000000 -1.000000
121 1239 520 48 1 22 0 0 0 -1 -1.000000 -1.000000
122 896 350 44 1 10 0 0 0 -1 -1.000000 -1.000000
122 773 273 47 1 9 0 0 0 -1 -1.000000 -1.000000
122 1205 168 36 1 16 0 0 0 -1 -1.000000 -1.000000
122 498 75 55 1 7 0 0 0 -1 -1.000000 -1.000000
122 235 279 47 1 8 0 0 0 -1 -1.000000 -1.000000
122 1152 363 44 1 12 0 0 0 -1 -1.000000 -1.000000
122 1175 469 42 1 17 0 0 0 -1 -1.000000 -1.000000
122 1253 521 48 1 22 0 0 0 -1 -1.000000 -1.000000
123 918 354 44 1 10 0 0 0 -1 -1.000000 -1.000000
123 836 268 47 1 9 0 0 0 -1 -1.000000 -1.000000
123 1200 161 34 1 16 0 0 0 -1 -1.000000 -1.000000
123 529 120 55 1 7 0 0 0 -1 -1.000000 -1.000000
123 249 265 47 1 8 0 0 0 -1 -1.000000 -1.000000
123 1150 349 44 1 12 0 0 0 -1 -1.000000 -1.000000
123 124 43 44 1 19 0 0 0 -1 -1.000000 -1.000000
123 1177 458 42 1 17 0 0 0 -1 -1.000000 -1.000000
123 1246 511 48 1 22 0 0 0 -1 -1.000000 -1.000000
124 945 362 44 1 10 0 0 0 -1 -1.000000 -1.000000
124 862 274 40 1 9 0 0 0 -1 -1.000000 -1.000000
124 1194 152 34 1 16 0 0 0 -1 -1.000000 -1.000000
124 537 151 47 1 7 0 0 0 -1 -1.000000 -1.000000
124 276 252 47 1 8 0 0 0 -1 -1.000000 -1.000000
124 98 562 44 1 11 0 0 0 -1 -1.000000 -1.000000
124 1159 342 44 1 12 0 0 0 -1 -1.000000 -1.000000
124 156 76 44 1 19 0 0 0 -1 -1.000000 -1.000000
124 1176 448 42 1 17 0 0 0 -1 -1.000000 -1.000000
124 1244 507 48 1 22 0 0 0 -1 -1.000000 -1.000000
125 987 390 44 1 10 0 0 0 -1 -1.000000 -1.000000
125 865 295 40 1 9 0 0 0 -1 -1.000000 -1.000000
125 1191 152 34 1 16 0 0 0 -1 -1.000000 -1.000000
125 545 158 47 1 7 0 0 0 -1 -1.000000 -1.000000
125 322 240 47 1 8 0 0 0 -1 -1.000000 -1.000000
125 185 474 44 1 11 0 0 0 -1 -1.000000 -1.000000
125 1173 332 44 1 12 0 0 0 -1 -1.000000 -1.000000
125 204 101 44 1 19 0 0 0 -1 -1.000000 -1.000000
125 1178 445 42 1 17 0 0 0 -1 -1.000000 -1.000000
125 1234 501 45 1 22 0 0 0 -1 -1.000000 -1.000000
126 1032 419 44 1 10 0 0 0 -1 -1.000000 -1.000000
126 841 329 49 1 9 0 0 0 -1 -1.000000 -1.000000
126 1200 153 32 1 16 0 0 0 -1 -1.000000 -1.000000
126 560 147 47 1 7 0 0 0 -1 -1.000000 -1.000000
126 376 235 47 1 8 0 0 0 -1 -1.000000 -1.000000
126 267 404 44 1 11 0 0 0 -1 -1.000000 -1.000000
126 1198 348 44 1 12 0 0 0 -1 -1.000000 -1.000000
126 261 125 44 1 19 0 0 0 -1 -1.000000 -1.000000
126 1197 451 42 1 17 0 0 0 -1 -1.000000 -1.000000
126 1244 504 43 1 22 0 0 0 -1 -1.000000 -1.000000
127 1077 440 44 1 10 0 0 0 -1 -1.000000 -1.000000
127 819 362 49 1 9 0 0 0 -1 -1.000000 -1.000000
127 1202 152 32 1 16 0 0 0 -1 -1.000000 -1.000000
127 571 137 47 1 7 0 0 0 -1 -1.000000 -1.000000
127 423 216 47 1 8 0 0 0 -1 -1.000000 -1.000000
127 324 346 44 1 11 0 0 0 -1 -1.000000 -1.000000
127 315 157 44 1 19 0 0 0 -1 -1.000000 -1.000000
127 1200 445 42 1 17 0 0 0 -1 -1.000000 -1.000000
127 1247 500 43 1 22 0 0 0 -1 -1.000000 -1.000000
128 1116 443 44 1 10 0 0 0 -1 -1.000000 -1.000000
128 788 418 49 1 9 0 0 0 -1 -1.000000 -1.000000
128 1203 150 32 1 16 0 0 0 -1 -1.000000 -1.000000
128 565 115 47 1 7 0 0 0 -1 -1.000000 -1.000000
128 474 205 47 1 8 0 0 0 -1 -1.000000 -1.000000
128 365 301 44 1 11 0 0 0 -1 -1.000000 -1.000000
128 1253 389 44 1 12 0 0 0 -1 -1.000000 -1.000000
128 353 184 44 1 19 0 0 0 -1 -1.000000 -1.000000
128 1246 498 43 1 22 0 0 0 -1 -1.000000 -1.000000
129 1148 421 44 1 10 0 0 0 -1 -1.000000 -1.000000
129 768 488 54 1 9 0 0 0 -1 -1.000000 -1.000000
129 1205 145 32 1 16 0 0 0 -1 -1.000000 -1.000000
129 545 86 47 1 7 0 0 0 -1 -1.000000 -1.000000
129 535 223 47 1 8 0 0 0 -1 -1.000000 -1.000000
129 405 285 50 1 11 0 0 0 -1 -1.000000 -1.000000
129 1259 402 44 1 12 0 0 0 -1 -1.000000 -1.000000
129 397 223 44 1 19 0 0 0 -1 -1.000000 -1.000000
129 1242 502 42 1 22 0 0 0 -1 -1.000000 -1.000000
130 1178 398 44 1 10 0 0 0 -1 -1.000000 -1.000000
130 750 582 58 1 9 0 0 0 -1 -1.000000 -1.000000
130 1199 145 32 1 16 0 0 0 -1 -1.000000 -1.000000
130 529 49 47 1 7 0 0 0 -1 -1.000000 -1.000000
130 582 254 47 1 8 0 0 0 -1 -1.000000 -1.000000
130 448 266 50 1 11 0 0 0 -1 -1.000000 -1.000000
130 1240 504 42 1 22 0 0 0 -1 -1.000000 -1.000000
131 1204 402 44 1 10 0 0 0 -1 -1.000000 -1.000000
131 737 685 58 1 9 0 0 0 -1 -1.000000 -1.000000
131 1195 139 33 1 16 0 0 0 -1 -1.000000 -1.000000
131 633 287 47 1 8 0 0 0 -1 -1.000000 -1.000000
131 506 255 50 1 11 0 0 0 -1 -1.000000 -1.000000
131 1244 502 42 1 22 0 0 0 -1 -1.000000 -1.000000
132 1217 414 44 1 10 0 0 0 -1 -1.000000 -1.000000
132 708 799 58 1 9 0 0 0 -1 -1.000000 -1.000000
132 1195 139 35 1 16 0 0 0 -1 -1.000000 -1.000000
132 674 318 47 1 8 0 0 0 -1 -1.000000 -1.000000
132 565 258 50 1 11 0 0 0 -1 -1.000000 -1.000000
132 1245 496 42 1 22 0 0 0 -1 -1.000000 -1.000000
133 1214 412 44 1 10 0 0 0 -1 -1.000000 -1.000000
133 702 858 58 1 9 0 0 0 -1 -1.000000 -1.000000
133 1188 131 35 1 16 0 0 0 -1 -1.000000 -1.000000
133 717 340 47 1 8 0 0 0 -1 -1.000000 -1.000000
133 1248 489 42 1 22 0 0 0 -1 -1.000000 -1.000000
134 1227 406 44 1 10 0 0 0 -1 -1.000000 -1.000000
134 721 851 58 1 9 0 0 0 -1 -1.000000 -1.000000
134 1193 124 35 1 16 0 0 0 -1 -1.000000 -1.000000
134 748 345 43 1 8 0 0 0 -1 -1.000000 -1.000000
134 602 260 36 1 19 0 0 0 -1 -1.000000 -1.000000
134 1254 484 42 1 22 0 0 0 -1 -1.000000 -1.000000
134 1202 200 32 1 28 0 0 0 -1 -1.000000 -1.000000
135 1231 399 44 1 10 0 0 0 -1 -1.000000 -1.000000
135 737 805 58 1 9 0 0 0 -1 -1.000000 -1.000000
135 1193 121 35 1 16 0 0 0 -1 -1.000000 -1.000000
135 759 327 43 1 8 0 0 0 -1 -1.000000 -1.000000
135 786 403 48 1 11 0 0 0 -1 -1.000000 -1.000000
135 623 265 36 1 19 0 0 0 -1 -1.000000 -1.000000
135 1257 475 42 1 22 0 0 0 -1 -1.000000 -1.000000
135 1201 188 32 1 28 0 0 0 -1 -1.000000 -1.000000
136 1242 399 44 1 10 0 0 0 -1 -1.000000 -1.000000
136 759 703 58 1 9 0 0 0 -1 -1.000000 -1.000000
136 1192 116 35 1 16 0 0 0 -1 -1.000000 -1.000000
136 771 306 43 1 8 0 0 0 -1 -1.000000 -1.000000
136 872 445 44 1 11 0 0 0 -1 -1.000000 -1.000000
136 657 270 36 1 19 0 0 0 -1 -1.000000 -1.000000
136 1268 469 42 1 22 0 0 0 -1 -1.000000 -1.000000
136 1203 187 35 1 28 0 0 0 -1 -1.000000 -1.000000
136 1354 632 38 1 29 0 0 0 -1 -1.000000 -1.000000
137 1242 401 44 1 10 0 0 0 -1 -1.000000 -1.000000
137 752 584 58 1 9 0 0 0 -1 -1.000000 -1.000000
137 1193 120 36 1 16 0 0 0 -1 -1.000000 -1.000000
137 780 301 43 1 8 0 0 0 -1 -1.000000 -1.000000
137 696 281 38 1 19 0 0 0 -1 -1.000000 -1.000000
137 1276 470 42 1 22 0 0 0 -1 -1.000000 -1.000000
137 1207 183 35 1 28 0 0 0 -1 -1.000000 -1.000000
138 1245 401 44 1 10 0 0 0 -1 -1.000000 -1.000000
138 725 467 58 1 9 0 0 0 -1 -1.000000 -1.000000
138 1191 121 39 1 19 0 0 0 -1 -1.000000 -1.000000
138 781 285 43 1 8 0 0 0 -1 -1.000000 -1.000000
138 1026 442 44 1 11 0 0 0 -1 -1.000000 -1.000000
138 1278 472 42 1 22 0 0 0 -1 -1.000000 -1.000000
138 1204 185 35 1 28 0 0 0 -1 -1.000000 -1.000000
138 1349 639 38 1 29 0 0 0 -1 -1.000000 -1.000000
139 673 335 58 1 9 0 0 0 -1 -1.000000 -1.000000
139 1191 121 39 1 16 0 0 0 -1 -1.000000 -1.000000
139 783 265 43 1 8 0 0 0 -1 -1.000000 -1.000000
139 1086 437 44 1 11 0 0 0 -1 -1.000000 -1.000000
139 782 324 39 1 19 0 0 0 -1 -1.000000 -1.000000
139 1201 190 35 1 28 0 0 0 -1 -1.000000 -1.000000
139 1348 642 38 1 29 0 0 0 -1 -1.000000 -1.000000
140 617 234 58 1 9 0 0 0 -1 -1.000000 -1.000000
140 1191 121 39 1 16 0 0 0 -1 -1.000000 -1.000000
140 809 248 43 1 8 0 0 0 -1 -1.000000 -1.000000
140 1143 461 44 1 11 0 0 0 -1 -1.000000 -1.000000
140 783 319 39 1 19 0 0 0 -1 -1.000000 -1.000000
140 1206 194 35 1 28 0 0 0 -1 -1.000000 -1.000000
140 1346 650 38 1 29 0 0 0 -1 -1.000000 -1.000000
141 548 163 58 1 9 0 0 0 -1 -1.000000 -1.000000
141 1187 129 42 1 16 0 0 0 -1 -1.000000 -1.000000
141 841 243 44 1 8 0 0 0 -1 -1.000000 -1.000000
141 1181 491 44 1 11 0 0 0 -1 -1.000000 -1.000000
141 779 325 39 1 19 0 0 0 -1 -1.000000 -1.000000
141 1342 653 38 1 29 0 0 0 -1 -1.000000 -1.000000
142 487 124 58 1 9 0 0 0 -1 -1.000000 -1.000000
142 1188 132 42 1 16 0 0 0 -1 -1.000000 -1.000000
142 871 235 44 1 8 0 0 0 -1 -1.000000 -1.000000
142 1208 513 44 1 11 0 0 0 -1 -1.000000 -1.000000
142 785 332 39 1 19 0 0 0 -1 -1.000000 -1.000000
142 653 86 39 1 23 0 0 0 -1 -1.000000 -1.000000
142 1352 659 38 1 29 0 0 0 -1 -1.000000 -1.000000
143 417 88 58 1 9 0 0 0 -1 -1.000000 -1.000000
143 1192 133 42 1 16 0 0 0 -1 -1.000000 -1.000000
143 892 240 44 1 8 0 0 0 -1 -1.000000 -1.000000
143 1210 518 44 1 11 0 0 0 -1 -1.000000 -1.000000
143 789 335 39 1 19 0 0 0 -1 -1.000000 -1.000000
143 669 113 39 1 23 0 0 0 -1 -1.000000 -1.000000
143 1347 659 38 1 29 0 0 0 -1 -1.000000 -1.000000
144 350 41 58 1 9 0 0 0 -1 -1.000000 -1.000000
144 1192 132 42 1 16 0 0 0 -1 -1.000000 -1.000000
144 910 247 44 1 8 0 0 0 -1 -1.000000 -1.000000
144 1214 512 44 1 11 0 0 0 -1 -1.000000 -1.000000
144 790 339 39 1 19 0 0 0 -1 -1.000000 -1.000000
144 682 121 39 1 23 0 0 0 -1 -1.000000 -1.000000
144 1351 665 38 1 29 0 0 0 -1 -1.000000 -1.000000
145 313 22 58 1 9 0 0 0 -1 -1.000000 -1.000000
145 1194 140 38 1 16 0 0 0 -1 -1.000000 -1.000000
145 925 283 44 1 8 0 0 0 -1 -1.000000 -1.000000
145 1232 529 44 1 11 0 0 0 -1 -1.000000 -1.000000
145 794 344 39 1 19 0 0 0 -1 -1.000000 -1.000000
145 689 116 39 1 23 0 0 0 -1 -1.000000 -1.000000
145 1347 675 38 1 29 0 0 0 -1 -1.000000 -1.000000
146 283 24 58 1 9 0 0 0 -1 -1.000000 -1.000000
146 1199 147 38 1 16 0 0 0 -1 -1.000000 -1.000000
146 954 305 44 1 8 0 0 0 -1 -1.000000 -1.000000
146 1251 539 44 1 11 0 0 0 -1 -1.000000 -1.000000
146 800 345 39 1 19 0 0 0 -1 -1.000000 -1.000000
146 392 39 36 1 20 0 0 0 -1 -1.000000 -1.000000
146 706 113 39 1 23 0 0 0 -1 -1.000000 -1.000000
146 1348 689 41 1 29 0 0 0 -1 -1.000000 -1.000000
147 277 45 58 1 9 0 0 0 -1 -1.000000 -1.000000
147 1199 146 38 1 16 0 0 0 -1 -1.000000 -1.000000
147 983 298 44 1 8 0 0 0 -1 -1.000000 -1.000000
147 1259 540 44 1 11 0 0 0 -1 -1.000000 -1.000000
147 810 344 40 1 19 0 0 0 -1 -1.000000 -1.000000
147 420 29 36 1 20 0 0 0 -1 -1.000000 -1.000000
147 728 125 39 1 23 0 0 0 -1 -1.000000 -1.000000
147 1344 682 41 1 29 0 0 0 -1 -1.000000 -1.000000
148 282 88 53 1 9 0 0 0 -1 -1.000000 -1.000000
148 1200 153 38 1 16 0 0 0 -1 -1.000000 -1.000000
148 1000 291 44 1 8 0 0 0 -1 -1.000000 -1.000000
148 1263 544 44 1 11 0 0 0 -1 -1.000000 -1.000000
148 821 351 40 1 19 0 0 0 -1 -1.000000 -1.000000
148 765 156 39 1 23 0 0 0 -1 -1.000000 -1.000000
148 1210 218 35 1 28 0 0 0 -1 -1.000000 -1.000000
148 1344 688 41 1 29 0 0 0 -1 -1.000000 -1.000000
149 295 140 53 1 9 0 0 0 -1 -1.000000 -1.000000
149 1199 155 35 1 16 0 0 0 -1 -1.000000 -1.000000
149 1011 281 44 1 8 0 0 0 -1 -1.000000 -1.000000
149 1271 546 44 1 11 0 0 0 -1 -1.000000 -1.000000
149 855 359 40 1 19 0 0 0 -1 -1.000000 -1.000000
149 794 186 39 1 23 0 0 0 -1 -1.000000 -1.000000
149 1347 694 41 1 29 0 0 0 -1 -1.000000 -1.000000
150 328 195 53 1 9 0 0 0 -1 -1.000000 -1.000000
150 1201 163 35 1 16 0 0 0 -1 -1.000000 -1.000000
150 1022 284 44 1 8 0 0 0 -1 -1.000000 -1.000000
150 1276 557 44 1 11 0 0 0 -1 -1.000000 -1.000000
150 895 373 40 1 19 0 0 0 -1 -1.000000 -1.000000
150 494 32 36 1 20 0 0 0 -1 -1.000000 -1.000000
150 824 201 39 1 23 0 0 0 -1 -1.000000 -1.000000
150 1351 704 44 1 29 0 0 0 -1 -1.000000 -1.000000
151 400 222 53 1 9 0 0 0 -1 -1.000000 -1.000000
151 1201 167 33 1 16 0 0 0 -1 -1.000000 -1.000000
151 1049 285 44 1 8 0 0 0 -1 -1.000000 -1.000000
151 1275 561 44 1 11 0 0 0 -1 -1.000000 -1.000000
151 932 378 40 1 19 0 0 0 -1 -1.000000 -1.000000
151 522 69 36 1 20 0 0 0 -1 -1.000000 -1.000000
151 857 209 39 1 23 0 0 0 -1 -1.000000 -1.000000
151 1353 706 44 1 29 0 0 0 -1 -1.000000 -1.000000
152 351 280 53 1 9 0 0 0 -1 -1.000000 -1.000000
152 1202 173 33 1 16 0 0 0 -1 -1.000000 -1.000000
152 1075 296 44 1 8 0 0 0 -1 -1.000000 -1.000000
152 453 214 49 1 -1 0 0 0 -1 -1.000000 -1.000000
152 1283 559 44 1 11 0 0 0 -1 -1.000000 -1.000000
152 981 382 40 1 19 0 0 0 -1 -1.000000 -1.000000
152 561 133 36 1 20 0 0 0 -1 -1.000000 -1.000000
152 898 222 39 1 23 0 0 0 -1 -1.000000 -1.000000
152 332 24 39 1 24 0 0 0 -1 -1.000000 -1.000000
152 1215 238 35 1 28 0 0 0 -1 -1.000000 -1.000000
152 1357 709 44 1 29 0 0 0 -1 -1.000000 -1.000000
153 501 172 53 1 -1 0 0 0 -1 -1.000000 -1.000000
153 1205 173 33 1 16 0 0 0 -1 -1.000000 -1.000000
153 1099 312 44 1 8 0 0 0 -1 -1.000000 -1.000000
153 317 381 45 1 9 0 0 0 -1 -1.000000 -1.000000
153 1288 550 44 1 11 0 0 0 -1 -1.000000 -1.000000
153 1016 377 40 1 19 0 0 0 -1 -1.000000 -1.000000
153 575 196 36 1 20 0 0 0 -1 -1.000000 -1.000000
153 940 228 39 1 23 0 0 0 -1 -1.000000 -1.000000
153 361 52 34 1 24 0 0 0 -1 -1.000000 -1.000000
153 1359 708 44 1 29 0 0 0 -1 -1.000000 -1.000000
154 540 114 49 1 -1 0 0 0 -1 -1.000000 -1.000000
154 1205 177 33 1 16 0 0 0 -1 -1.000000 -1.000000
154 1118 322 44 1 8 0 0 0 -1 -1.000000 -1.000000
154 281 451 45 1 9 0 0 0 -1 -1.000000 -1.000000
154 1294 552 44 1 11 0 0 0 -1 -1.000000 -1.000000
154 1049 360 42 1 19 0 0 0 -1 -1.000000 -1.000000
154 580 250 42 1 20 0 0 0 -1 -1.000000 -1.000000
154 980 241 39 1 23 0 0 0 -1 -1.000000 -1.000000
154 387 76 34 1 24 0 0 0 -1 -1.000000 -1.000000
154 1360 710 47 1 29 0 0 0 -1 -1.000000 -1.000000
155 564 58 44 1 -1 0 0 0 -1 -1.000000 -1.000000
155 570 271 44 1 20 0 0 0 -1 -1.000000 -1.000000
155 1015 260 41 1 23 0 0 0 -1 -1.000000 -1.000000
155 1206 181 33 1 16 0 0 0 -1 -1.000000 -1.000000
155 1136 329 44 1 8 0 0 0 -1 -1.000000 -1.000000
155 259 488 40 1 9 0 0 0 -1 -1.000000 -1.000000
155 1305 553 44 1 11 0 0 0 -1 -1.000000 -1.000000
155 1059 342 42 1 19 0 0 0 -1 -1.000000 -1.000000
155 406 97 30 1 24 0 0 0 -1 -1.000000 -1.000000
155 1225 239 35 1 28 0 0 0 -1 -1.000000 -1.000000
155 1352 714 47 1 29 0 0 0 -1 -1.000000 -1.000000
156 1207 180 33 1 16 0 0 0 -1 -1.000000 -1.000000
156 1142 328 44 1 8 0 0 0 -1 -1.000000 -1.000000
156 242 491 40 1 9 0 0 0 -1 -1.000000 -1.000000
156 1056 317 42 1 19 0 0 0 -1 -1.000000 -1.000000
156 577 283 42 1 20 0 0 0 -1 -1.000000 -1.000000
156 402 112 30 1 24 0 0 0 -1 -1.000000 -1.000000
156 1229 236 37 1 28 0 0 0 -1 -1.000000 -1.000000
156 1357 719 47 1 29 0 0 0 -1 -1.000000 -1.000000
157 1209 181 33 1 16 0 0 0 -1 -1.000000 -1.000000
157 1145 318 44 1 8 0 0 0 -1 -1.000000 -1.000000
157 231 480 40 1 9 0 0 0 -1 -1.000000 -1.000000
157 606 316 42 1 20 0 0 0 -1 -1.000000 -1.000000
157 1051 268 39 1 23 0 0 0 -1 -1.000000 -1.000000
157 402 123 27 1 24 0 0 0 -1 -1.000000 -1.000000
157 1233 228 37 1 28 0 0 0 -1 -1.000000 -1.000000
157 1357 722 47 1 29 0 0 0 -1 -1.000000 -1.000000
158 1210 185 33 1 16 0 0 0 -1 -1.000000 -1.000000
158 1163 342 44 1 8 0 0 0 -1 -1.000000 -1.000000
158 232 456 40 1 9 0 0 0 -1 -1.000000 -1.000000
158 1108 317 42 1 19 0 0 0 -1 -1.000000 -1.000000
158 645 361 42 1 20 0 0 0 -1 -1.000000 -1.000000
158 1056 233 39 1 23 0 0 0 -1 -1.000000 -1.000000
158 407 126 27 1 24 0 0 0 -1 -1.000000 -1.000000
158 1234 227 37 1 28 0 0 0 -1 -1.000000 -1.000000
158 1358 725 47 1 29 0 0 0 -1 -1.000000 -1.000000
159 1177 360 44 1 8 0 0 0 -1 -1.000000 -1.000000
159 234 439 40 1 9 0 0 0 -1 -1.000000 -1.000000
159 1124 338 37 1 19 0 0 0 -1 -1.000000 -1.000000
159 687 395 42 1 20 0 0 0 -1 -1.000000 -1.000000
159 1077 196 39 1 23 0 0 0 -1 -1.000000 -1.000000
159 414 121 27 1 24 0 0 0 -1 -1.000000 -1.000000
159 1233 227 37 1 28 0 0 0 -1 -1.000000 -1.000000
159 1356 728 47 1 29 0 0 0 -1 -1.000000 -1.000000
160 245 418 40 1 9 0 0 0 -1 -1.000000 -1.000000
160 710 400 42 1 20 0 0 0 -1 -1.000000 -1.000000
160 1101 165 39 1 23 0 0 0 -1 -1.000000 -1.000000
160 423 108 27 1 24 0 0 0 -1 -1.000000 -1.000000
160 1239 217 43 1 28 0 0 0 -1 -1.000000 -1.000000
160 1358 731 47 1 29 0 0 0 -1 -1.000000 -1.000000
161 267 392 37 1 9 0 0 0 -1 -1.000000 -1.000000
161 1145 368 39 1 19 0 0 0 -1 -1.000000 -1.000000
161 733 391 42 1 20 0 0 0 -1 -1.000000 -1.000000
161 1138 130 39 1 23 0 0 0 -1 -1.000000 -1.000000
161 417 115 27 1 24 0 0 0 -1 -1.000000 -1.000000
161 1241 209 43 1 28 0 0 0 -1 -1.000000 -1.000000
161 1367 742 47 1 29 0 0 0 -1 -1.000000 -1.000000
162 297 350 37 1 9 0 0 0 -1 -1.000000 -1.000000
162 1160 376 39 1 19 0 0 0 -1 -1.000000 -1.000000
162 753 378 42 1 20 0 0 0 -1 -1.000000 -1.000000
162 1240 204 43 1 28 0 0 0 -1 -1.000000 -1.000000
162 1364 752 47 1 29 0 0 0 -1 -1.000000 -1.000000
163 325 308 40 1 9 0 0 0 -1 -1.000000 -1.000000
163 1182 397 39 1 19 0 0 0 -1 -1.000000 -1.000000
163 786 352 42 1 20 0 0 0 -1 -1.000000 -1.000000
163 1161 106 39 1 23 0 0 0 -1 -1.000000 -1.000000
163 1242 191 43 1 28 0 0 0 -1 -1.000000 -1.000000
163 1365 754 47 1 29 0 0 0 -1 -1.000000 -1.000000
164 351 246 40 1 9 0 0 0 -1 -1.000000 -1.000000
164 1188 409 39 1 19 0 0 0 -1 -1.000000 -1.000000
164 832 336 42 1 20 0 0 0 -1 -1.000000 -1.000000
164 1245 184 43 1 28 0 0 0 -1 -1.000000 -1.000000
164 1375 757 47 1 29 0 0 0 -1 -1.000000 -1.000000
165 1200 410 39 1 19 0 0 0 -1 -1.000000 -1.000000
165 881 333 42 1 20 0 0 0 -1 -1.000000 -1.000000
165 1305 511 48 1 27 0 0 0 -1 -1.000000 -1.000000
165 1246 178 43 1 28 0 0 0 -1 -1.000000 -1.000000
165 1376 755 47 1 29 0 0 0 -1 -1.000000 -1.000000
166 1218 224 33 1 16 0 0 0 -1 -1.000000 -1.000000
166 1199 413 39 1 19 0 0 0 -1 -1.000000 -1.000000
166 946 359 42 1 20 0 0 0 -1 -1.000000 -1.000000
166 330 207 27 1 24 0 0 0 -1 -1.000000 -1.000000
166 1309 516 48 1 27 0 0 0 -1 -1.000000 -1.000000
166 1255 171 47 1 28 0 0 0 -1 -1.000000 -1.000000
166 1376 760 47 1 29 0 0 0 -1 -1.000000 -1.000000
167 1221 224 33 1 16 0 0 0 -1 -1.000000 -1.000000
167 1206 415 39 1 19 0 0 0 -1 -1.000000 -1.000000
167 1007 403 42 1 20 0 0 0 -1 -1.000000 -1.000000
167 318 194 27 1 24 0 0 0 -1 -1.000000 -1.000000
167 1311 509 48 1 27 0 0 0 -1 -1.000000 -1.000000
167 1253 158 47 1 28 0 0 0 -1 -1.000000 -1.000000
167 1380 769 47 1 29 0 0 0 -1 -1.000000 -1.000000
168 1221 225 33 1 16 0 0 0 -1 -1.000000 -1.000000
168 1216 415 39 1 19 0 0 0 -1 -1.000000 -1.000000
168 1051 459 42 1 20 0 0 0 -1 -1.000000 -1.000000
168 297 189 27 1 24 0 0 0 -1 -1.000000 -1.000000
168 1315 492 48 1 27 0 0 0 -1 -1.000000 -1.000000
168 1260 145 47 1 28 0 0 0 -1 -1.000000 -1.000000
168 1381 772 47 1 29 0 0 0 -1 -1.000000 -1.000000
169 1225 225 33 1 16 0 0 0 -1 -1.000000 -1.000000
169 1216 416 39 1 19 0 0 0 -1 -1.000000 -1.000000
169 1102 500 42 1 20 0 0 0 -1 -1.000000 -1.000000
169 1313 489 48 1 27 0 0 0 -1 -1.000000 -1.000000
169 1253 139 47 1 28 0 0 0 -1 -1.000000 -1.000000
170 1225 225 33 1 16 0 0 0 -1 -1.000000 -1.000000
170 1220 380 44 1 8 0 0 0 -1 -1.000000 -1.000000
170 1218 421 39 1 19 0 0 0 -1 -1.000000 -1.000000
170 1133 516 42 1 20 0 0 0 -1 -1.000000 -1.000000
170 228 232 27 1 24 0 0 0 -1 -1.000000 -1.000000
170 1316 486 48 1 27 0 0 0 -1 -1.000000 -1.000000
170 1254 129 47 1 28 0 0 0 -1 -1.000000 -1.000000
171 1228 227 33 1 16 0 0 0 -1 -1.000000 -1.000000
171 1227 419 39 1 19 0 0 0 -1 -1.000000 -1.000000
171 1165 510 42 1 20 0 0 0 -1 -1.000000 -1.000000
171 1316 479 50 1 27 0 0 0 -1 -1.000000 -1.000000
171 1243 115 47 1 28 0 0 0 -1 -1.000000 -1.000000
172 1228 228 33 1 16 0 0 0 -1 -1.000000 -1.000000
172 1230 417 39 1 19 0 0 0 -1 -1.000000 -1.000000
172 1184 505 42 1 20 0 0 0 -1 -1.000000 -1.000000
172 177 307 31 1 24 0 0 0 -1 -1.000000 -1.000000
172 1310 476 50 1 27 0 0 0 -1 -1.000000 -1.000000
173 1228 230 33 1 16 0 0 0 -1 -1.000000 -1.000000
173 1230 421 39 1 19 0 0 0 -1 -1.000000 -1.000000
173 1213 516 42 1 20 0 0 0 -1 -1.000000 -1.000000
173 156 347 31 1 24 0 0 0 -1 -1.000000 -1.000000
173 1316 467 50 1 27 0 0 0 -1 -1.000000 -1.000000
174 1228 230 33 1 16 0 0 0 -1 -1.000000 -1.000000
174 1230 422 39 1 19 0 0 0 -1 -1.000000 -1.000000
174 1225 539 42 1 20 0 0 0 -1 -1.000000 -1.000000
174 1317 461 50 1 27 0 0 0 -1 -1.000000 -1.000000
175 1232 237 33 1 16 0 0 0 -1 -1.000000 -1.000000
175 1230 422 39 1 19 0 0 0 -1 -1.000000 -1.000000
175 1241 549 42 1 20 0 0 0 -1 -1.000000 -1.000000
175 1314 451 50 1 27 0 0 0 -1 -1.000000 -1.000000
176 1221 387 44 1 8 0 0 0 -1 -1.000000 -1.000000
176 1233 234 36 1 16 0 0 0 -1 -1.000000 -1.000000
176 1231 425 39 1 19 0 0 0 -1 -1.000000 -1.000000
176 1266 552 42 1 20 0 0 0 -1 -1.000000 -1.000000
176 1311 429 50 1 27 0 0 0 -1 -1.000000 -1.000000
177 1219 386 44 1 8 0 0 0 -1 -1.000000 -1.000000
177 1236 237 36 1 16 0 0 0 -1 -1.000000 -1.000000
177 1287 551 42 1 20 0 0 0 -1 -1.000000 -1.000000
177 106 579 31 1 24 0 0 0 -1 -1.000000 -1.000000
177 366 489 168 0 -1 0 0 0 -1 -1.000000 -1.000000
178 1218 384 44 1 8 0 0 0 -1 -1.000000 -1.000000
178 1226 231 36 1 16 0 0 0 -1 -1.000000 -1.000000
178 1287 542 42 1 20 0 0 0 -1 -1.000000 -1.000000
178 100 575 36 1 24 0 0 0 -1 -1.000000 -1.000000
178 598 230 222 0 -1 0 0 0 -1 -1.000000 -1.000000
179 1217 379 44 1 8 0 0 0 -1 -1.000000 -1.000000
179 1226 230 36 1 16 0 0 0 -1 -1.000000 -1.000000
179 1287 543 42 1 20 0 0 0 -1 -1.000000 -1.000000
179 97 578 36 1 24 0 0 0 -1 -1.000000 -1.000000
180 1224 375 44 1 8 0 0 0 -1 -1.000000 -1.000000
180 1230 233 36 1 16 0 0 0 -1 -1.000000 -1.000000
180 1295 541 42 1 20 0 0 0 -1 -1.000000 -1.000000
180 105 576 39 1 24 0 0 0 -1 -1.000000 -1.000000
181 1231 378 44 1 8 0 0 0 -1 -1.000000 -1.000000
181 1228 231 36 1 16 0 0 0 -1 -1.000000 -1.000000
181 1215 420 39 1 19 0 0 0 -1 -1.000000 -1.000000
181 1295 538 42 1 20 0 0 0 -1 -1.000000 -1.000000
181 104 578 39 1 24 0 0 0 -1 -1.000000 -1.000000
182 1231 377 44 1 8 0 0 0 -1 -1.000000 -1.000000
182 1225 243 36 1 16 0 0 0 -1 -1.000000 -1.000000
182 1211 422 39 1 19 0 0 0 -1 -1.000000 -1.000000
182 1299 537 42 1 20 0 0 0 -1 -1.000000 -1.000000
182 99 583 39 1 24 0 0 0 -1 -1.000000 -1.000000
183 1230 379 44 1 8 0 0 0 -1 -1.000000 -1.000000
183 1223 246 36 1 16 0 0 0 -1 -1.000000 -1.000000
183 1212 429 39 1 19 0 0 0 -1 -1.000000 -1.000000
183 1304 543 42 1 20 0 0 0 -1 -1.000000 -1.000000
183 102 590 39 1 24 0 0 0 -1 -1.000000 -1.000000
184 1233 385 44 1 8 0 0 0 -1 -1.000000 -1.000000
184 1225 251 36 1 16 0 0 0 -1 -1.000000 -1.000000
184 1217 433 39 1 19 0 0 0 -1 -1.000000 -1.000000
184 1309 545 42 1 20 0 0 0 -1 -1.000000 -1.000000
184 107 596 39 1 24 0 0 0 -1 -1.000000 -1.000000
185 1240 388 44 1 8 0 0 0 -1 -1.000000 -1.000000
185 1227 250 36 1 16 0 0 0 -1 -1.000000 -1.000000
185 1225 436 39 1 19 0 0 0 -1 -1.000000 -1.000000
185 113 598 39 1 24 0 0 0 -1 -1.000000 -1.000000
186 1243 392 44 1 8 0 0 0 -1 -1.000000 -1.000000
186 1232 254 36 1 16 0 0 0 -1 -1.000000 -1.000000
186 1233 435 39 1 19 0 0 0 -1 -1.000000 -1.000000
186 114 600 39 1 24 0 0 0 -1 -1.000000 -1.000000
187 1246 390 44 1 8 0 0 0 -1 -1.000000 -1.000000
187 1234 257 36 1 16 0 0 0 -1 -1.000000 -1.000000
187 1235 436 39 1 19 0 0 0 -1 -1.000000 -1.000000
187 118 603 39 1 24 0 0 0 -1 -1.000000 -1.000000
188 1259 388 44 1 8 0 0 0 -1 -1.000000 -1.000000
188 1237 257 36 1 16 0 0 0 -1 -1.000000 -1.000000
188 1238 437 39 1 19 0 0 0 -1 -1.000000 -1.000000
188 121 603 39 1 24 0 0 0 -1 -1.000000 -1.000000
189 1257 389 44 1 8 0 0 0 -1 -1.000000 -1.000000
189 1235 261 36 1 16 0 0 0 -1 -1.000000 -1.000000
189 120 604 39 1 24 0 0 0 -1 -1.000000 -1.000000
190 1266 385 44 1 8 0 0 0 -1 -1.000000 -1.000000
190 1237 259 36 1 16 0 0 0 -1 -1.000000 -1.000000
190 121 598 40 1 24 0 0 0 -1 -1.000000 -1.000000
191 1237 254 36 1 16 0 0 0 -1 -1.000000 -1.000000
191 1244 429 39 1 19 0 0 0 -1 -1.000000 -1.000000
191 122 598 40 1 24 0 0 0 -1 -1.000000 -1.000000
192 1236 253 36 1 16 0 0 0 -1 -1.000000 -1.000000
192 1247 425 39 1 19 0 0 0 -1 -1.000000 -1.000000
192 121 600 40 1 24 0 0 0 -1 -1.000000 -1.000000
193 1236 254 36 1 16 0 0 0 -1 -1.000000 -1.000000
193 1251 419 39 1 19 0 0 0 -1 -1.000000 -1.000000
193 122 590 40 1 24 0 0 0 -1 -1.000000 -1.000000
194 1235 246 38 1 16 0 0 0 -1 -1.000000 -1.000000
194 1252 416 39 1 19 0 0 0 -1 -1.000000 -1.000000
194 119 590 40 1 24 0 0 0 -1 -1.000000 -1.000000
194 157 32 41 1 25 0 0 0 -1 -1.000000 -1.000000
195 1236 249 38 1 16 0 0 0 -1 -1.000000 -1.000000
195 121 591 41 1 24 0 0 0 -1 -1.000000 -1.000000
195 114 90 44 1 25 0 0 0 -1 -1.000000 -1.000000
196 1240 248 38 1 16 0 0 0 -1 -1.000000 -1.000000
196 128 597 41 1 24 0 0 0 -1 -1.000000 -1.000000
196 116 153 44 1 25 0 0 0 -1 -1.000000 -1.000000
197 1238 256 40 1 16 0 0 0 -1 -1.000000 -1.000000
197 131 592 41 1 24 0 0 0 -1 -1.000000 -1.000000
197 152 202 49 1 25 0 0 0 -1 -1.000000 -1.000000
197 591 22 49 1 26 0 0 0 -1 -1.000000 -1.000000
198 1240 255 40 1 16 0 0 0 -1 -1.000000 -1.000000
198 131 592 41 1 24 0 0 0 -1 -1.000000 -1.000000
198 227 246 51 1 25 0 0 0 -1 -1.000000 -1.000000
198 608 69 49 1 26 0 0 0 -1 -1.000000 -1.000000
199 1236 252 40 1 16 0 0 0 -1 -1.000000 -1.000000
199 132 594 41 1 24 0 0 0 -1 -1.000000 -1.000000
199 335 281 53 1 25 0 0 0 -1 -1.000000 -1.000000
199 619 90 49 1 26 0 0 0 -1 -1.000000 -1.000000
200 1241 255 40 1 16 0 0 0 -1 -1.000000 -1.000000
200 132 594 41 1 24 0 0 0 -1 -1.000000 -1.000000
200 426 290 49 1 25 0 0 0 -1 -1.000000 -1.000000
200 632 79 49 1 26 0 0 0 -1 -1.000000 -1.000000
201 1241 254 40 1 16 0 0 0 -1 -1.000000 -1.000000
201 134 583 41 1 24 0 0 0 -1 -1.000000 -1.000000
201 482 265 49 1 25 0 0 0 -1 -1.000000 -1.000000
201 658 65 49 1 26 0 0 0 -1 -1.000000 -1.000000
202 1241 244 40 1 16 0 0 0 -1 -1.000000 -1.000000
202 137 580 41 1 24 0 0 0 -1 -1.000000 -1.000000
202 480 219 49 1 25 0 0 0 -1 -1.000000 -1.000000
202 684 50 49 1 26 0 0 0 -1 -1.000000 -1.000000
203 1246 239 40 1 16 0 0 0 -1 -1.000000 -1.000000
203 133 574 41 1 24 0 0 0 -1 -1.000000 -1.000000
203 451 161 49 1 25 0 0 0 -1 -1.000000 -1.000000
203 699 30 49 1 26 0 0 0 -1 -1.000000 -1.000000
204 1245 238 40 1 16 0 0 0 -1 -1.000000 -1.000000
204 134 569 41 1 24 0 0 0 -1 -1.000000 -1.000000
204 418 100 49 1 25 0 0 0 -1 -1.000000 -1.000000
205 1245 239 40 1 16 0 0 0 -1 -1.000000 -1.000000
205 131 561 41 1 24 0 0 0 -1 -1.000000 -1.000000
205 387 42 49 1 25 0 0 0 -1 -1.000000 -1.000000
206 1242 231 40 1 16 0 0 0 -1 -1.000000 -1.000000
206 126 555 41 1 24 0 0 0 -1 -1.000000 -1.000000
207 1231 231 40 1 16 0 0 0 -1 -1.000000 -1.000000
207 123 555 41 1 24 0 0 0 -1 -1.000000 -1.000000
207 742 36 49 1 26 0 0 0 -1 -1.000000 -1.000000
208 1228 232 40 1 16 0 0 0 -1 -1.000000 -1.000000
208 120 555 41 1 24 0 0 0 -1 -1.000000 -1.000000
208 767 58 44 1 26 0 0 0 -1 -1.000000 -1.000000
209 1230 234 42 1 16 0 0 0 -1 -1.000000 -1.000000
209 118 553 41 1 24 0 0 0 -1 -1.000000 -1.000000
209 793 67 44 1 26 0 0 0 -1 -1.000000 -1.000000
210 1222 233 42 1 16 0 0 0 -1 -1.000000 -1.000000
210 112 553 41 1 24 0 0 0 -1 -1.000000 -1.000000
210 802 89 36 1 26 0 0 0 -1 -1.000000 -1.000000
211 1214 232 42 1 16 0 0 0 -1 -1.000000 -1.000000
211 102 548 41 1 24 0 0 0 -1 -1.000000 -1.000000
212 1207 230 42 1 16 0 0 0 -1 -1.000000 -1.000000
212 97 549 41 1 24 0 0 0 -1 -1.000000 -1.000000
212 776 213 36 1 26 0 0 0 -1 -1.000000 -1.000000
213 1212 228 42 1 16 0 0 0 -1 -1.000000 -1.000000
213 93 546 41 1 24 0 0 0 -1 -1.000000 -1.000000
213 746 286 36 1 26 0 0 0 -1 -1.000000 -1.000000
214 1205 225 42 1 16 0 0 0 -1 -1.000000 -1.000000
214 99 547 41 1 24 0 0 0 -1 -1.000000 -1.000000
214 697 348 38 1 26 0 0 0 -1 -1.000000 -1.000000
215 1205 226 42 1 16 0 0 0 -1 -1.000000 -1.000000
215 98 546 41 1 24 0 0 0 -1 -1.000000 -1.000000
215 645 382 38 1 26 0 0 0 -1 -1.000000 -1.000000
216 1205 228 42 1 16 0 0 0 -1 -1.000000 -1.000000
216 98 546 41 1 24 0 0 0 -1 -1.000000 -1.000000
216 595 394 38 1 26 0 0 0 -1 -1.000000 -1.000000
217 1199 228 40 1 16 0 0 0 -1 -1.000000 -1.000000
217 94 546 41 1 24 0 0 0 -1 -1.000000 -1.000000
217 546 415 38 1 26 0 0 0 -1 -1.000000 -1.000000
218 1197 229 40 1 16 0 0 0 -1 -1.000000 -1.000000
218 94 546 41 1 24 0 0 0 -1 -1.000000 -1.000000
218 490 438 39 1 26 0 0 0 -1 -1.000000 -1.000000
219 1193 227 40 1 16 0 0 0 -1 -1.000000 -1.000000
219 88 545 41 1 24 0 0 0 -1 -1.000000 -1.000000
219 445 478 39 1 26 0 0 0 -1 -1.000000 -1.000000
220 1196 231 40 1 16 0 0 0 -1 -1.000000 -1.000000
220 88 545 41 1 24 0 0 0 -1 -1.000000 -1.000000
220 404 530 43 1 26 0 0 0 -1 -1.000000 -1.000000
221 1191 228 40 1 16 0 0 0 -1 -1.000000 -1.000000
221 88 545 41 1 24 0 0 0 -1 -1.000000 -1.000000
221 400 570 43 1 26 0 0 0 -1 -1.000000 -1.000000
222 1193 230 40 1 16 0 0 0 -1 -1.000000 -1.000000
222 89 545 41 1 24 0 0 0 -1 -1.000000 -1.000000
222 415 591 43 1 26 0 0 0 -1 -1.000000 -1.000000
223 1187 232 40 1 16 0 0 0 -1 -1.000000 -1.000000
223 89 544 41 1 24 0 0 0 -1 -1.000000 -1.000000
223 438 600 46 1 26 0 0 0 -1 -1.000000 -1.000000
224 1187 233 40 1 16 0 0 0 -1 -1.000000 -1.000000
224 89 544 41 1 24 0 0 0 -1 -1.000000 -1.000000
224 458 609 46 1 26 0 0 0 -1 -1.000000 -1.000000
225 1186 236 40 1 16 0 0 0 -1 -1.000000 -1.000000
225 89 544 41 1 24 0 0 0 -1 -1.000000 -1.000000
225 472 603 46 1 26 0 0 0 -1 -1.000000 -1.000000
226 1174 243 40 1 16 0 0 0 -1 -1.000000 -1.000000
226 89 544 41 1 24 0 0 0 -1 -1.000000 -1.000000
226 476 596 47 1 26 0 0 0 -1 -1.000000 -1.000000
227 1184 250 40 1 16 0 0 0 -1 -1.000000 -1.000000
227 88 548 41 1 24 0 0 0 -1 -1.000000 -1.000000
227 483 581 47 1 26 0 0 0 -1 -1.000000 -1.000000
228 1180 249 40 1 16 0 0 0 -1 -1.000000 -1.000000
228 84 558 41 1 24 0 0 0 -1 -1.000000 -1.000000
228 501 587 48 1 26 0 0 0 -1 -1.000000 -1.000000
229 1180 252 40 1 16 0 0 0 -1 -1.000000 -1.000000
229 84 558 41 1 24 0 0 0 -1 -1.000000 -1.000000
229 521 623 48 1 26 0 0 0 -1 -1.000000 -1.000000
230 1177 255 40 1 16 0 0 0 -1 -1.000000 -1.000000
230 84 558 41 1 24 0 0 0 -1 -1.000000 -1.000000
230 561 697 48 1 26 0 0 0 -1 -1.000000 -1.000000
231 1180 254 40 1 16 0 0 0 -1 -1.000000 -1.000000
231 84 558 41 1 24 0 0 0 -1 -1.000000 -1.000000
231 599 799 48 1 26 0 0 0 -1 -1.000000 -1.000000
232 1177 263 40 1 16 0 0 0 -1 -1.000000 -1.000000
232 89 578 41 1 24 0 0 0 -1 -1.000000 -1.000000
232 622 881 48 1 26 0 0 0 -1 -1.000000 -1.000000
233 1186 277 40 1 16 0 0 0 -1 -1.000000 -1.000000
233 90 595 41 1 24 0 0 0 -1 -1.000000 -1.000000
233 640 929 48 1 26 0 0 0 -1 -1.000000 -1.000000
234 1186 284 40 1 16 0 0 0 -1 -1.000000 -1.000000
234 98 600 41 1 24 0 0 0 -1 -1.000000 -1.000000
234 645 919 48 1 26 0 0 0 -1 -1.000000 -1.000000
235 1183 284 35 1 16 0 0 0 -1 -1.000000 -1.000000
235 97 605 41 1 24 0 0 0 -1 -1.000000 -1.000000
235 638 878 48 1 26 0 0 0 -1 -1.000000 -1.000000
236 1185 288 35 1 16 0 0 0 -1 -1.000000 -1.000000
236 98 606 41 1 24 0 0 0 -1 -1.000000 -1.000000
236 630 817 48 1 26 0 0 0 -1 -1.000000 -1.000000
237 1190 292 35 1 16 0 0 0 -1 -1.000000 -1.000000
237 104 609 41 1 24 0 0 0 -1 -1.000000 -1.000000
237 628 743 48 1 26 0 0 0 -1 -1.000000 -1.000000
238 1185 282 35 1 16 0 0 0 -1 -1.000000 -1.000000
238 104 609 41 1 24 0 0 0 -1 -1.000000 -1.000000
238 627 660 48 1 26 0 0 0 -1 -1.000000 -1.000000
239 1191 292 35 1 16 0 0 0 -1 -1.000000 -1.000000
239 106 610 41 1 24 0 0 0 -1 -1.000000 -1.000000
239 632 570 48 1 26 0 0 0 -1 -1.000000 -1.000000
