0 1314 326 76 1 0 0 0 0
0 1583 177 75 1 1 0 0 0
0 234 504 49 0 -1 0 0 0
0 420 324 49 0 -1 0 0 0
0 605 194 49 0 -1 0 0 0
0 624 362 49 0 -1 0 0 0
0 842 244 49 0 -1 0 0 0
0 949 147 49 0 -1 0 0 0
0 932 331 49 0 -1 0 0 0
0 710 323 49 0 -1 0 0 0
0 547 460 49 0 -1 0 0 0
0 350 627 49 0 -1 0 0 0
0 760 874 49 0 -1 0 0 0
0 999 819 49 0 -1 0 0 0
0 1184 918 49 0 -1 0 0 0
0 967 930 49 0 -1 0 0 0
0 1288 840 49 0 -1 0 0 0
0 1188 685 49 0 -1 0 0 0
0 1663 780 49 0 -1 0 0 0
0 1499 900 49 0 -1 0 0 0
0 1621 921 49 0 -1 0 0 0
0 1874 970 49 0 -1 0 0 0
0 1832 764 49 0 -1 0 0 0
0 1847 548 49 0 -1 0 0 0
0 1692 567 49 0 -1 0 0 0
0 1744 462 49 0 -1 0 0 0
0 1832 317 49 0 -1 0 0 0
0 1852 135 49 0 -1 0 0 0
0 1751 340 49 0 -1 0 0 0
0 1597 425 49 0 -1 0 0 0
0 1525 463 49 0 -1 0 0 0
0 1346 658 49 0 -1 0 0 0
0 1095 551 49 0 -1 0 0 0
0 842 528 49 0 -1 0 0 0
0 607 642 49 0 -1 0 0 0
0 510 737 49 0 -1 0 0 0
0 271 820 49 0 -1 0 0 0
0 113 611 49 0 -1 0 0 0
0 39 274 49 0 -1 0 0 0
0 105 270 49 0 -1 0 0 0
0 217 190 49 0 -1 0 0 0
0 383 140 49 0 -1 0 0 0
0 603 107 49 0 -1 0 0 0
0 689 97 49 0 -1 0 0 0
0 983 106 49 0 -1 0 0 0
0 1107 97 74 0 -1 0 0 0
0 732 521 74 0 -1 0 0 0
0 852 698 74 0 -1 0 0 0
0 719 858 74 0 -1 0 0 0
0 577 914 74 0 -1 0 0 0
0 783 989 74 0 -1 0 0 0
0 1078 1001 74 0 -1 0 0 0
0 1254 1002 74 0 -1 0 0 0
0 1421 983 74 0 -1 0 0 0
0 1578 1001 74 0 -1 0 0 0
0 1776 1016 74 0 -1 0 0 0
0 1802 880 74 0 -1 0 0 0
0 1764 655 74 0 -1 0 0 0
0 1628 656 74 0 -1 0 0 0
0 1502 601 74 0 -1 0 0 0
0 1347 522 74 0 -1 0 0 0
0 1157 526 74 0 -1 0 0 0
0 1333 130 74 0 -1 0 0 0
0 1768 209 74 0 -1 0 0 0
0 1733 72 74 0 -1 0 0 0
0 989 707 74 0 -1 0 0 0
0 916 809 74 0 -1 0 0 0
0 486 918 74 0 -1 0 0 0
0 259 568 74 0 -1 0 0 0
0 357 413 74 0 -1 0 0 0
0 516 255 99 0 -1 0 0 0
0 178 144 99 0 -1 0 0 0
0 218 377 99 0 -1 0 0 0
0 222 682 99 0 -1 0 0 0
0 768 829 99 0 -1 0 0 0
0 1198 898 99 0 -1 0 0 0
0 1150 761 99 0 -1 0 0 0
0 987 634 99 0 -1 0 0 0
0 1421 808 99 0 -1 0 0 0
0 1710 803 99 0 -1 0 0 0
0 1647 962 99 0 -1 0 0 0
0 1453 940 99 0 -1 0 0 0
0 1805 593 99 0 -1 0 0 0
0 1410 533 99 0 -1 0 0 0
0 1639 437 99 0 -1 0 0 0
0 924 514 99 0 -1 0 0 0
1 1338 309 76 1 0 0 0 0
1 1578 140 75 1 1 0 0 0
1 889 271 99 0 -1 0 0 0
2 1349 301 76 1 0 0 0 0
2 1559 131 75 1 1 0 0 0
3 1358 278 76 1 0 0 0 0
3 1527 118 75 1 1 0 0 0
4 1364 264 69 1 0 0 0 0
4 1495 111 75 1 1 0 0 0
5 1374 250 69 1 0 0 0 0
5 1464 125 85 1 1 0 0 0
6 1384 247 69 1 0 0 0 0
6 1451 126 85 1 1 0 0 0
7 1387 236 67 1 0 0 0 0
7 1448 124 85 1 1 0 0 0
7 1566 743 99 0 -1 0 0 0
7 1669 952 99 0 -1 0 0 0
8 1394 229 67 1 0 0 0 0
8 1444 123 85 1 1 0 0 0
9 1400 222 67 1 0 0 0 0
9 1441 137 85 1 1 0 0 0
10 1397 214 67 1 0 0 0 0
10 1450 130 77 1 1 0 0 0
10 1568 727 266 0 -1 0 0 0
11 1407 191 67 1 0 0 0 0
11 1485 85 77 1 1 0 0 0
11 1333 723 266 0 -1 0 0 0
11 385 304 266 0 -1 0 0 0
12 1403 185 67 1 0 0 0 0
12 1533 60 74 1 1 0 0 0
13 1412 183 67 1 0 0 0 0
13 1584 33 71 1 1 0 0 0
14 1414 175 67 1 0 0 0 0
15 1429 173 67 1 0 0 0 0
16 1440 168 67 1 0 0 0 0
17 1446 159 67 1 0 0 0 0
18 1440 160 67 1 0 0 0 0
19 1433 179 67 1 0 0 0 0
20 1435 176 67 1 0 0 0 0
20 1741 635 99 0 -1 0 0 0
20 1545 840 99 0 -1 0 0 0
20 1784 940 99 0 -1 0 0 0
21 1428 177 67 1 0 0 0 0
22 1423 190 67 1 0 0 0 0
23 1407 198 67 1 0 0 0 0
24 1398 199 67 1 0 0 0 0
25 1387 199 67 1 0 0 0 0
26 1380 201 67 1 0 0 0 0
27 1378 202 67 1 0 0 0 0
32 1795 172 95 1 2 0 0 0
33 1665 211 95 1 2 0 0 0
34 1544 256 95 1 2 0 0 0
35 1445 340 91 1 2 0 0 0
36 1364 464 91 1 2 0 0 0
37 1299 575 91 1 2 0 0 0
38 1250 653 91 1 2 0 0 0
39 1213 698 91 1 2 0 0 0
40 1164 712 91 1 2 0 0 0
41 1136 732 91 1 2 0 0 0
42 1122 746 91 1 2 0 0 0
43 1098 728 91 1 2 0 0 0
44 1085 699 91 1 2 0 0 0
45 1124 658 91 1 2 0 0 0
46 1153 643 91 1 2 0 0 0
47 1120 682 85 1 2 0 0 0
48 1081 691 85 1 2 0 0 0
49 1103 676 85 1 2 0 0 0
50 1127 672 85 1 2 0 0 0
51 1140 659 85 1 2 0 0 0
52 1140 659 85 1 2 0 0 0
52 1447 415 138 0 -1 0 0 0
52 999 964 138 0 -1 0 0 0
53 1186 647 85 1 2 0 0 0
54 1244 620 86 1 2 0 0 0
55 1286 586 86 1 2 0 0 0
56 1343 565 75 1 2 0 0 0
57 1401 579 75 1 2 0 0 0
58 1464 608 75 1 2 0 0 0
59 1526 655 75 1 2 0 0 0
60 1624 697 75 1 2 0 0 0
62 1803 800 75 1 2 0 0 0
67 1208 472 75 1 3 0 0 0
68 1212 473 75 1 3 0 0 0
69 1223 470 78 1 3 0 0 0
70 1230 478 78 1 3 0 0 0
71 1244 484 78 1 3 0 0 0
72 1238 486 78 1 3 0 0 0
73 1251 487 82 1 3 0 0 0
73 1448 876 138 0 -1 0 0 0
73 1777 547 138 0 -1 0 0 0
73 1465 156 138 0 -1 0 0 0
74 1250 487 82 1 3 0 0 0
75 1249 488 82 1 3 0 0 0
76 1245 475 82 1 3 0 0 0
77 1246 478 74 1 3 0 0 0
78 1239 483 74 1 3 0 0 0
78 725 281 138 0 -1 0 0 0
78 788 894 138 0 -1 0 0 0
79 1241 486 74 1 3 0 0 0
80 1238 492 74 1 3 0 0 0
81 1233 497 74 1 3 0 0 0
82 1234 501 74 1 3 0 0 0
83 1231 502 74 1 3 0 0 0
83 1821 620 76 1 4 0 0 0
84 1219 510 74 1 3 0 0 0
84 1739 679 76 1 4 0 0 0
85 1215 520 74 1 3 0 0 0
85 1671 656 76 1 4 0 0 0
86 1215 527 74 1 3 0 0 0
86 1690 597 76 1 4 0 0 0
87 1191 534 74 1 3 0 0 0
87 1762 516 76 1 4 0 0 0
88 1197 539 74 1 3 0 0 0
88 1838 466 76 1 4 0 0 0
89 1192 537 74 1 3 0 0 0
90 1182 535 74 1 3 0 0 0
91 1180 535 74 1 3 0 0 0
92 1174 536 74 1 3 0 0 0
93 1178 543 74 1 3 0 0 0
94 1165 543 82 1 3 0 0 0
95 1138 545 82 1 3 0 0 0
96 1135 552 85 1 3 0 0 0
97 1125 544 85 1 3 0 0 0
97 1697 164 83 1 5 0 0 0
98 1636 291 83 1 5 0 0 0
99 1595 372 83 1 5 0 0 0
100 1560 379 83 1 5 0 0 0
101 1517 371 83 1 5 0 0 0
102 1477 394 83 1 5 0 0 0
103 1481 414 83 1 5 0 0 0
104 544 394 138 0 -1 0 0 0
104 1493 426 83 1 5 0 0 0
105 1511 447 83 1 5 0 0 0
106 1493 459 83 1 5 0 0 0
107 1474 463 83 1 5 0 0 0
108 1510 429 83 1 5 0 0 0
109 1541 346 83 1 5 0 0 0
110 1574 292 83 1 5 0 0 0
111 1579 283 83 1 5 0 0 0
112 1551 286 83 1 5 0 0 0
113 1500 295 83 1 5 0 0 0
114 1476 298 77 1 5 0 0 0
114 1261 398 77 1 6 0 0 0
115 1450 289 77 1 5 0 0 0
115 1267 392 77 1 6 0 0 0
116 1440 313 77 1 5 0 0 0
116 1287 395 77 1 6 0 0 0
117 1427 305 77 1 5 0 0 0
117 1297 398 77 1 6 0 0 0
118 1421 302 77 1 5 0 0 0
118 1321 402 77 1 6 0 0 0
119 1414 303 77 1 5 0 0 0
119 1339 408 77 1 6 0 0 0
120 1405 300 77 1 5 0 0 0
120 1363 414 77 1 6 0 0 0
121 1394 295 77 1 5 0 0 0
121 1383 414 77 1 6 0 0 0
122 465 345 138 0 -1 0 0 0
122 914 327 138 0 -1 0 0 0
122 832 713 138 0 -1 0 0 0
122 392 723 138 0 -1 0 0 0
122 1309 878 138 0 -1 0 0 0
122 1714 676 138 0 -1 0 0 0
122 1801 226 138 0 -1 0 0 0
122 1376 288 77 1 5 0 0 0
122 1410 420 77 1 6 0 0 0
123 1653 771 138 0 -1 0 0 0
123 1369 285 77 1 5 0 0 0
123 1421 424 77 1 6 0 0 0
124 1359 286 77 1 5 0 0 0
124 1445 427 77 1 6 0 0 0
125 1359 285 77 1 5 0 0 0
125 1464 433 77 1 6 0 0 0
126 1242 406 85 1 3 0 0 0
126 1799 536 69 0 -1 0 0 0
126 1359 286 77 1 5 0 0 0
126 1484 440 77 1 6 0 0 0
126 1099 581 76 1 7 0 0 0
127 1263 406 85 1 3 0 0 0
127 1562 912 138 0 -1 0 0 0
127 1501 446 77 1 6 0 0 0
127 1115 566 76 1 7 0 0 0
128 1273 401 85 1 3 0 0 0
128 1515 443 77 1 6 0 0 0
128 1122 567 76 1 7 0 0 0
129 1291 397 85 1 3 0 0 0
129 1493 965 69 0 -1 0 0 0
129 1532 453 77 1 6 0 0 0
129 1145 572 85 1 7 0 0 0
130 1300 401 85 1 3 0 0 0
130 1555 470 73 1 6 0 0 0
130 1158 581 85 1 7 0 0 0
131 1324 401 85 1 3 0 0 0
131 1570 478 73 1 6 0 0 0
131 1179 578 85 1 7 0 0 0
132 1347 400 85 1 3 0 0 0
132 1586 484 73 1 6 0 0 0
132 1199 576 85 1 7 0 0 0
133 1354 389 85 1 3 0 0 0
133 1601 486 73 1 6 0 0 0
133 1215 577 85 1 7 0 0 0
134 1369 389 85 1 3 0 0 0
134 1625 503 70 1 6 0 0 0
134 1236 584 85 1 7 0 0 0
135 1397 394 85 1 3 0 0 0
135 1632 514 70 1 6 0 0 0
135 1247 575 85 1 7 0 0 0
135 1343 290 70 1 8 0 0 0
136 1410 396 85 1 3 0 0 0
136 822 828 69 0 -1 0 0 0
136 1648 517 70 1 6 0 0 0
136 1251 579 85 1 7 0 0 0
136 1340 284 70 1 8 0 0 0
137 1431 400 85 1 3 0 0 0
137 1652 538 70 1 6 0 0 0
137 1267 585 85 1 7 0 0 0
137 1354 288 70 1 8 0 0 0
138 1450 410 85 1 3 0 0 0
138 1655 554 70 1 6 0 0 0
138 1267 585 85 1 7 0 0 0
138 1362 288 70 1 8 0 0 0
139 1467 415 85 1 3 0 0 0
139 1662 570 70 1 6 0 0 0
139 1268 586 85 1 7 0 0 0
139 1362 288 70 1 8 0 0 0
140 1477 421 80 1 3 0 0 0
140 494 402 69 0 -1 0 0 0
140 810 226 69 0 -1 0 0 0
140 760 384 69 0 -1 0 0 0
140 1086 765 69 0 -1 0 0 0
140 1574 932 69 0 -1 0 0 0
140 1801 740 69 0 -1 0 0 0
140 1840 489 69 0 -1 0 0 0
140 1725 273 69 0 -1 0 0 0
140 1376 77 69 0 -1 0 0 0
140 219 292 69 0 -1 0 0 0
140 1660 580 70 1 6 0 0 0
140 1291 597 85 1 7 0 0 0
140 1362 288 70 1 8 0 0 0
141 1488 427 80 1 3 0 0 0
141 1660 576 70 1 6 0 0 0
141 1275 594 85 1 7 0 0 0
141 1356 302 70 1 8 0 0 0
142 1518 431 73 1 3 0 0 0
142 1662 569 70 1 6 0 0 0
142 1278 594 85 1 7 0 0 0
142 1365 306 70 1 8 0 0 0
143 1524 434 73 1 3 0 0 0
143 1661 568 70 1 6 0 0 0
143 1285 595 85 1 7 0 0 0
143 1370 310 70 1 8 0 0 0
144 1549 448 73 1 3 0 0 0
144 1658 563 70 1 6 0 0 0
144 1290 595 85 1 7 0 0 0
144 1377 311 80 1 8 0 0 0
145 1551 445 73 1 3 0 0 0
145 1656 558 73 1 6 0 0 0
145 1294 584 85 1 7 0 0 0
145 1383 311 80 1 8 0 0 0
146 1561 446 73 1 3 0 0 0
146 1658 563 73 1 6 0 0 0
146 1301 593 85 1 7 0 0 0
146 1376 316 80 1 8 0 0 0
147 1567 448 73 1 3 0 0 0
147 1654 568 75 1 6 0 0 0
147 1296 593 85 1 7 0 0 0
147 1396 320 80 1 8 0 0 0
148 1582 454 73 1 3 0 0 0
148 1652 562 75 1 6 0 0 0
148 1300 596 85 1 7 0 0 0
148 1418 332 80 1 8 0 0 0
149 1586 452 73 1 3 0 0 0
149 1642 563 75 1 6 0 0 0
149 1320 606 85 1 7 0 0 0
149 1435 343 80 1 8 0 0 0
150 1591 452 66 1 3 0 0 0
150 1644 561 75 1 6 0 0 0
150 1434 345 80 1 8 0 0 0
151 1598 451 66 1 3 0 0 0
151 1454 363 80 1 8 0 0 0
152 1613 463 66 1 3 0 0 0
152 1647 561 75 1 6 0 0 0
152 1456 364 80 1 8 0 0 0
152 1863 120 73 1 9 0 0 0
153 1611 463 66 1 3 0 0 0
153 1649 571 67 1 6 0 0 0
153 1452 371 80 1 8 0 0 0
153 1789 103 73 1 9 0 0 0
154 1619 473 75 1 3 0 0 0
154 1645 583 67 1 6 0 0 0
154 1467 390 80 1 8 0 0 0
154 1725 118 73 1 9 0 0 0
155 1641 496 75 1 3 0 0 0
155 1649 592 67 1 6 0 0 0
155 1477 396 80 1 8 0 0 0
155 1674 123 73 1 9 0 0 0
156 1647 492 75 1 3 0 0 0
156 1648 620 67 1 6 0 0 0
156 1479 404 80 1 8 0 0 0
156 1640 140 73 1 9 0 0 0
157 1639 493 75 1 3 0 0 0
157 1477 404 80 1 8 0 0 0
157 1615 156 73 1 9 0 0 0
158 1634 511 75 1 3 0 0 0
158 1484 426 80 1 8 0 0 0
158 1582 194 73 1 9 0 0 0
159 1634 543 75 1 3 0 0 0
159 1482 426 80 1 8 0 0 0
159 1563 263 73 1 9 0 0 0
160 1639 558 75 1 3 0 0 0
160 1479 426 80 1 8 0 0 0
160 1557 336 73 1 9 0 0 0
161 1642 559 75 1 3 0 0 0
161 1482 432 77 1 8 0 0 0
161 1570 361 73 1 9 0 0 0
162 1640 560 75 1 3 0 0 0
162 1473 433 68 1 8 0 0 0
162 1562 380 73 1 9 0 0 0
163 1645 567 75 1 3 0 0 0
163 1517 407 73 1 9 0 0 0
164 1646 579 70 1 3 0 0 0
165 1649 587 70 1 3 0 0 0
165 1473 425 68 1 8 0 0 0
165 1422 512 73 1 9 0 0 0
166 1643 586 70 1 3 0 0 0
166 1463 434 68 1 8 0 0 0
166 1397 526 73 1 9 0 0 0
167 1639 586 70 1 3 0 0 0
167 1720 590 67 1 6 0 0 0
167 1455 434 68 1 8 0 0 0
167 1365 524 73 1 9 0 0 0
168 1638 589 70 1 3 0 0 0
168 1441 438 68 1 8 0 0 0
168 1339 518 73 1 9 0 0 0
169 1633 603 70 1 3 0 0 0
169 1433 440 68 1 8 0 0 0
169 1306 503 73 1 9 0 0 0
170 1635 608 70 1 3 0 0 0
170 1425 440 68 1 8 0 0 0
170 1286 507 73 1 9 0 0 0
171 1644 595 65 1 3 0 0 0
171 1409 434 68 1 8 0 0 0
171 1262 494 73 1 9 0 0 0
171 1077 576 73 1 10 0 0 0
172 1394 433 68 1 8 0 0 0
172 1251 475 71 1 9 0 0 0
172 1060 576 73 1 10 0 0 0
173 1377 440 68 1 8 0 0 0
173 1238 475 71 1 9 0 0 0
173 1078 589 73 1 10 0 0 0
174 1629 603 65 1 3 0 0 0
174 1359 440 71 1 8 0 0 0
174 1228 472 71 1 9 0 0 0
174 1088 590 79 1 10 0 0 0
175 1622 610 65 1 3 0 0 0
175 1354 437 71 1 8 0 0 0
175 1249 443 71 1 9 0 0 0
175 1104 571 79 1 10 0 0 0
176 1611 626 69 1 3 0 0 0
176 1210 568 79 1 10 0 0 0
177 1337 434 71 1 8 0 0 0
178 1324 441 71 1 8 0 0 0
179 1611 629 69 1 3 0 0 0
179 1319 441 71 1 8 0 0 0
180 1316 448 71 1 8 0 0 0
181 1760 772 67 1 6 0 0 0
181 1306 444 77 1 8 0 0 0
181 1598 43 71 1 9 0 0 0
182 1292 437 77 1 8 0 0 0
182 1602 73 71 1 9 0 0 0
183 1255 446 77 1 8 0 0 0
183 1578 119 71 1 9 0 0 0
184 1243 446 77 1 8 0 0 0
184 1568 163 71 1 9 0 0 0
185 1231 439 77 1 8 0 0 0
185 1593 244 61 1 9 0 0 0
186 1212 436 77 1 8 0 0 0
186 1657 339 70 1 9 0 0 0
187 1193 440 77 1 8 0 0 0
187 1725 400 78 1 9 0 0 0
188 1176 445 77 1 8 0 0 0
189 1158 442 77 1 8 0 0 0
189 1754 547 78 1 9 0 0 0
190 1713 643 78 1 9 0 0 0
191 1625 731 78 1 9 0 0 0
192 1557 757 78 1 9 0 0 0
193 1491 767 78 1 9 0 0 0
194 1402 753 78 1 9 0 0 0
195 1344 726 78 1 9 0 0 0
196 1311 696 78 1 9 0 0 0
197 1252 686 78 1 9 0 0 0
198 1217 662 78 1 9 0 0 0
199 1202 618 87 1 9 0 0 0
200 1175 596 87 1 9 0 0 0
201 1124 585 87 1 9 0 0 0
202 1088 577 87 1 9 0 0 0
203 1073 575 87 1 9 0 0 0
204 1056 584 87 1 9 0 0 0
205 1045 591 87 1 9 0 0 0
206 1024 588 80 1 9 0 0 0
207 1003 585 77 1 9 0 0 0
208 981 576 77 1 9 0 0 0
227 1771 712 79 1 11 0 0 0
228 1734 637 79 1 11 0 0 0
229 1695 596 79 1 11 0 0 0
230 1631 580 79 1 11 0 0 0
231 1555 569 79 1 11 0 0 0
232 1494 546 79 1 11 0 0 0
233 1430 531 79 1 11 0 0 0
234 1382 515 79 1 11 0 0 0
235 1346 525 79 1 11 0 0 0
236 1302 577 79 1 11 0 0 0
237 1251 617 79 1 11 0 0 0
238 1204 636 79 1 11 0 0 0
239 1167 624 79 1 11 0 0 0
240 1125 613 79 1 11 0 0 0
241 1103 609 88 1 11 0 0 0
241 1571 385 99 0 -1 0 0 0
241 1712 681 99 0 -1 0 0 0
241 1445 844 99 0 -1 0 0 0
241 994 942 99 0 -1 0 0 0
241 650 862 99 0 -1 0 0 0
241 284 606 99 0 -1 0 0 0
241 379 327 99 0 -1 0 0 0
242 1106 623 88 1 11 0 0 0
243 1097 626 88 1 11 0 0 0
244 1075 626 88 1 11 0 0 0
245 1064 619 88 1 11 0 0 0
246 1051 619 84 1 11 0 0 0
247 1044 622 84 1 11 0 0 0
247 730 251 122 0 -1 0 0 0
247 1206 217 122 0 -1 0 0 0
247 1726 122 122 0 -1 0 0 0
247 1767 554 122 0 -1 0 0 0
247 1520 333 122 0 -1 0 0 0
247 1639 808 122 0 -1 0 0 0
247 1400 905 122 0 -1 0 0 0
247 917 945 122 0 -1 0 0 0
247 570 936 122 0 -1 0 0 0
247 225 629 122 0 -1 0 0 0
248 1033 628 84 1 11 0 0 0
249 1018 635 84 1 11 0 0 0
250 1013 635 84 1 11 0 0 0
251 1005 635 84 1 11 0 0 0
252 993 628 84 1 11 0 0 0
253 976 623 84 1 11 0 0 0
254 966 638 84 1 11 0 0 0
255 954 640 84 1 11 0 0 0
256 943 640 84 1 11 0 0 0
257 933 640 84 1 11 0 0 0
258 924 646 84 1 11 0 0 0
259 938 645 84 1 11 0 0 0
298 809 775 75 1 12 0 0 0
299 799 763 75 1 12 0 0 0
300 799 763 75 1 12 0 0 0
301 796 751 75 1 12 0 0 0
302 796 750 75 1 12 0 0 0
303 805 778 86 1 12 0 0 0
304 813 768 96 1 12 0 0 0
305 864 737 96 1 12 0 0 0
306 969 728 87 1 12 0 0 0
307 702 710 122 0 -1 0 0 0
307 1832 635 122 0 -1 0 0 0
307 1699 258 122 0 -1 0 0 0
307 1442 915 122 0 -1 0 0 0
307 1700 932 122 0 -1 0 0 0
307 325 105 122 0 -1 0 0 0
307 206 471 122 0 -1 0 0 0
307 209 789 122 0 -1 0 0 0
317 1555 959 87 1 13 0 0 0
318 1540 823 87 1 13 0 0 0
319 1560 679 87 1 13 0 0 0
320 1577 555 87 1 13 0 0 0
321 1545 458 87 1 13 0 0 0
322 1503 404 87 1 13 0 0 0
323 1455 424 87 1 13 0 0 0
324 1441 485 87 1 13 0 0 0
325 1461 581 87 1 13 0 0 0
326 1525 710 87 1 13 0 0 0
327 1601 852 87 1 13 0 0 0
328 1700 919 87 1 13 0 0 0
339 936 611 78 1 14 0 0 0
341 944 603 69 1 14 0 0 0
342 948 600 69 1 14 0 0 0
343 953 590 69 1 14 0 0 0
344 962 587 69 1 14 0 0 0
345 962 585 69 1 14 0 0 0
346 959 570 69 1 14 0 0 0
347 970 574 69 1 14 0 0 0
348 981 569 69 1 14 0 0 0
349 984 560 69 1 14 0 0 0
350 987 559 69 1 14 0 0 0
351 996 548 69 1 14 0 0 0
352 1006 548 69 1 14 0 0 0
353 1014 545 69 1 14 0 0 0
354 1014 545 69 1 14 0 0 0
355 1014 545 69 1 14 0 0 0
356 1009 566 69 1 14 0 0 0
356 1716 687 64 1 16 0 0 0
357 1005 580 69 1 14 0 0 0
357 1701 680 64 1 16 0 0 0
358 1007 580 69 1 14 0 0 0
358 1722 635 64 1 16 0 0 0
359 1029 569 69 1 14 0 0 0
359 1753 572 69 1 16 0 0 0
360 1042 566 69 1 14 0 0 0
360 1804 496 60 1 16 0 0 0
361 1041 565 69 1 14 0 0 0
361 1836 439 60 1 16 0 0 0
362 1024 558 69 1 14 0 0 0
362 1845 369 60 1 16 0 0 0
363 998 535 69 1 14 0 0 0
363 1824 297 60 1 16 0 0 0
363 333 580 122 0 -1 0 0 0
363 1167 821 122 0 -1 0 0 0
363 1531 928 122 0 -1 0 0 0
363 1712 688 122 0 -1 0 0 0
364 998 525 69 1 14 0 0 0
364 1808 225 60 1 16 0 0 0
365 998 505 69 1 14 0 0 0
365 822 742 81 1 15 0 0 0
365 1780 153 60 1 16 0 0 0
366 987 465 69 1 14 0 0 0
366 818 717 81 1 15 0 0 0
366 1766 62 60 1 16 0 0 0
367 982 433 69 1 14 0 0 0
367 818 708 81 1 15 0 0 0
368 981 445 69 1 14 0 0 0
368 812 707 81 1 15 0 0 0
368 1711 49 60 1 16 0 0 0
369 975 445 69 1 14 0 0 0
369 801 719 81 1 15 0 0 0
370 960 458 69 1 14 0 0 0
370 773 739 81 1 15 0 0 0
370 1620 269 68 1 16 0 0 0
371 938 486 69 1 14 0 0 0
371 744 788 81 1 15 0 0 0
371 1570 365 68 1 16 0 0 0
372 942 539 58 1 14 0 0 0
372 751 840 81 1 15 0 0 0
372 1530 451 68 1 16 0 0 0
373 953 564 58 1 14 0 0 0
373 752 880 81 1 15 0 0 0
373 1487 510 68 1 16 0 0 0
374 939 593 58 1 14 0 0 0
374 723 916 81 1 15 0 0 0
374 1433 531 68 1 16 0 0 0
375 927 583 58 1 14 0 0 0
375 703 926 81 1 15 0 0 0
375 1381 520 68 1 16 0 0 0
376 927 583 58 1 14 0 0 0
376 701 924 81 1 15 0 0 0
376 1347 489 68 1 16 0 0 0
377 902 545 58 1 14 0 0 0
377 666 884 81 1 15 0 0 0
377 1304 429 68 1 16 0 0 0
378 892 514 58 1 14 0 0 0
378 1259 370 68 1 16 0 0 0
379 1209 326 68 1 16 0 0 0
380 1205 301 74 1 16 0 0 0
381 1198 261 74 1 16 0 0 0
382 772 716 81 1 15 0 0 0
382 1196 231 74 1 16 0 0 0
383 802 714 81 1 15 0 0 0
383 1203 221 74 1 16 0 0 0
383 1746 461 83 1 22 0 0 0
384 1225 216 74 1 16 0 0 0
384 1703 362 83 1 22 0 0 0
385 1679 271 83 1 22 0 0 0
386 1133 274 63 1 14 0 0 0
386 909 642 81 1 15 0 0 0
386 1649 226 83 1 22 0 0 0
387 1021 518 74 1 17 0 0 0
387 1614 290 83 1 22 0 0 0
388 877 729 81 1 15 0 0 0
388 1249 219 74 1 16 0 0 0
388 1008 535 79 1 17 0 0 0
388 1570 919 122 0 -1 0 0 0
388 1730 691 122 0 -1 0 0 0
388 1590 321 83 1 22 0 0 0
389 837 743 81 1 15 0 0 0
389 975 559 87 1 17 0 0 0
389 1572 347 83 1 22 0 0 0
390 800 745 81 1 15 0 0 0
390 950 556 87 1 17 0 0 0
390 1568 363 83 1 22 0 0 0
391 770 751 81 1 15 0 0 0
391 938 550 87 1 17 0 0 0
391 1564 388 83 1 22 0 0 0
392 757 737 81 1 15 0 0 0
392 935 550 87 1 17 0 0 0
392 1579 406 83 1 22 0 0 0
393 738 748 85 1 15 0 0 0
393 914 562 87 1 17 0 0 0
393 1574 405 83 1 22 0 0 0
394 749 751 85 1 15 0 0 0
394 911 576 87 1 17 0 0 0
394 1558 411 83 1 22 0 0 0
395 741 729 85 1 15 0 0 0
395 904 560 87 1 17 0 0 0
395 1525 403 83 1 22 0 0 0
395 1521 998 75 1 23 0 0 0
396 726 698 85 1 15 0 0 0
396 889 534 87 1 17 0 0 0
396 1498 340 78 1 22 0 0 0
396 1435 868 75 1 23 0 0 0
397 727 681 85 1 15 0 0 0
397 884 508 87 1 17 0 0 0
397 1510 301 78 1 22 0 0 0
398 757 661 85 1 15 0 0 0
398 901 488 87 1 17 0 0 0
398 1552 294 78 1 22 0 0 0
398 1418 611 75 1 23 0 0 0
399 806 670 91 1 15 0 0 0
399 937 498 87 1 17 0 0 0
399 1600 338 75 1 22 0 0 0
399 1488 537 75 1 23 0 0 0
400 1654 400 75 1 22 0 0 0
400 1547 530 75 1 23 0 0 0
401 912 692 91 1 15 0 0 0
401 1025 509 84 1 17 0 0 0
401 1308 933 122 0 -1 0 0 0
401 1588 936 122 0 -1 0 0 0
401 430 368 122 0 -1 0 0 0
401 321 693 122 0 -1 0 0 0
401 1728 363 75 1 22 0 0 0
401 1540 532 86 1 23 0 0 0
402 935 666 91 1 15 0 0 0
402 1052 486 84 1 17 0 0 0
403 971 650 91 1 15 0 0 0
403 1084 467 84 1 17 0 0 0
404 977 594 91 1 15 0 0 0
404 1079 442 84 1 17 0 0 0
405 941 547 91 1 15 0 0 0
405 1043 401 84 1 17 0 0 0
405 1292 417 86 1 23 0 0 0
406 934 542 91 1 15 0 0 0
406 1023 382 84 1 17 0 0 0
406 1639 648 122 0 -1 0 0 0
406 1324 897 122 0 -1 0 0 0
406 953 917 122 0 -1 0 0 0
406 1118 965 122 0 -1 0 0 0
406 1072 69 122 0 -1 0 0 0
406 942 194 122 0 -1 0 0 0
406 1270 361 86 1 23 0 0 0
407 954 539 91 1 15 0 0 0
407 1009 379 84 1 17 0 0 0
407 1246 317 86 1 23 0 0 0
408 980 538 91 1 15 0 0 0
408 1015 385 84 1 17 0 0 0
408 1196 319 88 1 23 0 0 0
409 981 524 80 1 15 0 0 0
409 1020 393 84 1 17 0 0 0
409 1165 299 88 1 23 0 0 0
410 972 503 80 1 15 0 0 0
410 1011 375 84 1 17 0 0 0
410 1138 276 88 1 23 0 0 0
411 977 500 80 1 15 0 0 0
411 1015 383 84 1 17 0 0 0
411 1133 268 88 1 23 0 0 0
412 988 497 80 1 15 0 0 0
412 1018 388 80 1 17 0 0 0
412 1123 259 88 1 23 0 0 0
413 991 490 80 1 15 0 0 0
413 1008 389 80 1 17 0 0 0
413 1096 265 88 1 23 0 0 0
414 993 489 80 1 15 0 0 0
414 1016 391 77 1 17 0 0 0
414 1095 247 88 1 23 0 0 0
415 1015 487 80 1 15 0 0 0
415 1116 283 88 1 23 0 0 0
416 1015 479 80 1 15 0 0 0
416 1137 367 88 1 23 0 0 0
417 1019 172 63 1 14 0 0 0
417 1016 478 80 1 15 0 0 0
417 1151 449 83 1 23 0 0 0
418 1013 173 63 1 14 0 0 0
418 1019 469 80 1 15 0 0 0
418 1184 477 78 1 23 0 0 0
419 1015 175 63 1 14 0 0 0
419 1021 467 80 1 15 0 0 0
420 1018 163 63 1 14 0 0 0
420 1025 463 80 1 15 0 0 0
420 1368 573 74 1 23 0 0 0
421 1030 161 63 1 14 0 0 0
421 1030 473 80 1 15 0 0 0
422 1030 161 63 1 14 0 0 0
422 1033 483 80 1 15 0 0 0
423 1035 173 67 1 14 0 0 0
423 1032 505 80 1 15 0 0 0
424 1037 196 67 1 14 0 0 0
424 1032 536 80 1 15 0 0 0
425 1049 212 67 1 14 0 0 0
425 1038 559 80 1 15 0 0 0
426 1052 209 67 1 14 0 0 0
426 1038 557 80 1 15 0 0 0
427 1059 209 67 1 14 0 0 0
427 1032 545 80 1 15 0 0 0
427 1694 273 74 1 24 0 0 0
428 1060 208 67 1 14 0 0 0
428 1039 545 91 1 15 0 0 0
428 1629 306 74 1 24 0 0 0
429 1066 203 67 1 14 0 0 0
429 1043 543 91 1 15 0 0 0
429 1576 338 74 1 24 0 0 0
430 1069 196 67 1 14 0 0 0
430 1049 534 91 1 15 0 0 0
430 1534 343 74 1 24 0 0 0
431 1099 195 67 1 14 0 0 0
431 1059 534 91 1 15 0 0 0
431 1011 432 77 1 17 0 0 0
431 1529 378 74 1 24 0 0 0
432 1099 195 67 1 14 0 0 0
432 1063 530 91 1 15 0 0 0
432 1510 420 74 1 24 0 0 0
433 1113 190 67 1 14 0 0 0
433 1060 523 91 1 15 0 0 0
433 1444 493 76 1 24 0 0 0
434 1113 190 67 1 14 0 0 0
434 1056 533 91 1 15 0 0 0
434 993 435 77 1 17 0 0 0
434 1373 527 76 1 24 0 0 0
435 1113 190 67 1 14 0 0 0
435 1055 534 91 1 15 0 0 0
435 1333 518 76 1 24 0 0 0
435 1184 93 69 1 25 0 0 0
436 1111 188 67 1 14 0 0 0
436 1034 534 91 1 15 0 0 0
436 1325 485 76 1 24 0 0 0
436 1190 96 69 1 25 0 0 0
437 1109 200 67 1 14 0 0 0
437 1036 534 91 1 15 0 0 0
437 1323 453 79 1 24 0 0 0
437 1202 90 69 1 25 0 0 0
438 1109 200 67 1 14 0 0 0
438 1052 531 91 1 15 0 0 0
438 1308 441 79 1 24 0 0 0
438 1220 86 69 1 25 0 0 0
439 1114 199 67 1 14 0 0 0
439 1059 524 84 1 15 0 0 0
439 1280 413 79 1 24 0 0 0
439 1218 79 69 1 25 0 0 0
440 1115 198 67 1 14 0 0 0
440 1080 536 84 1 15 0 0 0
440 1004 434 77 1 17 0 0 0
440 1263 399 79 1 24 0 0 0
440 1228 93 69 1 25 0 0 0
441 1121 195 67 1 14 0 0 0
441 1077 535 84 1 15 0 0 0
441 1255 365 79 1 24 0 0 0
441 1238 90 69 1 25 0 0 0
442 1129 204 67 1 14 0 0 0
442 1074 546 84 1 15 0 0 0
442 1262 344 79 1 24 0 0 0
442 1260 94 69 1 25 0 0 0
443 1136 208 67 1 14 0 0 0
443 1068 545 84 1 15 0 0 0
443 1250 351 79 1 24 0 0 0
443 1308 75 69 1 25 0 0 0
444 1132 219 67 1 14 0 0 0
444 1082 556 84 1 15 0 0 0
444 1225 355 79 1 24 0 0 0
444 1384 55 69 1 25 0 0 0
445 1135 220 67 1 14 0 0 0
445 1069 549 87 1 15 0 0 0
445 1215 346 84 1 24 0 0 0
445 1436 36 69 1 25 0 0 0
446 1136 221 67 1 14 0 0 0
446 1070 546 87 1 15 0 0 0
446 1214 337 84 1 24 0 0 0
446 1491 45 69 1 25 0 0 0
447 1137 216 67 1 14 0 0 0
447 1061 538 87 1 15 0 0 0
447 1202 347 84 1 24 0 0 0
447 1547 113 69 1 25 0 0 0
448 1136 217 67 1 14 0 0 0
448 1059 534 87 1 15 0 0 0
448 1203 342 84 1 24 0 0 0
448 1614 168 72 1 25 0 0 0
449 1138 211 67 1 14 0 0 0
449 1058 531 87 1 15 0 0 0
449 1205 325 84 1 24 0 0 0
449 1675 189 79 1 25 0 0 0
450 1138 212 67 1 14 0 0 0
450 1072 541 87 1 15 0 0 0
450 1195 316 84 1 24 0 0 0
450 1715 191 84 1 25 0 0 0
451 1146 212 67 1 14 0 0 0
451 1072 547 87 1 15 0 0 0
451 1193 311 84 1 24 0 0 0
451 1724 202 89 1 25 0 0 0
452 1151 207 67 1 14 0 0 0
452 1072 558 87 1 15 0 0 0
452 1184 315 84 1 24 0 0 0
452 1739 245 89 1 25 0 0 0
453 1150 206 67 1 14 0 0 0
453 1061 564 87 1 15 0 0 0
453 1178 309 77 1 24 0 0 0
453 1716 333 89 1 25 0 0 0
454 1144 209 67 1 14 0 0 0
454 1053 565 87 1 15 0 0 0
454 1167 315 77 1 24 0 0 0
454 1667 453 89 1 25 0 0 0
455 1144 214 67 1 14 0 0 0
455 1045 569 87 1 15 0 0 0
455 1156 290 69 1 24 0 0 0
455 1613 577 89 1 25 0 0 0
456 1145 215 67 1 14 0 0 0
456 1041 569 87 1 15 0 0 0
456 1551 670 89 1 25 0 0 0
457 1152 210 67 1 14 0 0 0
457 1029 554 83 1 15 0 0 0
457 1497 715 89 1 25 0 0 0
458 1155 200 67 1 14 0 0 0
458 1029 530 83 1 15 0 0 0
459 1021 526 83 1 15 0 0 0
459 1353 714 89 1 25 0 0 0
460 1018 524 83 1 15 0 0 0
460 1281 705 89 1 25 0 0 0
461 1026 532 83 1 15 0 0 0
461 1218 692 89 1 25 0 0 0
462 1141 232 67 1 14 0 0 0
462 1027 533 83 1 15 0 0 0
462 1183 682 89 1 25 0 0 0
463 1139 234 71 1 14 0 0 0
463 1027 548 83 1 15 0 0 0
463 1162 687 89 1 25 0 0 0
464 1143 227 71 1 14 0 0 0
464 1019 554 83 1 15 0 0 0
464 1145 686 89 1 25 0 0 0
465 1146 215 71 1 14 0 0 0
465 1019 554 83 1 15 0 0 0
465 1119 661 89 1 25 0 0 0
466 1152 214 71 1 14 0 0 0
466 1001 551 83 1 15 0 0 0
466 1103 656 89 1 25 0 0 0
467 1152 209 71 1 14 0 0 0
467 987 541 83 1 15 0 0 0
467 1085 641 89 1 25 0 0 0
468 979 529 83 1 15 0 0 0
468 1075 635 84 1 25 0 0 0
469 1150 194 71 1 14 0 0 0
469 971 527 83 1 15 0 0 0
469 1052 627 84 1 25 0 0 0
469 1828 299 63 1 27 0 0 0
470 1150 202 71 1 14 0 0 0
470 981 524 83 1 15 0 0 0
470 1047 626 84 1 25 0 0 0
470 1751 232 65 1 27 0 0 0
471 1154 200 71 1 14 0 0 0
471 968 521 83 1 15 0 0 0
471 1040 632 84 1 25 0 0 0
471 1707 165 65 1 27 0 0 0
472 1154 201 71 1 14 0 0 0
472 970 524 83 1 15 0 0 0
472 1040 631 84 1 25 0 0 0
472 1649 122 75 1 27 0 0 0
473 1156 203 71 1 14 0 0 0
473 1020 623 84 1 25 0 0 0
473 1579 111 75 1 27 0 0 0
474 1156 204 71 1 14 0 0 0
474 1013 619 84 1 25 0 0 0
474 1506 141 75 1 27 0 0 0
475 1157 207 71 1 14 0 0 0
475 1012 623 84 1 25 0 0 0
475 1460 161 75 1 27 0 0 0
476 1158 207 71 1 14 0 0 0
476 1012 616 84 1 25 0 0 0
476 1444 157 75 1 27 0 0 0
477 1162 207 71 1 14 0 0 0
477 1013 618 84 1 25 0 0 0
477 1434 141 75 1 27 0 0 0
478 1163 207 71 1 14 0 0 0
478 1009 467 77 1 17 0 0 0
478 1016 609 84 1 25 0 0 0
478 1420 135 75 1 27 0 0 0
479 1167 208 71 1 14 0 0 0
479 1004 463 77 1 17 0 0 0
479 863 637 73 1 20 0 0 0
479 1023 613 84 1 25 0 0 0
479 1400 139 75 1 27 0 0 0
480 1006 467 77 1 17 0 0 0
480 884 649 73 1 20 0 0 0
480 1025 613 84 1 25 0 0 0
480 1362 162 75 1 27 0 0 0
481 1180 206 71 1 14 0 0 0
481 1008 464 77 1 17 0 0 0
481 911 670 73 1 20 0 0 0
481 1036 612 84 1 25 0 0 0
481 1328 182 75 1 27 0 0 0
482 1180 205 71 1 14 0 0 0
482 1014 468 77 1 17 0 0 0
482 940 674 73 1 20 0 0 0
482 1038 616 84 1 25 0 0 0
482 1307 204 75 1 27 0 0 0
483 1023 473 77 1 17 0 0 0
483 952 694 76 1 20 0 0 0
483 1049 614 84 1 25 0 0 0
483 1290 203 75 1 27 0 0 0
484 1021 472 77 1 17 0 0 0
484 918 542 67 1 19 0 0 0
484 984 695 76 1 20 0 0 0
484 1047 617 84 1 25 0 0 0
485 1024 474 77 1 17 0 0 0
485 918 543 67 1 19 0 0 0
485 1011 709 76 1 20 0 0 0
485 1048 618 84 1 25 0 0 0
486 1025 482 77 1 17 0 0 0
486 918 548 67 1 19 0 0 0
486 1027 717 76 1 20 0 0 0
486 1053 626 84 1 25 0 0 0
487 1025 482 77 1 17 0 0 0
487 921 554 67 1 19 0 0 0
487 1038 719 76 1 20 0 0 0
487 1058 615 84 1 25 0 0 0
488 1033 478 77 1 17 0 0 0
488 921 559 67 1 19 0 0 0
488 1056 723 76 1 20 0 0 0
488 1051 609 84 1 25 0 0 0
489 1036 478 77 1 17 0 0 0
489 924 560 67 1 19 0 0 0
489 1068 725 76 1 20 0 0 0
489 1049 619 81 1 25 0 0 0
490 1040 482 77 1 17 0 0 0
490 921 553 67 1 19 0 0 0
490 1080 724 76 1 20 0 0 0
490 1040 627 78 1 25 0 0 0
491 1041 482 77 1 17 0 0 0
491 921 547 67 1 19 0 0 0
491 1075 728 76 1 20 0 0 0
491 1039 622 81 1 25 0 0 0
492 1040 484 77 1 17 0 0 0
492 922 546 67 1 19 0 0 0
492 1074 728 76 1 20 0 0 0
492 1036 632 81 1 25 0 0 0
493 1039 490 77 1 17 0 0 0
493 921 545 67 1 19 0 0 0
493 1063 728 76 1 20 0 0 0
493 1032 632 81 1 25 0 0 0
494 1033 491 77 1 17 0 0 0
494 917 545 67 1 19 0 0 0
494 1075 735 80 1 20 0 0 0
494 1035 640 81 1 25 0 0 0
495 1033 493 77 1 17 0 0 0
495 920 545 67 1 19 0 0 0
495 1070 734 80 1 20 0 0 0
495 1017 646 81 1 25 0 0 0
496 1188 223 71 1 14 0 0 0
496 1041 494 77 1 17 0 0 0
496 923 544 67 1 19 0 0 0
496 1071 734 80 1 20 0 0 0
496 1003 652 81 1 25 0 0 0
497 1189 204 71 1 14 0 0 0
497 1036 495 77 1 17 0 0 0
497 917 540 67 1 19 0 0 0
497 1078 737 80 1 20 0 0 0
497 996 661 81 1 25 0 0 0
498 1193 208 71 1 14 0 0 0
498 1041 496 73 1 17 0 0 0
498 923 543 67 1 19 0 0 0
498 1095 747 80 1 20 0 0 0
498 995 673 81 1 25 0 0 0
499 1193 208 71 1 14 0 0 0
499 1037 499 73 1 17 0 0 0
499 922 553 67 1 19 0 0 0
499 1099 743 80 1 20 0 0 0
499 984 674 81 1 25 0 0 0
500 1195 208 71 1 14 0 0 0
500 1033 497 73 1 17 0 0 0
500 918 556 67 1 19 0 0 0
500 1101 741 80 1 20 0 0 0
500 978 679 81 1 25 0 0 0
501 1195 208 71 1 14 0 0 0
501 1027 504 73 1 17 0 0 0
501 918 557 67 1 19 0 0 0
501 1105 741 72 1 20 0 0 0
501 980 688 81 1 25 0 0 0
502 1195 208 71 1 14 0 0 0
502 1027 504 73 1 17 0 0 0
502 918 562 67 1 19 0 0 0
502 1113 756 72 1 20 0 0 0
502 968 689 81 1 25 0 0 0
503 1188 218 71 1 14 0 0 0
503 1021 504 73 1 17 0 0 0
503 915 573 67 1 19 0 0 0
503 1115 754 72 1 20 0 0 0
503 945 691 81 1 25 0 0 0
504 1184 226 71 1 14 0 0 0
504 1022 508 73 1 17 0 0 0
504 898 579 67 1 19 0 0 0
504 1123 761 72 1 20 0 0 0
504 923 699 85 1 25 0 0 0
505 1184 226 71 1 14 0 0 0
505 1020 508 73 1 17 0 0 0
505 889 590 67 1 19 0 0 0
505 1115 763 72 1 20 0 0 0
505 900 701 85 1 25 0 0 0
506 1184 220 71 1 14 0 0 0
506 1015 504 73 1 17 0 0 0
506 887 590 67 1 19 0 0 0
506 1117 761 68 1 20 0 0 0
506 884 703 85 1 25 0 0 0
507 1186 217 71 1 14 0 0 0
507 1013 505 73 1 17 0 0 0
507 879 587 67 1 19 0 0 0
507 1114 760 68 1 20 0 0 0
507 867 705 85 1 25 0 0 0
508 1187 209 71 1 14 0 0 0
508 1009 500 73 1 17 0 0 0
508 870 592 67 1 19 0 0 0
508 1125 758 68 1 20 0 0 0
508 835 705 90 1 25 0 0 0
509 1187 208 71 1 14 0 0 0
509 1011 499 73 1 17 0 0 0
509 870 586 67 1 19 0 0 0
509 1126 757 68 1 20 0 0 0
510 1187 208 71 1 14 0 0 0
510 1004 497 73 1 17 0 0 0
510 857 601 73 1 19 0 0 0
510 1119 752 68 1 20 0 0 0
511 1184 208 71 1 14 0 0 0
511 1004 498 73 1 17 0 0 0
511 857 601 73 1 19 0 0 0
511 1119 752 68 1 20 0 0 0
512 1169 211 71 1 14 0 0 0
512 993 504 73 1 17 0 0 0
512 863 598 73 1 19 0 0 0
512 1129 746 68 1 20 0 0 0
513 1174 205 71 1 14 0 0 0
513 997 500 73 1 17 0 0 0
513 856 599 73 1 19 0 0 0
513 1134 747 68 1 20 0 0 0
514 1174 205 71 1 14 0 0 0
514 994 512 73 1 17 0 0 0
514 857 613 73 1 19 0 0 0
514 1146 751 68 1 20 0 0 0
515 1174 205 71 1 14 0 0 0
515 996 513 73 1 17 0 0 0
515 853 613 75 1 19 0 0 0
515 1158 757 68 1 20 0 0 0
516 1174 205 71 1 14 0 0 0
516 996 513 73 1 17 0 0 0
516 845 615 79 1 19 0 0 0
516 1176 762 68 1 20 0 0 0
517 1173 205 71 1 14 0 0 0
517 996 505 73 1 17 0 0 0
517 851 615 89 1 19 0 0 0
517 1172 760 68 1 20 0 0 0
518 1169 206 71 1 14 0 0 0
518 996 507 73 1 17 0 0 0
518 851 614 89 1 19 0 0 0
518 1179 757 68 1 20 0 0 0
519 1169 206 71 1 14 0 0 0
519 1002 508 73 1 17 0 0 0
519 856 614 89 1 19 0 0 0
519 1193 751 68 1 20 0 0 0
520 1169 206 71 1 14 0 0 0
520 997 507 73 1 17 0 0 0
520 862 614 89 1 19 0 0 0
520 1196 751 71 1 20 0 0 0
521 1168 207 71 1 14 0 0 0
521 996 507 73 1 17 0 0 0
521 864 613 89 1 19 0 0 0
521 1204 757 71 1 20 0 0 0
522 1167 208 71 1 14 0 0 0
522 996 507 73 1 17 0 0 0
522 864 613 89 1 19 0 0 0
522 1207 747 71 1 20 0 0 0
523 1167 208 71 1 14 0 0 0
523 994 512 73 1 17 0 0 0
523 870 616 89 1 19 0 0 0
523 1213 753 71 1 20 0 0 0
524 1167 208 71 1 14 0 0 0
524 991 517 73 1 17 0 0 0
524 868 620 89 1 19 0 0 0
524 1213 753 71 1 20 0 0 0
525 1162 228 71 1 14 0 0 0
525 986 522 73 1 17 0 0 0
525 868 622 89 1 19 0 0 0
525 1207 749 71 1 20 0 0 0
526 1163 228 71 1 14 0 0 0
526 986 523 73 1 17 0 0 0
526 868 622 89 1 19 0 0 0
526 1207 750 71 1 20 0 0 0
527 1168 226 75 1 14 0 0 0
527 985 523 73 1 17 0 0 0
527 866 622 89 1 19 0 0 0
527 1201 757 71 1 20 0 0 0
528 1168 219 75 1 14 0 0 0
528 985 529 73 1 17 0 0 0
528 877 620 89 1 19 0 0 0
528 1200 757 71 1 20 0 0 0
529 1168 223 75 1 14 0 0 0
529 985 529 73 1 17 0 0 0
529 884 622 89 1 19 0 0 0
529 1200 754 71 1 20 0 0 0
530 1171 223 75 1 14 0 0 0
530 985 529 73 1 17 0 0 0
530 878 619 89 1 19 0 0 0
530 1199 750 71 1 20 0 0 0
531 1171 222 75 1 14 0 0 0
531 985 530 73 1 17 0 0 0
531 878 619 89 1 19 0 0 0
531 1199 756 71 1 20 0 0 0
532 1171 222 75 1 14 0 0 0
532 985 530 73 1 17 0 0 0
532 885 625 89 1 19 0 0 0
532 1208 762 71 1 20 0 0 0
533 1172 229 75 1 14 0 0 0
533 999 533 73 1 17 0 0 0
533 885 629 89 1 19 0 0 0
533 1209 764 71 1 20 0 0 0
534 1177 235 75 1 14 0 0 0
534 1004 534 73 1 17 0 0 0
534 895 636 89 1 19 0 0 0
534 1212 763 71 1 20 0 0 0
535 1184 241 75 1 14 0 0 0
535 999 538 73 1 17 0 0 0
535 899 638 89 1 19 0 0 0
535 1217 767 71 1 20 0 0 0
536 1174 240 75 1 14 0 0 0
536 998 539 73 1 17 0 0 0
536 901 639 89 1 19 0 0 0
536 1217 770 71 1 20 0 0 0
537 1174 240 75 1 14 0 0 0
537 999 541 73 1 17 0 0 0
537 915 647 89 1 19 0 0 0
537 1213 768 71 1 20 0 0 0
538 1174 240 75 1 14 0 0 0
538 1001 539 73 1 17 0 0 0
538 910 641 89 1 19 0 0 0
538 1213 768 71 1 20 0 0 0
539 1179 224 75 1 14 0 0 0
539 996 530 73 1 17 0 0 0
539 906 646 89 1 19 0 0 0
539 1211 756 75 1 20 0 0 0
539 1664 246 70 1 26 0 0 0
540 1179 218 75 1 14 0 0 0
540 999 531 73 1 17 0 0 0
540 917 658 89 1 19 0 0 0
540 1214 752 75 1 20 0 0 0
540 1603 235 70 1 26 0 0 0
541 1181 210 75 1 14 0 0 0
541 1002 527 73 1 17 0 0 0
541 943 662 89 1 19 0 0 0
541 1219 748 75 1 20 0 0 0
541 1538 224 70 1 26 0 0 0
542 1181 210 75 1 14 0 0 0
542 1004 526 73 1 17 0 0 0
542 963 655 84 1 19 0 0 0
542 1220 746 75 1 20 0 0 0
542 1478 236 70 1 26 0 0 0
543 1187 205 75 1 14 0 0 0
543 999 524 73 1 17 0 0 0
543 973 652 76 1 19 0 0 0
543 1221 745 75 1 20 0 0 0
543 1420 245 70 1 26 0 0 0
544 1187 204 75 1 14 0 0 0
544 996 525 73 1 17 0 0 0
544 974 642 76 1 19 0 0 0
544 1221 745 75 1 20 0 0 0
544 1384 250 70 1 26 0 0 0
545 1187 204 75 1 14 0 0 0
545 1003 523 73 1 17 0 0 0
545 981 632 76 1 19 0 0 0
545 1221 745 75 1 20 0 0 0
545 1354 246 70 1 26 0 0 0
546 1191 193 75 1 14 0 0 0
546 1004 519 73 1 17 0 0 0
546 995 626 76 1 19 0 0 0
546 1221 745 75 1 20 0 0 0
546 1331 236 70 1 26 0 0 0
547 1214 181 81 1 14 0 0 0
547 1014 521 73 1 17 0 0 0
547 995 623 76 1 19 0 0 0
547 1221 745 75 1 20 0 0 0
547 1334 245 70 1 26 0 0 0
548 1015 521 73 1 17 0 0 0
548 1004 618 76 1 19 0 0 0
548 1226 745 75 1 20 0 0 0
548 1343 248 70 1 26 0 0 0
549 1010 514 73 1 17 0 0 0
549 1006 605 76 1 19 0 0 0
549 1232 749 75 1 20 0 0 0
549 1364 246 70 1 26 0 0 0
550 1018 512 73 1 17 0 0 0
550 1006 599 76 1 19 0 0 0
550 1231 745 75 1 20 0 0 0
551 1019 506 73 1 17 0 0 0
551 1005 596 76 1 19 0 0 0
551 1227 744 75 1 20 0 0 0
552 1013 506 73 1 17 0 0 0
552 1002 595 76 1 19 0 0 0
552 1224 742 75 1 20 0 0 0
553 1020 504 73 1 17 0 0 0
553 999 592 76 1 19 0 0 0
553 1221 741 75 1 20 0 0 0
554 1020 504 73 1 17 0 0 0
554 1007 603 76 1 19 0 0 0
554 1221 744 75 1 20 0 0 0
555 1020 505 73 1 17 0 0 0
555 1005 601 76 1 19 0 0 0
555 1218 753 75 1 20 0 0 0
556 1017 506 73 1 17 0 0 0
556 998 597 76 1 19 0 0 0
556 1217 750 75 1 20 0 0 0
557 1017 501 73 1 17 0 0 0
557 1009 602 76 1 19 0 0 0
557 1216 749 75 1 20 0 0 0
558 1017 509 73 1 17 0 0 0
558 1011 602 76 1 19 0 0 0
558 1213 749 75 1 20 0 0 0
559 1010 506 73 1 17 0 0 0
559 999 601 76 1 19 0 0 0
559 1217 752 75 1 20 0 0 0
560 1010 504 73 1 17 0 0 0
560 1000 603 76 1 19 0 0 0
560 1217 752 75 1 20 0 0 0
561 1014 509 73 1 17 0 0 0
561 1006 613 76 1 19 0 0 0
561 1221 755 75 1 20 0 0 0
562 1009 505 73 1 17 0 0 0
562 1007 616 76 1 19 0 0 0
562 1221 755 75 1 20 0 0 0
563 1013 504 73 1 17 0 0 0
563 1009 617 76 1 19 0 0 0
563 1226 757 75 1 20 0 0 0
564 1013 504 73 1 17 0 0 0
564 1008 609 76 1 19 0 0 0
564 1227 756 75 1 20 0 0 0
564 1749 93 70 1 26 0 0 0
565 1011 510 73 1 17 0 0 0
565 985 601 76 1 19 0 0 0
565 1223 756 75 1 20 0 0 0
565 1717 153 70 1 26 0 0 0
566 1005 510 73 1 17 0 0 0
566 985 601 76 1 19 0 0 0
566 1223 756 75 1 20 0 0 0
566 1657 210 70 1 26 0 0 0
567 1006 510 73 1 17 0 0 0
567 978 604 76 1 19 0 0 0
567 1223 764 75 1 20 0 0 0
567 1595 248 74 1 26 0 0 0
568 1010 512 73 1 17 0 0 0
568 975 604 76 1 19 0 0 0
568 1219 765 75 1 20 0 0 0
568 1543 255 74 1 26 0 0 0
569 996 512 73 1 17 0 0 0
569 972 605 76 1 19 0 0 0
569 1216 765 75 1 20 0 0 0
569 1476 256 74 1 26 0 0 0
570 995 514 73 1 17 0 0 0
570 961 597 76 1 19 0 0 0
570 1215 765 75 1 20 0 0 0
570 1422 227 74 1 26 0 0 0
571 990 517 73 1 17 0 0 0
571 951 593 76 1 19 0 0 0
571 1210 765 75 1 20 0 0 0
571 1380 208 74 1 26 0 0 0
572 992 518 73 1 17 0 0 0
572 946 594 76 1 19 0 0 0
572 1203 765 75 1 20 0 0 0
572 1330 191 74 1 26 0 0 0
573 992 518 73 1 17 0 0 0
573 924 589 76 1 19 0 0 0
573 1208 764 75 1 20 0 0 0
573 1274 185 80 1 26 0 0 0
574 976 514 73 1 17 0 0 0
574 919 591 76 1 19 0 0 0
574 1202 763 75 1 20 0 0 0
574 1225 188 80 1 26 0 0 0
575 976 513 73 1 17 0 0 0
575 909 595 76 1 19 0 0 0
575 1195 756 75 1 20 0 0 0
576 980 519 73 1 17 0 0 0
576 904 604 76 1 19 0 0 0
576 1195 756 75 1 20 0 0 0
577 977 519 73 1 17 0 0 0
577 1194 765 75 1 20 0 0 0
578 972 524 73 1 17 0 0 0
578 1189 766 75 1 20 0 0 0
579 973 530 73 1 17 0 0 0
579 1186 772 75 1 20 0 0 0
580 975 532 73 1 17 0 0 0
580 1190 770 75 1 20 0 0 0
581 983 534 73 1 17 0 0 0
581 1189 770 75 1 20 0 0 0
582 982 536 73 1 17 0 0 0
582 1197 768 75 1 20 0 0 0
583 982 536 73 1 17 0 0 0
583 1197 768 75 1 20 0 0 0
584 993 537 73 1 17 0 0 0
584 1208 767 75 1 20 0 0 0
585 993 537 73 1 17 0 0 0
585 1211 767 75 1 20 0 0 0
586 993 537 73 1 17 0 0 0
586 1210 769 75 1 20 0 0 0
587 993 537 73 1 17 0 0 0
587 1222 776 75 1 20 0 0 0
587 1845 511 80 1 21 0 0 0
588 1003 545 73 1 17 0 0 0
588 1229 771 75 1 20 0 0 0
588 1742 420 80 1 21 0 0 0
589 1001 548 73 1 17 0 0 0
589 1228 770 75 1 20 0 0 0
589 1641 337 80 1 21 0 0 0
590 1001 549 73 1 17 0 0 0
590 1238 773 75 1 20 0 0 0
590 1569 277 80 1 21 0 0 0
591 1004 553 73 1 17 0 0 0
591 1240 762 75 1 20 0 0 0
591 1521 265 80 1 21 0 0 0
592 998 553 73 1 17 0 0 0
592 1238 760 75 1 20 0 0 0
592 1496 307 80 1 21 0 0 0
593 998 552 73 1 17 0 0 0
593 1247 756 75 1 20 0 0 0
593 1475 390 80 1 21 0 0 0
594 998 547 73 1 17 0 0 0
594 1256 738 75 1 20 0 0 0
594 1445 436 80 1 21 0 0 0
595 998 547 73 1 17 0 0 0
595 1250 742 75 1 20 0 0 0
595 1389 447 80 1 21 0 0 0
596 998 549 73 1 17 0 0 0
596 1245 740 75 1 20 0 0 0
596 1338 443 80 1 21 0 0 0
597 992 549 73 1 17 0 0 0
597 1234 739 75 1 20 0 0 0
597 1290 441 85 1 21 0 0 0
598 986 550 73 1 17 0 0 0
598 1228 747 75 1 20 0 0 0
598 1244 438 85 1 21 0 0 0
599 986 557 73 1 17 0 0 0
599 1226 767 75 1 20 0 0 0
599 1211 427 85 1 21 0 0 0
600 989 559 73 1 17 0 0 0
600 1229 772 75 1 20 0 0 0
600 1169 419 85 1 21 0 0 0
601 984 553 73 1 17 0 0 0
601 1236 775 75 1 20 0 0 0
601 1137 426 85 1 21 0 0 0
602 984 553 73 1 17 0 0 0
602 1237 768 75 1 20 0 0 0
602 1131 428 85 1 21 0 0 0
603 989 554 73 1 17 0 0 0
603 1239 768 75 1 20 0 0 0
603 1117 428 85 1 21 0 0 0
604 992 554 73 1 17 0 0 0
604 1238 768 75 1 20 0 0 0
604 1108 418 85 1 21 0 0 0
605 991 549 73 1 17 0 0 0
605 1243 762 75 1 20 0 0 0
605 1105 412 85 1 21 0 0 0
606 995 550 74 1 17 0 0 0
606 1243 763 75 1 20 0 0 0
606 1089 411 85 1 21 0 0 0
607 979 551 74 1 17 0 0 0
607 1242 762 75 1 20 0 0 0
607 1082 413 85 1 21 0 0 0
608 990 550 74 1 17 0 0 0
608 1240 758 75 1 20 0 0 0
608 1076 413 85 1 21 0 0 0
609 992 555 76 1 17 0 0 0
609 1246 755 75 1 20 0 0 0
609 1077 418 85 1 21 0 0 0
610 983 552 76 1 17 0 0 0
610 1244 757 75 1 20 0 0 0
610 1069 415 85 1 21 0 0 0
611 985 555 76 1 17 0 0 0
611 1244 757 75 1 20 0 0 0
611 1058 417 85 1 21 0 0 0
612 982 560 76 1 17 0 0 0
612 1244 757 75 1 20 0 0 0
613 979 569 76 1 17 0 0 0
613 1242 763 75 1 20 0 0 0
614 987 564 76 1 17 0 0 0
614 1231 752 75 1 20 0 0 0
615 982 563 76 1 17 0 0 0
615 1231 752 75 1 20 0 0 0
616 982 563 76 1 17 0 0 0
616 1239 750 75 1 20 0 0 0
617 984 561 76 1 17 0 0 0
617 1244 748 75 1 20 0 0 0
618 988 560 76 1 17 0 0 0
618 1244 748 75 1 20 0 0 0
619 988 560 76 1 17 0 0 0
619 1250 750 75 1 20 0 0 0
620 986 561 76 1 17 0 0 0
620 1257 754 75 1 20 0 0 0
621 988 561 76 1 17 0 0 0
621 1264 754 75 1 20 0 0 0
622 1003 566 76 1 17 0 0 0
622 1268 754 75 1 20 0 0 0
623 1005 566 76 1 17 0 0 0
623 1274 756 75 1 20 0 0 0
624 1008 568 76 1 17 0 0 0
624 1287 739 75 1 20 0 0 0
625 1010 568 76 1 17 0 0 0
625 1295 737 75 1 20 0 0 0
626 1012 567 76 1 17 0 0 0
626 1299 735 75 1 20 0 0 0
627 1009 564 76 1 17 0 0 0
627 1305 729 75 1 20 0 0 0
628 1013 563 76 1 17 0 0 0
628 1311 726 75 1 20 0 0 0
629 1008 559 76 1 17 0 0 0
629 1297 718 75 1 20 0 0 0
630 1003 558 76 1 17 0 0 0
630 1293 713 75 1 20 0 0 0
631 1007 558 76 1 17 0 0 0
631 1291 712 75 1 20 0 0 0
632 1006 558 76 1 17 0 0 0
632 1286 719 75 1 20 0 0 0
633 1002 564 76 1 17 0 0 0
633 1283 717 75 1 20 0 0 0
634 1006 566 76 1 17 0 0 0
634 1283 717 75 1 20 0 0 0
635 1005 566 76 1 17 0 0 0
635 1280 715 75 1 20 0 0 0
636 1007 566 76 1 17 0 0 0
636 1282 712 75 1 20 0 0 0
637 1007 566 76 1 17 0 0 0
637 1287 711 75 1 20 0 0 0
638 1013 565 76 1 17 0 0 0
638 1862 731 84 1 18 0 0 0
638 1292 711 75 1 20 0 0 0
639 1008 578 76 1 17 0 0 0
639 1295 706 75 1 20 0 0 0
640 1012 580 76 1 17 0 0 0
640 1299 707 75 1 20 0 0 0
641 1011 578 76 1 17 0 0 0
641 1848 835 84 1 18 0 0 0
641 1301 711 75 1 20 0 0 0
642 1013 590 76 1 17 0 0 0
642 1816 780 84 1 18 0 0 0
642 1298 715 89 1 20 0 0 0
643 1013 597 76 1 17 0 0 0
643 1803 737 84 1 18 0 0 0
643 1301 718 89 1 20 0 0 0
644 1021 611 76 1 17 0 0 0
644 1773 717 84 1 18 0 0 0
644 1322 714 89 1 20 0 0 0
645 1017 613 76 1 17 0 0 0
645 1727 718 84 1 18 0 0 0
646 1019 615 76 1 17 0 0 0
647 1013 609 76 1 17 0 0 0
647 1631 834 84 1 18 0 0 0
648 1019 618 76 1 17 0 0 0
648 1571 874 84 1 18 0 0 0
649 1016 611 76 1 17 0 0 0
649 1519 879 84 1 18 0 0 0
650 1017 598 76 1 17 0 0 0
650 1485 864 84 1 18 0 0 0
651 1015 598 76 1 17 0 0 0
651 1484 790 84 1 18 0 0 0
652 1007 595 76 1 17 0 0 0
652 1465 720 84 1 18 0 0 0
653 999 601 76 1 17 0 0 0
653 1435 673 84 1 18 0 0 0
654 991 605 76 1 17 0 0 0
654 1388 694 84 1 18 0 0 0
655 978 608 76 1 17 0 0 0
655 1325 744 84 1 18 0 0 0
656 975 616 76 1 17 0 0 0
656 1263 761 84 1 18 0 0 0
657 964 616 76 1 17 0 0 0
657 1194 733 84 1 18 0 0 0
658 970 620 76 1 17 0 0 0
658 1135 696 84 1 18 0 0 0
659 976 619 76 1 17 0 0 0
659 1087 688 84 1 18 0 0 0
660 966 609 76 1 17 0 0 0
660 1032 706 84 1 18 0 0 0
661 966 614 76 1 17 0 0 0
661 966 713 84 1 18 0 0 0
662 968 620 76 1 17 0 0 0
662 931 718 84 1 18 0 0 0
662 1475 364 179 0 -1 0 0 0
662 1453 813 179 0 -1 0 0 0
662 569 202 179 0 28 0 0 0
663 972 632 79 1 17 0 0 0
663 907 738 84 1 18 0 0 0
664 956 628 79 1 17 0 0 0
664 901 740 79 1 18 0 0 0
665 959 626 79 1 17 0 0 0
665 910 742 79 1 18 0 0 0
666 962 630 79 1 17 0 0 0
666 905 743 79 1 18 0 0 0
667 957 626 79 1 17 0 0 0
667 897 737 79 1 18 0 0 0
668 957 628 79 1 17 0 0 0
668 898 730 79 1 18 0 0 0
669 947 626 79 1 17 0 0 0
669 884 728 79 1 18 0 0 0
670 922 628 79 1 17 0 0 0
670 878 736 79 1 18 0 0 0
671 916 617 79 1 17 0 0 0
671 920 756 79 1 18 0 0 0
672 908 598 79 1 17 0 0 0
673 900 567 79 1 17 0 0 0
675 821 595 79 1 17 0 0 0
676 827 597 79 1 17 0 0 0
677 810 603 79 1 17 0 0 0
678 782 630 79 1 17 0 0 0
679 1688 338 71 1 18 0 0 0
680 1697 327 71 1 18 0 0 0
681 1696 330 71 1 18 0 0 0
681 589 699 85 1 28 0 0 0
682 1667 320 71 1 18 0 0 0
682 574 686 85 1 28 0 0 0
683 560 719 85 1 28 0 0 0
684 1582 417 71 1 18 0 0 0
684 584 746 85 1 28 0 0 0
686 710 832 85 1 28 0 0 0
687 749 849 85 1 28 0 0 0
688 1542 517 79 1 18 0 0 0
688 773 802 76 1 28 0 0 0
689 1521 476 79 1 18 0 0 0
689 793 785 76 1 28 0 0 0
690 1507 445 79 1 18 0 0 0
690 777 753 76 1 28 0 0 0
691 1456 433 79 1 18 0 0 0
692 1376 437 79 1 18 0 0 0
692 680 780 76 1 28 0 0 0
693 1336 435 84 1 18 0 0 0
693 687 807 81 1 28 0 0 0
694 1311 413 84 1 18 0 0 0
694 737 823 81 1 28 0 0 0
695 1289 356 84 1 18 0 0 0
695 792 820 81 1 28 0 0 0
696 1271 320 84 1 18 0 0 0
696 816 824 81 1 28 0 0 0
697 1203 261 84 1 18 0 0 0
697 799 774 81 1 28 0 0 0
698 1099 257 84 1 18 0 0 0
698 759 766 81 1 28 0 0 0
699 988 293 91 1 18 0 0 0
699 702 747 81 1 28 0 0 0
700 870 277 91 1 18 0 0 0
700 652 736 81 1 28 0 0 0
701 813 304 91 1 18 0 0 0
701 639 753 81 1 28 0 0 0
702 767 314 91 1 18 0 0 0
702 598 742 81 1 28 0 0 0
703 712 264 91 1 18 0 0 0
704 640 246 91 1 18 0 0 0
705 530 257 91 1 18 0 0 0
706 440 281 94 1 18 0 0 0
706 283 759 81 1 28 0 0 0
706 1207 524 233 0 -1 0 0 0
706 1410 671 233 0 -1 0 0 0
707 440 350 94 1 18 0 0 0
707 284 802 86 1 28 0 0 0
710 769 447 100 1 18 0 0 0
711 809 467 100 1 18 0 0 0
712 842 471 100 1 18 0 0 0
713 889 466 100 1 18 0 0 0
714 906 501 105 1 18 0 0 0
715 883 499 105 1 18 0 0 0
716 847 556 105 1 18 0 0 0
717 806 624 105 1 18 0 0 0
718 775 729 105 1 18 0 0 0
719 760 746 105 1 18 0 0 0
