0 495 680 64 1 0 0 0 0 -1 -1.000000 -1.000000
0 1163 679 59 1 1 0 0 0 -1 -1.000000 -1.000000
0 1381 677 71 1 2 0 0 0 -1 5.873865 -1.000000
0 779 222 180 0 -1 1 1 1 -1 -1.000000 -1.000000
0 1670 433 180 0 -1 1 1 1 -1 -1.000000 -1.000000
1 496 675 64 1 0 0 0 0 -1 -1.000000 -1.000000
1 1171 679 59 1 1 0 0 0 -1 -1.000000 -1.000000
1 1378 673 71 1 2 0 0 0 -1 5.937369 -1.000000
2 498 675 64 1 0 0 0 0 -1 -1.000000 -1.000000
2 1168 679 59 1 1 0 0 0 -1 -1.000000 -1.000000
2 1371 668 71 1 2 0 0 0 -1 5.891485 -1.000000
3 500 670 64 1 0 0 0 0 -1 -1.000000 -1.000000
3 1177 683 59 1 1 0 0 0 -1 -1.000000 -1.000000
3 1391 657 79 1 2 0 0 0 -1 0.041933 -1.000000
4 496 668 64 1 0 0 0 0 -1 -1.000000 -1.000000
4 1181 677 59 1 1 0 0 0 -1 -1.000000 -1.000000
4 1443 551 79 1 2 0 0 0 -1 0.234723 -1.000000
5 497 667 64 1 0 0 0 0 -1 -1.000000 -1.000000
5 1179 679 59 1 1 0 0 0 -1 -1.000000 -1.000000
5 1522 443 81 1 2 0 0 0 -1 0.153113 -1.000000
6 497 664 64 1 0 0 0 0 -1 -1.000000 -1.000000
6 1191 679 59 1 1 0 0 0 -1 -1.000000 -1.000000
6 1653 297 81 1 2 0 0 0 -1 5.811516 -1.000000
6 376 673 57 1 3 0 0 0 -1 -1.000000 -1.000000
7 496 665 64 1 0 0 0 0 -1 -1.000000 -1.000000
7 1220 673 67 1 1 0 0 0 -1 0.588003 -1.000000
7 371 669 57 1 3 0 0 0 -1 -1.000000 -1.000000
8 501 667 64 1 0 0 0 0 -1 -1.000000 -1.000000
8 1207 666 67 1 1 0 0 0 -1 0.461483 -1.000000
8 372 667 57 1 3 0 0 0 -1 -1.000000 -1.000000
8 29 394 73 1 4 0 0 0 -1 1.073335 -1.000000
9 499 668 64 1 0 0 0 0 -1 -1.000000 -1.000000
9 1206 681 67 1 1 0 0 0 -1 0.379613 -1.000000
9 372 667 57 1 3 0 0 0 -1 -1.000000 -1.000000
9 84 442 78 1 4 0 0 0 -1 1.107149 -1.000000
10 501 670 64 1 0 0 0 0 -1 -1.000000 -1.000000
10 1210 678 69 1 1 0 0 0 -1 0.358771 -1.000000
10 372 667 57 1 3 0 0 0 -1 -1.000000 -1.000000
10 150 464 78 1 4 0 0 0 -1 1.512796 -1.000000
11 501 670 64 1 0 0 0 0 -1 -1.000000 -1.000000
11 1219 681 69 1 1 0 0 0 -1 0.276394 -1.000000
11 372 667 57 1 3 0 0 0 -1 -1.000000 -1.000000
11 201 477 78 1 4 0 0 0 -1 2.149870 -1.000000
12 502 676 64 1 0 0 0 0 -1 -1.000000 -1.000000
12 1235 682 69 1 1 0 0 0 -1 0.223268 -1.000000
12 372 660 57 1 3 0 0 0 -1 -1.000000 -1.000000
12 236 524 78 1 4 0 0 0 -1 2.416122 -1.000000
13 502 676 64 1 0 0 0 0 -1 -1.000000 -1.000000
13 1236 686 72 1 1 0 0 0 -1 0.155681 -1.000000
13 370 658 57 1 3 0 0 0 -1 -1.000000 -1.000000
13 280 587 78 1 4 0 0 0 -1 2.012504 -1.000000
14 502 676 64 1 0 0 0 0 -1 -1.000000 -1.000000
14 1249 681 76 1 1 0 0 0 -1 0.096292 -1.000000
14 378 667 57 1 3 0 0 0 -1 -1.000000 -1.000000
15 502 676 64 1 0 0 0 0 -1 -1.000000 -1.000000
15 1263 686 76 1 1 0 0 0 -1 0.092519 -1.000000
15 379 669 57 1 3 0 0 0 -1 -1.000000 -1.000000
16 502 676 64 1 0 0 0 0 -1 -1.000000 -1.000000
16 1274 689 76 1 1 0 0 0 -1 0.115982 -1.000000
16 372 669 57 1 3 0 0 0 -1 -1.000000 -1.000000
16 861 669 46 1 5 0 0 0 -1 -1.000000 -1.000000
17 498 678 64 1 0 0 0 0 -1 -1.000000 -1.000000
17 1296 685 76 1 1 0 0 0 -1 0.194480 -1.000000
17 374 679 57 1 3 0 0 0 -1 -1.000000 -1.000000
17 860 674 46 1 5 0 0 0 -1 -1.000000 -1.000000
18 490 685 61 1 0 0 0 0 -1 -1.000000 -1.000000
18 1307 690 76 1 1 0 0 0 -1 0.175830 -1.000000
18 377 670 57 1 3 0 0 0 -1 -1.000000 -1.000000
18 858 670 46 1 5 0 0 0 -1 -1.000000 -1.000000
19 493 675 61 1 0 0 0 0 -1 -1.000000 -1.000000
19 1307 691 76 1 1 0 0 0 -1 0.180700 -1.000000
19 377 670 57 1 3 0 0 0 -1 -1.000000 -1.000000
19 854 675 51 1 5 0 0 0 -1 -1.000000 -1.000000
20 488 673 61 1 0 0 0 0 -1 -1.000000 -1.000000
20 1310 686 76 1 1 0 0 0 -1 0.044024 -1.000000
20 379 672 57 1 3 0 0 0 -1 -1.000000 -1.000000
20 862 674 51 1 5 0 0 0 -1 -1.000000 -1.000000
21 490 681 61 1 0 0 0 0 -1 -1.000000 -1.000000
21 1340 662 76 1 1 0 0 0 -1 0.399221 -1.000000
21 873 319 246 0 -1 0 0 0 -1 -1.000000 -1.000000
21 298 311 246 0 -1 0 0 0 -1 -1.000000 -1.000000
21 1469 329 246 0 -1 0 0 0 -1 -1.000000 -1.000000
21 374 671 57 1 3 0 0 0 -1 -1.000000 -1.000000
21 860 678 51 1 5 0 0 0 -1 -1.000000 -1.000000
21 1883 217 73 1 36 1 1 1 -1 1.769807 -1.000000
22 493 678 61 1 0 0 0 0 -1 -1.000000 -1.000000
22 1397 598 69 1 1 0 0 0 -1 0.567486 -1.000000
22 371 679 57 1 3 0 0 0 -1 -1.000000 -1.000000
22 850 672 51 1 5 0 0 0 -1 -1.000000 -1.000000
22 1836 188 73 1 36 1 1 1 -1 2.093525 -1.000000
23 470 603 61 1 0 0 0 0 -1 -1.000000 -1.000000
23 1472 497 69 1 1 0 0 0 -1 0.269168 -1.000000
23 371 679 57 1 3 0 0 0 -1 -1.000000 -1.000000
23 860 672 51 1 5 0 0 0 -1 -1.000000 -1.000000
23 1749 158 73 1 36 1 1 1 -1 2.173308 -1.000000
24 403 463 63 1 0 0 0 0 -1 -1.000000 -1.000000
24 1557 355 70 1 1 0 0 0 -1 6.166830 -1.000000
24 1428 734 282 0 -1 0 0 0 -1 -1.000000 -1.000000
24 364 676 57 1 3 0 0 0 -1 -1.000000 -1.000000
24 860 672 51 1 5 0 0 0 -1 -1.000000 -1.000000
24 473 664 67 1 6 0 0 0 -1 -1.000000 -1.000000
24 1654 127 73 1 36 1 1 1 -1 2.160240 -1.000000
25 364 676 57 1 3 0 0 0 -1 -1.000000 -1.000000
25 861 670 53 1 5 0 0 0 -1 -1.000000 -1.000000
25 466 667 67 1 6 0 0 0 -1 -1.000000 -1.000000
25 1585 110 73 1 36 1 1 1 -1 1.725465 -1.000000
26 1405 667 282 0 -1 0 0 0 -1 -1.000000 -1.000000
26 379 671 57 1 3 0 0 0 -1 -1.000000 -1.000000
26 868 676 53 1 5 0 0 0 -1 -1.000000 -1.000000
26 473 667 67 1 6 0 0 0 -1 -1.000000 -1.000000
26 1587 66 73 1 36 1 1 1 -1 1.420425 -1.000000
27 367 665 57 1 3 0 0 0 -1 -1.000000 -1.000000
27 868 678 53 1 5 0 0 0 -1 -1.000000 -1.000000
27 471 672 67 1 6 0 0 0 -1 -1.000000 -1.000000
28 373 679 57 1 3 0 0 0 -1 -1.000000 -1.000000
28 871 681 53 1 5 0 0 0 -1 -1.000000 -1.000000
28 471 672 67 1 6 0 0 0 -1 3.756442 -1.000000
29 394 628 64 1 3 0 0 0 -1 -1.000000 -1.000000
29 874 680 53 1 5 0 0 0 -1 -1.000000 -1.000000
30 467 492 64 1 3 0 0 0 -1 -1.000000 -1.000000
30 876 676 63 1 5 0 0 0 -1 5.959338 -1.000000
30 452 679 82 1 6 0 0 0 -1 3.316265 -1.000000
31 878 679 63 1 5 0 0 0 -1 6.154862 -1.000000
31 441 684 82 1 6 0 0 0 -1 3.271804 -1.000000
32 890 680 63 1 5 0 0 0 -1 6.249185 -1.000000
32 423 686 82 1 6 0 0 0 -1 3.210869 -1.000000
33 900 678 63 1 5 0 0 0 -1 0.103082 -1.000000
33 420 688 82 1 6 0 0 0 -1 3.237932 -1.000000
34 901 678 67 1 5 0 0 0 -1 0.256964 -1.000000
34 412 685 82 1 6 0 0 0 -1 3.174234 -1.000000
35 926 670 67 1 5 0 0 0 -1 0.476265 -1.000000
35 394 681 82 1 6 0 0 0 -1 3.205607 -1.000000
36 947 597 67 1 5 0 0 0 -1 0.555803 -1.000000
36 377 671 82 1 6 0 0 0 -1 3.198673 -1.000000
37 1030 475 67 1 5 0 0 0 -1 0.463648 -1.000000
37 366 673 82 1 6 0 0 0 -1 3.187856 -1.000000
38 1157 331 67 1 5 0 0 0 -1 0.324956 -1.000000
38 349 675 82 1 6 0 0 0 -1 3.108894 -1.000000
39 334 671 82 1 6 0 0 0 -1 3.218364 -1.000000
40 307 672 82 1 6 0 0 0 -1 3.273729 -1.000000
41 306 673 82 1 6 0 0 0 -1 3.248962 -1.000000
42 295 663 82 1 6 0 0 0 -1 3.223686 -1.000000
43 287 659 82 1 6 0 0 0 -1 3.262790 -1.000000
44 285 648 82 1 6 0 0 0 -1 3.320122 -1.000000
45 284 648 82 1 6 0 0 0 -1 3.463343 -1.000000
45 145 671 82 1 7 0 0 0 -1 -1.000000 -1.000000
46 270 604 82 1 6 0 0 0 -1 3.615273 -1.000000
46 145 680 82 1 7 0 0 0 -1 -1.000000 -1.000000
47 237 477 82 1 6 0 0 0 -1 3.701824 -1.000000
47 143 670 82 1 7 0 0 0 -1 -1.000000 -1.000000
48 134 281 82 1 6 0 0 0 -1 4.027133 -1.000000
48 124 670 82 1 7 0 0 0 -1 -1.000000 -1.000000
49 102 664 82 1 7 0 0 0 -1 -1.000000 -1.000000
50 89 664 82 1 7 0 0 0 -1 -1.000000 -1.000000
51 76 654 73 1 7 0 0 0 -1 -1.000000 -1.000000
52 76 659 73 1 7 0 0 0 -1 -1.000000 -1.000000
53 73 658 73 1 7 0 0 0 -1 -1.000000 -1.000000
54 72 653 73 1 7 0 0 0 -1 -1.000000 -1.000000
55 67 651 73 1 7 0 0 0 -1 -1.000000 -1.000000
56 58 646 73 1 7 0 0 0 -1 -1.000000 -1.000000
57 50 654 73 1 7 0 0 0 -1 -1.000000 -1.000000
58 50 654 73 1 7 0 0 0 -1 -1.000000 -1.000000
59 50 654 73 1 7 0 0 0 -1 -1.000000 -1.000000
60 50 661 73 1 7 0 0 0 -1 -1.000000 -1.000000
61 50 659 73 1 7 0 0 0 -1 -1.000000 -1.000000
64 51 656 73 1 7 0 0 0 -1 1.032289 -1.000000
65 65 651 73 1 7 0 0 0 -1 1.212698 -1.000000
66 68 646 73 1 7 0 0 0 -1 1.181088 -1.000000
67 76 640 73 1 7 0 0 0 -1 1.153093 -1.000000
68 84 641 73 1 7 0 0 0 -1 0.894552 -1.000000
69 95 640 73 1 7 0 0 0 -1 0.883764 -1.000000
70 116 634 73 1 7 0 0 0 -1 0.973461 -1.000000
71 125 647 73 1 7 0 0 0 -1 0.903973 -1.000000
78 138 253 73 1 8 0 0 0 -1 1.598414 -1.000000
79 86 309 73 1 8 0 0 0 -1 1.043650 -1.000000
80 60 286 73 1 8 0 0 0 -1 1.524198 -1.000000
81 17 323 73 1 8 0 0 0 -1 1.255802 -1.000000
83 32 363 73 1 8 0 0 0 -1 0.543559 -1.000000
84 103 377 73 1 8 0 0 0 -1 0.720674 -1.000000
85 168 396 74 1 8 0 0 0 -1 1.156578 -1.000000
86 162 433 74 1 8 0 0 0 -1 1.088575 -1.000000
87 161 453 74 1 8 0 0 0 -1 0.882764 -1.000000
88 179 459 74 1 8 0 0 0 -1 0.917052 -1.000000
89 179 459 74 1 8 0 0 0 -1 1.152572 -1.000000
90 190 489 74 1 8 0 0 0 -1 1.208709 -1.000000
91 198 498 74 1 8 0 0 0 -1 1.092224 -1.000000
92 195 516 74 1 8 0 0 0 -1 1.084645 -1.000000
93 201 532 74 1 8 0 0 0 -1 1.056345 -1.000000
94 216 548 74 1 8 0 0 0 -1 1.262032 -1.000000
95 225 556 74 1 8 0 0 0 -1 1.302430 -1.000000
96 230 564 74 1 8 0 0 0 -1 1.307490 -1.000000
96 101 637 66 1 12 0 0 0 -1 0.698168 -1.000000
97 246 568 74 1 8 0 0 0 -1 1.280950 -1.000000
97 84 470 80 1 9 0 0 0 -1 0.821012 -1.000000
97 120 625 66 1 12 0 0 0 -1 0.792974 -1.000000
98 247 571 74 1 8 0 0 0 -1 1.302430 -1.000000
98 102 496 88 1 9 0 0 0 -1 1.198824 -1.000000
98 132 618 66 1 12 0 0 0 -1 0.650877 -1.000000
99 262 593 74 1 8 0 0 0 -1 1.335251 -1.000000
99 109 492 80 1 9 0 0 0 -1 1.160019 -1.000000
99 137 619 66 1 12 0 0 0 -1 0.734462 -1.000000
100 259 602 74 1 8 0 0 0 -1 1.373401 -1.000000
100 111 489 74 1 9 0 0 0 -1 1.115998 -1.000000
100 525 90 80 1 10 0 0 0 -1 1.204031 -1.000000
100 140 610 66 1 12 0 0 0 -1 0.736747 -1.000000
101 271 618 74 1 8 0 0 0 -1 1.350882 -1.000000
101 114 489 74 1 9 0 0 0 -1 1.119450 -1.000000
101 524 124 80 1 10 0 0 0 -1 0.940762 -1.000000
102 276 623 74 1 8 0 0 0 -1 1.334340 -1.000000
102 106 480 74 1 9 0 0 0 -1 1.048881 -1.000000
102 547 139 80 1 10 0 0 0 -1 0.852462 -1.000000
103 280 632 74 1 8 0 0 0 -1 1.483519 -1.000000
103 110 480 74 1 9 0 0 0 -1 0.989057 -1.000000
103 597 137 80 1 10 0 0 0 -1 0.982794 -1.000000
104 286 637 74 1 8 0 0 0 -1 1.361411 -1.000000
104 111 480 74 1 9 0 0 0 -1 0.896055 -1.000000
104 665 159 80 1 10 0 0 0 -1 0.933653 -1.000000
105 110 475 74 1 9 0 0 0 -1 0.863719 -1.000000
105 727 194 80 1 10 0 0 0 -1 0.990963 -1.000000
106 110 468 74 1 9 0 0 0 -1 0.937462 -1.000000
106 756 215 69 1 10 0 0 0 -1 1.099019 -1.000000
107 123 474 74 1 9 0 0 0 -1 0.936244 -1.000000
107 686 237 69 1 10 0 0 0 -1 1.107149 -1.000000
108 122 479 74 1 9 0 0 0 -1 0.915329 -1.000000
108 594 306 69 1 10 0 0 0 -1 0.900002 -1.000000
109 123 488 74 1 9 0 0 0 -1 0.897258 -1.000000
109 532 377 73 1 10 0 0 0 -1 0.930211 -1.000000
110 134 497 74 1 9 0 0 0 -1 0.881690 -1.000000
110 539 434 73 1 10 0 0 0 -1 0.952652 -1.000000
111 142 492 71 1 9 0 0 0 -1 0.801971 -1.000000
111 562 473 81 1 10 0 0 0 -1 1.064412 -1.000000
112 153 496 71 1 9 0 0 0 -1 0.799642 -1.000000
112 563 481 81 1 10 0 0 0 -1 1.155134 -1.000000
112 175 610 66 1 12 0 0 0 -1 1.477320 -1.000000
113 172 500 71 1 9 0 0 0 -1 0.659310 -1.000000
113 566 487 81 1 10 0 0 0 -1 1.111866 -1.000000
113 171 617 66 1 12 0 0 0 -1 1.525665 -1.000000
114 205 481 71 1 9 0 0 0 -1 0.728549 -1.000000
114 577 498 81 1 10 0 0 0 -1 1.141449 -1.000000
114 171 619 66 1 12 0 0 0 -1 1.665450 -1.000000
115 219 475 71 1 9 0 0 0 -1 0.521976 -1.000000
115 576 513 81 1 10 0 0 0 -1 1.216271 -1.000000
115 169 615 66 1 12 0 0 0 -1 1.655956 -1.000000
116 216 473 71 1 9 0 0 0 -1 0.539858 -1.000000
116 579 526 86 1 10 0 0 0 -1 1.241746 -1.000000
116 168 609 69 1 12 0 0 0 -1 1.682099 -1.000000
117 218 476 71 1 9 0 0 0 -1 0.664996 -1.000000
117 584 526 86 1 10 0 0 0 -1 1.255582 -1.000000
117 174 611 69 1 12 0 0 0 -1 1.671643 -1.000000
118 213 492 71 1 9 0 0 0 -1 0.772412 -1.000000
118 597 545 86 1 10 0 0 0 -1 1.270745 -1.000000
118 51 280 77 1 11 0 0 0 -1 0.964331 -1.000000
118 177 630 69 1 12 0 0 0 -1 1.730904 -1.000000
119 222 501 71 1 9 0 0 0 -1 0.850096 -1.000000
119 606 579 86 1 10 0 0 0 -1 1.370049 -1.000000
119 83 424 77 1 11 0 0 0 -1 0.928447 -1.000000
120 233 507 71 1 9 0 0 0 -1 0.947701 -1.000000
120 604 597 86 1 10 0 0 0 -1 1.498633 -1.000000
120 81 484 77 1 11 0 0 0 -1 0.920493 -1.000000
121 240 511 80 1 9 0 0 0 -1 1.114946 -1.000000
121 608 611 86 1 10 0 0 0 -1 1.552832 -1.000000
121 78 521 77 1 11 0 0 0 -1 0.614974 -1.000000
121 342 84 79 1 13 0 0 0 -1 1.214782 -1.000000
122 255 538 80 1 9 0 0 0 -1 1.073335 -1.000000
122 90 529 70 1 11 0 0 0 -1 0.876543 -1.000000
122 359 183 79 1 13 0 0 0 -1 1.390485 -1.000000
123 256 547 80 1 9 0 0 0 -1 1.070684 -1.000000
123 92 542 70 1 11 0 0 0 -1 0.937370 -1.000000
123 348 285 79 1 13 0 0 0 -1 1.098030 -1.000000
124 267 573 80 1 9 0 0 0 -1 1.176005 -1.000000
124 80 574 70 1 11 0 0 0 -1 0.926349 -1.000000
124 344 385 79 1 13 0 0 0 -1 1.115023 -1.000000
125 275 587 80 1 9 0 0 0 -1 1.223962 -1.000000
125 75 600 66 1 11 0 0 0 -1 0.609067 -1.000000
125 380 455 74 1 13 0 0 0 -1 1.110573 -1.000000
126 275 599 80 1 9 0 0 0 -1 1.247184 -1.000000
126 91 600 66 1 11 0 0 0 -1 0.520517 -1.000000
126 424 489 74 1 13 0 0 0 -1 1.131273 -1.000000
127 282 610 80 1 9 0 0 0 -1 1.178849 -1.000000
127 76 584 66 1 11 0 0 0 -1 0.465740 -1.000000
127 457 498 74 1 13 0 0 0 -1 1.314088 -1.000000
128 88 579 78 1 11 0 0 0 -1 0.562404 -1.000000
128 449 514 74 1 13 0 0 0 -1 1.431576 -1.000000
129 94 586 78 1 11 0 0 0 -1 0.525769 -1.000000
129 410 549 74 1 13 0 0 0 -1 1.033751 -1.000000
130 84 585 78 1 11 0 0 0 -1 0.500161 -1.000000
130 408 599 74 1 13 0 0 0 -1 1.131435 -1.000000
131 83 586 78 1 11 0 0 0 -1 0.521326 -1.000000
131 439 617 74 1 13 0 0 0 -1 1.457005 -1.000000
132 73 583 78 1 11 0 0 0 -1 0.355072 -1.000000
132 444 631 64 1 13 0 0 0 -1 -1.000000 -1.000000
133 84 584 78 1 11 0 0 0 -1 0.275629 -1.000000
133 446 645 64 1 13 0 0 0 -1 -1.000000 -1.000000
134 102 588 74 1 11 0 0 0 -1 0.282948 -1.000000
134 448 648 64 1 13 0 0 0 -1 -1.000000 -1.000000
135 111 592 74 1 11 0 0 0 -1 0.350314 -1.000000
135 448 648 64 1 13 0 0 0 -1 -1.000000 -1.000000
136 132 592 66 1 11 0 0 0 -1 0.445301 -1.000000
136 448 648 64 1 13 0 0 0 -1 -1.000000 -1.000000
137 153 596 70 1 11 0 0 0 -1 0.615870 -1.000000
137 448 652 64 1 13 0 0 0 -1 -1.000000 -1.000000
138 187 601 70 1 11 0 0 0 -1 0.970746 -1.000000
138 448 652 64 1 13 0 0 0 -1 -1.000000 -1.000000
139 185 600 70 1 11 0 0 0 -1 0.957158 -1.000000
139 450 653 64 1 13 0 0 0 -1 -1.000000 -1.000000
140 170 601 70 1 11 0 0 0 -1 0.944660 -1.000000
140 450 653 64 1 13 0 0 0 -1 -1.000000 -1.000000
141 158 604 70 1 11 0 0 0 -1 0.982794 -1.000000
141 450 653 64 1 13 0 0 0 -1 -1.000000 -1.000000
142 147 611 70 1 11 0 0 0 -1 0.970082 -1.000000
142 450 653 64 1 13 0 0 0 -1 -1.000000 -1.000000
143 169 617 70 1 11 0 0 0 -1 1.147625 -1.000000
143 450 653 64 1 13 0 0 0 -1 -1.000000 -1.000000
144 186 621 70 1 11 0 0 0 -1 -1.000000 -1.000000
144 469 649 64 1 13 0 0 0 -1 -1.000000 -1.000000
145 527 624 64 1 13 0 0 0 -1 -1.000000 -1.000000
149 287 538 74 1 13 0 0 0 -1 2.185459 -1.000000
150 297 533 74 1 13 0 0 0 -1 1.702308 -1.000000
151 311 532 74 1 13 0 0 0 -1 1.747869 -1.000000
152 294 543 74 1 13 0 0 0 -1 1.837993 -1.000000
153 297 550 74 1 13 0 0 0 -1 1.665484 -1.000000
154 307 555 74 1 13 0 0 0 -1 1.639652 -1.000000
155 310 558 78 1 13 0 0 0 -1 1.658291 -1.000000
156 305 558 78 1 13 0 0 0 -1 1.673878 -1.000000
157 305 555 78 1 13 0 0 0 -1 1.882343 -1.000000
158 322 574 78 1 13 0 0 0 -1 1.921524 -1.000000
159 318 570 78 1 13 0 0 0 -1 1.844455 -1.000000
160 319 575 78 1 13 0 0 0 -1 1.812938 -1.000000
161 318 576 78 1 13 0 0 0 -1 1.821369 -1.000000
162 313 581 78 1 13 0 0 0 -1 1.821505 -1.000000
163 312 584 78 1 13 0 0 0 -1 1.858449 -1.000000
164 307 589 78 1 13 0 0 0 -1 1.838595 -1.000000
165 307 589 78 1 13 0 0 0 -1 1.832916 -1.000000
166 304 604 81 1 13 0 0 0 -1 1.832619 -1.000000
167 299 610 81 1 13 0 0 0 -1 1.842795 -1.000000
189 181 612 83 0 -1 1 1 1 -1 -1.000000 -1.000000
189 427 431 83 0 -1 1 1 1 -1 -1.000000 -1.000000
189 1643 656 83 0 -1 1 1 1 -1 -1.000000 -1.000000
189 1801 438 83 0 -1 1 1 1 -1 -1.000000 -1.000000
189 1354 281 83 0 -1 1 1 1 -1 -1.000000 -1.000000
189 993 160 83 0 -1 1 1 1 -1 -1.000000 -1.000000
189 633 125 83 0 -1 1 1 1 -1 -1.000000 -1.000000
191 317 108 81 1 14 0 0 0 -1 1.243769 -1.000000
192 337 217 81 1 14 0 0 0 -1 1.199537 -1.000000
193 375 290 81 1 14 0 0 0 -1 1.312253 -1.000000
193 198 603 83 0 -1 1 1 1 -1 -1.000000 -1.000000
194 429 364 81 1 14 0 0 0 -1 1.301956 -1.000000
195 481 410 83 1 14 0 0 0 -1 1.447458 -1.000000
196 503 470 83 1 14 0 0 0 -1 1.609613 -1.000000
197 497 539 83 1 14 0 0 0 -1 1.495309 -1.000000
198 494 593 83 1 14 0 0 0 -1 1.362019 -1.000000
199 503 588 83 1 14 0 0 0 -1 1.541175 -1.000000
200 505 587 83 1 14 0 0 0 -1 1.456193 -1.000000
201 506 598 83 1 14 0 0 0 -1 1.533501 -1.000000
202 502 603 83 1 14 0 0 0 -1 1.379371 -1.000000
203 502 601 83 1 14 0 0 0 -1 1.302608 -1.000000
214 552 634 63 1 15 0 0 0 -1 -1.000000 -1.000000
215 555 614 63 1 15 0 0 0 -1 -1.000000 -1.000000
216 544 613 63 1 15 0 0 0 -1 -1.000000 -1.000000
217 545 617 63 1 15 0 0 0 -1 -1.000000 -1.000000
218 542 618 63 1 15 0 0 0 -1 -1.000000 -1.000000
219 525 621 63 1 15 0 0 0 -1 -1.000000 -1.000000
220 526 626 63 1 15 0 0 0 -1 -1.000000 -1.000000
221 509 625 63 1 15 0 0 0 -1 3.218056 -1.000000
222 475 632 63 1 15 0 0 0 -1 -1.000000 -1.000000
223 475 632 63 1 15 0 0 0 -1 -1.000000 -1.000000
224 474 631 60 1 15 0 0 0 -1 -1.000000 -1.000000
225 466 630 60 1 15 0 0 0 -1 -1.000000 -1.000000
226 466 630 60 1 15 0 0 0 -1 -1.000000 -1.000000
227 466 629 60 1 15 0 0 0 -1 -1.000000 -1.000000
228 466 629 60 1 15 0 0 0 -1 -1.000000 -1.000000
229 455 614 60 1 15 0 0 0 -1 3.136216 -1.000000
230 451 616 60 1 15 0 0 0 -1 3.147087 -1.000000
231 441 624 60 1 15 0 0 0 -1 3.125636 -1.000000
232 438 610 60 1 15 0 0 0 -1 3.164316 -1.000000
233 413 606 60 1 15 0 0 0 -1 -1.000000 -1.000000
234 421 618 60 1 15 0 0 0 -1 -1.000000 -1.000000
235 430 580 65 1 15 0 0 0 -1 3.065979 -1.000000
236 429 530 65 1 15 0 0 0 -1 2.530867 -1.000000
237 389 423 65 1 15 0 0 0 -1 2.686974 -1.000000
238 288 270 65 1 15 0 0 0 -1 2.771049 -1.000000
252 66 362 65 1 16 0 0 0 -1 0.767108 -1.000000
253 160 286 65 1 16 0 0 0 -1 0.693124 -1.000000
254 259 182 65 1 16 0 0 0 -1 0.770171 -1.000000
255 364 94 65 1 16 0 0 0 -1 0.856146 -1.000000
313 1612 669 83 0 -1 1 1 1 -1 -1.000000 -1.000000
325 888 633 57 1 17 0 0 0 -1 -1.000000 -1.000000
326 887 635 57 1 17 0 0 0 -1 -1.000000 -1.000000
327 888 628 57 1 17 0 0 0 -1 -1.000000 -1.000000
328 889 623 57 1 17 0 0 0 -1 -1.000000 -1.000000
329 875 616 60 1 17 0 0 0 -1 -1.000000 -1.000000
330 873 628 60 1 17 0 0 0 -1 -1.000000 -1.000000
331 873 626 60 1 17 0 0 0 -1 -1.000000 -1.000000
332 878 609 60 1 17 0 0 0 -1 -1.000000 -1.000000
333 866 613 60 1 17 0 0 0 -1 -1.000000 -1.000000
334 866 617 60 1 17 0 0 0 -1 -1.000000 -1.000000
335 868 618 60 1 17 0 0 0 -1 -1.000000 -1.000000
336 868 618 64 1 17 0 0 0 -1 -1.000000 -1.000000
337 858 617 64 1 17 0 0 0 -1 -1.000000 -1.000000
338 863 615 64 1 17 0 0 0 -1 -1.000000 -1.000000
339 868 615 64 1 17 0 0 0 -1 -1.000000 -1.000000
340 862 615 64 1 17 0 0 0 -1 -1.000000 -1.000000
341 854 616 64 1 17 0 0 0 -1 -1.000000 -1.000000
341 622 120 70 1 18 0 0 0 -1 1.728973 -1.000000
342 854 624 64 1 17 0 0 0 -1 3.010124 -1.000000
342 505 137 70 1 18 0 0 0 -1 1.787137 -1.000000
343 845 623 70 1 17 0 0 0 -1 3.006329 -1.000000
343 360 110 70 1 18 0 0 0 -1 1.857801 -1.000000
344 828 621 70 1 17 0 0 0 -1 3.005788 -1.000000
344 214 58 70 1 18 0 0 0 -1 1.845207 -1.000000
345 805 621 70 1 17 0 0 0 -1 2.974339 -1.000000
346 808 623 70 1 17 0 0 0 -1 2.987144 -1.000000
347 786 622 70 1 17 0 0 0 -1 2.661319 -1.000000
348 744 563 70 1 17 0 0 0 -1 2.434003 -1.000000
349 607 465 70 1 17 0 0 0 -1 2.509113 -1.000000
374 840 117 70 1 19 0 0 0 -1 1.012197 -1.000000
375 918 228 70 1 19 0 0 0 -1 1.087349 -1.000000
376 955 317 70 1 19 0 0 0 -1 1.097744 -1.000000
376 1033 134 85 1 20 0 0 0 -1 1.890671 -1.000000
377 965 312 70 1 19 0 0 0 -1 1.317331 -1.000000
377 959 198 71 1 20 0 0 0 -1 1.861629 -1.000000
378 970 301 70 1 19 0 0 0 -1 1.453687 -1.000000
378 897 210 71 1 20 0 0 0 -1 1.674715 -1.000000
379 976 308 70 1 19 0 0 0 -1 1.843613 -1.000000
379 828 205 82 1 20 0 0 0 -1 1.625091 -1.000000
380 970 326 70 1 19 0 0 0 -1 1.515297 -1.000000
380 766 238 82 1 20 0 0 0 -1 1.491210 -1.000000
381 964 342 70 1 19 0 0 0 -1 1.484647 -1.000000
381 742 301 82 1 20 0 0 0 -1 1.364675 -1.000000
382 971 357 70 1 19 0 0 0 -1 1.575605 -1.000000
382 759 347 82 1 20 0 0 0 -1 1.414195 -1.000000
383 977 371 85 1 19 0 0 0 -1 1.580227 -1.000000
383 740 370 79 1 20 0 0 0 -1 1.549746 -1.000000
384 978 387 85 1 19 0 0 0 -1 1.652248 -1.000000
384 703 399 79 1 20 0 0 0 -1 1.633776 -1.000000
385 986 401 85 1 19 0 0 0 -1 1.754494 -1.000000
385 632 439 79 1 20 0 0 0 -1 1.761059 -1.000000
386 979 421 85 1 19 0 0 0 -1 1.671518 -1.000000
386 554 451 79 1 20 0 0 0 -1 1.718474 -1.000000
387 971 446 85 1 19 0 0 0 -1 1.601090 -1.000000
387 497 452 79 1 20 0 0 0 -1 1.645656 -1.000000
387 997 625 71 1 21 0 0 0 -1 -1.000000 -1.000000
388 977 457 85 1 19 0 0 0 -1 1.713568 -1.000000
388 463 449 81 1 20 0 0 0 -1 1.641683 -1.000000
388 1004 614 71 1 21 0 0 0 -1 5.819537 -1.000000
389 974 478 85 1 19 0 0 0 -1 1.805809 -1.000000
389 416 443 78 1 20 0 0 0 -1 1.937561 -1.000000
389 1012 614 71 1 21 0 0 0 -1 5.889394 -1.000000
390 973 500 85 1 19 0 0 0 -1 1.858078 -1.000000
390 320 450 78 1 20 0 0 0 -1 2.058391 -1.000000
390 1020 613 71 1 21 0 0 0 -1 5.874696 -1.000000
391 977 507 85 1 19 0 0 0 -1 1.832751 -1.000000
391 190 411 78 1 20 0 0 0 -1 2.248504 -1.000000
391 1020 617 71 1 21 0 0 0 -1 6.058688 -1.000000
392 966 515 85 1 19 0 0 0 -1 1.803538 -1.000000
392 1026 613 71 1 21 0 0 0 -1 6.084239 -1.000000
393 954 535 85 1 19 0 0 0 -1 1.763681 -1.000000
393 1032 581 71 1 21 0 0 0 -1 0.008264 -1.000000
394 948 552 85 1 19 0 0 0 -1 1.698306 -1.000000
394 1056 456 71 1 21 0 0 0 -1 0.074397 -1.000000
395 942 558 85 1 19 0 0 0 -1 1.774289 -1.000000
395 1110 253 74 1 21 0 0 0 -1 6.272256 -1.000000
395 576 615 65 1 22 0 0 0 -1 -1.000000 -1.000000
396 933 586 85 1 19 0 0 0 -1 1.671373 -1.000000
396 575 613 65 1 22 0 0 0 -1 -1.000000 -1.000000
397 933 590 85 1 19 0 0 0 -1 1.670465 -1.000000
397 577 613 65 1 22 0 0 0 -1 -1.000000 -1.000000
398 577 613 65 1 22 0 0 0 -1 -1.000000 -1.000000
399 577 613 65 1 22 0 0 0 -1 -1.000000 -1.000000
399 1118 629 57 1 23 0 0 0 -1 -1.000000 -1.000000
400 577 613 65 1 22 0 0 0 -1 -1.000000 -1.000000
400 1105 621 57 1 23 0 0 0 -1 -1.000000 -1.000000
401 561 583 65 1 22 0 0 0 -1 -1.000000 -1.000000
401 1101 619 57 1 23 0 0 0 -1 -1.000000 -1.000000
402 1090 604 59 1 23 0 0 0 -1 3.156858 -1.000000
403 1056 607 59 1 23 0 0 0 -1 -1.000000 -1.000000
422 30 170 72 1 24 0 0 0 -1 1.132315 -1.000000
423 102 185 72 1 24 0 0 0 -1 1.310194 -1.000000
424 159 226 78 1 24 0 0 0 -1 1.362059 -1.000000
425 206 273 78 1 24 0 0 0 -1 1.452434 -1.000000
426 244 329 78 1 24 0 0 0 -1 1.446442 -1.000000
427 282 378 78 1 24 0 0 0 -1 1.347896 -1.000000
428 321 416 78 1 24 0 0 0 -1 1.389793 -1.000000
429 343 448 78 1 24 0 0 0 -1 1.451118 -1.000000
430 364 476 78 1 24 0 0 0 -1 1.422239 -1.000000
431 364 492 78 1 24 0 0 0 -1 1.452600 -1.000000
432 371 513 87 1 24 0 0 0 -1 1.320223 -1.000000
433 369 517 87 1 24 0 0 0 -1 1.308417 -1.000000
434 369 517 87 1 24 0 0 0 -1 1.296629 -1.000000
435 381 527 87 1 24 0 0 0 -1 1.381597 -1.000000
436 382 539 87 1 24 0 0 0 -1 1.382825 -1.000000
437 382 539 87 1 24 0 0 0 -1 1.431802 -1.000000
438 382 539 87 1 24 0 0 0 -1 1.468216 -1.000000
439 374 563 87 1 24 0 0 0 -1 1.517372 -1.000000
440 385 566 87 1 24 0 0 0 -1 1.622298 -1.000000
441 385 567 87 1 24 0 0 0 -1 1.695770 -1.000000
442 385 568 87 1 24 0 0 0 -1 1.767235 -1.000000
443 385 568 87 1 24 0 0 0 -1 1.873681 -1.000000
444 378 567 87 1 24 0 0 0 -1 2.039195 -1.000000
445 374 568 87 1 24 0 0 0 -1 1.990029 -1.000000
446 367 569 87 1 24 0 0 0 -1 2.060753 -1.000000
447 366 570 87 1 24 0 0 0 -1 2.148355 -1.000000
448 359 570 87 1 24 0 0 0 -1 2.284644 -1.000000
449 347 570 87 1 24 0 0 0 -1 2.278386 -1.000000
450 349 571 87 1 24 0 0 0 -1 2.309870 -1.000000
451 336 571 87 1 24 0 0 0 -1 2.231024 -1.000000
452 336 571 87 1 24 0 0 0 -1 2.244084 -1.000000
453 328 565 87 1 24 0 0 0 -1 2.329355 -1.000000
454 321 575 87 1 24 0 0 0 -1 2.415359 -1.000000
455 310 576 87 1 24 0 0 0 -1 2.495079 -1.000000
456 307 579 87 1 24 0 0 0 -1 2.566055 -1.000000
457 293 593 87 1 24 0 0 0 -1 2.549165 -1.000000
458 293 593 87 1 24 0 0 0 -1 2.557957 -1.000000
458 1023 95 81 1 25 0 0 0 -1 1.314280 -1.000000
459 293 593 87 1 24 0 0 0 -1 2.541774 -1.000000
459 1063 170 81 1 25 0 0 0 -1 1.416590 -1.000000
460 293 593 81 1 24 0 0 0 -1 2.518393 -1.000000
460 1100 215 81 1 25 0 0 0 -1 1.359345 -1.000000
461 281 589 81 1 24 0 0 0 -1 2.431808 -1.000000
461 1133 248 81 1 25 0 0 0 -1 1.456711 -1.000000
462 276 594 81 1 24 0 0 0 -1 2.423258 -1.000000
462 1131 265 81 1 25 0 0 0 -1 1.591097 -1.000000
463 268 599 81 1 24 0 0 0 -1 2.434103 -1.000000
463 1104 289 81 1 25 0 0 0 -1 1.576112 -1.000000
464 268 599 81 1 24 0 0 0 -1 2.377774 -1.000000
464 1087 332 81 1 25 0 0 0 -1 1.380808 -1.000000
465 1102 382 81 1 25 0 0 0 -1 1.412706 -1.000000
466 1121 422 81 1 25 0 0 0 -1 1.553150 -1.000000
467 1115 456 81 1 25 0 0 0 -1 1.763891 -1.000000
468 1088 497 81 1 25 0 0 0 -1 1.495793 -1.000000
469 1091 530 81 1 25 0 0 0 -1 1.205951 -1.000000
470 1109 562 81 1 25 0 0 0 -1 1.367536 -1.000000
471 1108 569 81 1 25 0 0 0 -1 1.470415 -1.000000
472 1100 582 81 1 25 0 0 0 -1 1.406924 -1.000000
479 473 95 81 1 26 0 0 0 -1 1.120800 -1.000000
480 544 150 81 1 26 0 0 0 -1 1.146976 -1.000000
481 601 182 81 1 26 0 0 0 -1 1.373401 -1.000000
482 637 197 73 1 26 0 0 0 -1 1.460139 -1.000000
483 653 214 73 1 26 0 0 0 -1 1.551286 -1.000000
484 639 241 73 1 26 0 0 0 -1 1.488113 -1.000000
485 617 280 73 1 26 0 0 0 -1 1.468590 -1.000000
486 615 316 73 1 26 0 0 0 -1 1.510718 -1.000000
487 633 340 73 1 26 0 0 0 -1 1.433508 -1.000000
488 667 360 73 1 26 0 0 0 -1 1.603045 -1.000000
489 675 373 73 1 26 0 0 0 -1 2.034444 -1.000000
490 648 396 77 1 26 0 0 0 -1 1.909712 -1.000000
491 633 404 77 1 26 0 0 0 -1 1.625287 -1.000000
492 634 422 77 1 26 0 0 0 -1 1.867342 -1.000000
493 631 450 77 1 26 0 0 0 -1 1.855914 -1.000000
494 631 454 77 1 26 0 0 0 -1 1.735945 -1.000000
495 630 481 77 1 26 0 0 0 -1 1.732995 -1.000000
496 627 492 77 1 26 0 0 0 -1 1.684947 -1.000000
497 622 515 77 1 26 0 0 0 -1 1.748749 -1.000000
498 620 535 80 1 26 0 0 0 -1 1.765161 -1.000000
499 621 555 80 1 26 0 0 0 -1 1.641474 -1.000000
500 622 574 80 1 26 0 0 0 -1 1.611177 -1.000000
501 618 582 80 1 26 0 0 0 -1 1.602701 -1.000000
514 1640 619 55 1 27 0 0 0 -1 -1.000000 -1.000000
515 1639 617 55 1 27 0 0 0 -1 -1.000000 -1.000000
516 1648 610 55 1 27 0 0 0 -1 -1.000000 -1.000000
517 1650 611 55 1 27 0 0 0 -1 -1.000000 -1.000000
518 1657 613 61 1 27 0 0 0 -1 5.984100 -1.000000
519 1662 619 61 1 27 0 0 0 -1 6.105310 -1.000000
520 1670 620 70 1 27 0 0 0 -1 0.055499 -1.000000
521 1675 617 70 1 27 0 0 0 -1 0.041214 -1.000000
522 1674 608 74 1 27 0 0 0 -1 0.188639 -1.000000
523 1680 613 74 1 27 0 0 0 -1 0.077431 -1.000000
523 243 615 60 1 28 0 0 0 -1 -1.000000 -1.000000
524 1686 613 74 1 27 0 0 0 -1 0.156602 -1.000000
524 244 606 60 1 28 0 0 0 -1 -1.000000 -1.000000
525 1706 558 74 1 27 0 0 0 -1 0.074243 -1.000000
525 244 606 60 1 28 0 0 0 -1 -1.000000 -1.000000
526 1757 410 74 1 27 0 0 0 -1 6.170877 -1.000000
526 234 601 60 1 28 0 0 0 -1 -1.000000 -1.000000
527 234 601 60 1 28 0 0 0 -1 -1.000000 -1.000000
528 229 600 60 1 28 0 0 0 -1 -1.000000 -1.000000
529 229 600 60 1 28 0 0 0 -1 -1.000000 -1.000000
530 229 600 60 1 28 0 0 0 -1 -1.000000 -1.000000
531 229 600 60 1 28 0 0 0 -1 -1.000000 -1.000000
532 229 595 60 1 28 0 0 0 -1 -1.000000 -1.000000
533 228 594 60 1 28 0 0 0 -1 -1.000000 -1.000000
534 225 594 60 1 28 0 0 0 -1 -1.000000 -1.000000
535 223 596 60 1 28 0 0 0 -1 -1.000000 -1.000000
536 223 596 60 1 28 0 0 0 -1 -1.000000 -1.000000
537 223 598 60 1 28 0 0 0 -1 -1.000000 -1.000000
538 223 598 60 1 28 0 0 0 -1 -1.000000 -1.000000
539 225 600 60 1 28 0 0 0 -1 -1.000000 -1.000000
540 221 613 60 1 28 0 0 0 -1 -1.000000 -1.000000
541 221 606 60 1 28 0 0 0 -1 -1.000000 -1.000000
542 221 606 60 1 28 0 0 0 -1 -1.000000 -1.000000
543 229 604 60 1 28 0 0 0 -1 -1.000000 -1.000000
544 231 606 60 1 28 0 0 0 -1 -1.000000 -1.000000
545 236 606 60 1 28 0 0 0 -1 -1.000000 -1.000000
546 248 600 60 1 28 0 0 0 -1 -1.000000 -1.000000
547 250 601 60 1 28 0 0 0 -1 -1.000000 -1.000000
548 261 603 62 1 28 0 0 0 -1 -1.000000 -1.000000
549 245 599 62 1 28 0 0 0 -1 -1.000000 -1.000000
550 248 596 62 1 28 0 0 0 -1 6.067219 -1.000000
551 244 549 62 1 28 0 0 0 -1 6.201635 -1.000000
552 240 433 64 1 28 0 0 0 -1 5.975926 -1.000000
558 1374 609 53 1 29 0 0 0 -1 -1.000000 -1.000000
559 1371 610 53 1 29 0 0 0 -1 -1.000000 -1.000000
560 1378 611 53 1 29 0 0 0 -1 -1.000000 -1.000000
561 1390 611 53 1 29 0 0 0 -1 -1.000000 -1.000000
562 1395 604 53 1 29 0 0 0 -1 -1.000000 -1.000000
563 1402 606 53 1 29 0 0 0 -1 -1.000000 -1.000000
564 1396 612 53 1 29 0 0 0 -1 -1.000000 -1.000000
565 1395 606 53 1 29 0 0 0 -1 -1.000000 -1.000000
566 1394 606 53 1 29 0 0 0 -1 -1.000000 -1.000000
567 1374 606 53 1 29 0 0 0 -1 -1.000000 -1.000000
568 1366 600 53 1 29 0 0 0 -1 -1.000000 -1.000000
569 1378 612 53 1 29 0 0 0 -1 -1.000000 -1.000000
570 1375 607 53 1 29 0 0 0 -1 -1.000000 -1.000000
571 1369 606 56 1 29 0 0 0 -1 3.578619 -1.000000
572 1375 607 56 1 29 0 0 0 -1 3.531881 -1.000000
573 1371 608 56 1 29 0 0 0 -1 3.551957 -1.000000
574 1371 608 56 1 29 0 0 0 -1 3.494583 -1.000000
575 1374 607 61 1 29 0 0 0 -1 3.466654 -1.000000
576 1376 602 61 1 29 0 0 0 -1 3.572833 -1.000000
577 1376 602 61 1 29 0 0 0 -1 3.581148 -1.000000
578 1377 602 61 1 29 0 0 0 -1 3.579783 -1.000000
579 1374 601 61 1 29 0 0 0 -1 3.577275 -1.000000
580 1372 601 61 1 29 0 0 0 -1 3.574733 -1.000000
581 1372 601 61 1 29 0 0 0 -1 3.548082 -1.000000
582 1372 601 61 1 29 0 0 0 -1 3.486512 -1.000000
583 1372 601 61 1 29 0 0 0 -1 3.418391 -1.000000
584 1374 605 61 1 29 0 0 0 -1 3.362421 -1.000000
585 1373 613 71 1 29 0 0 0 -1 3.372405 -1.000000
586 1376 612 71 1 29 0 0 0 -1 3.359740 -1.000000
586 319 605 60 1 30 0 0 0 -1 -1.000000 -1.000000
587 1378 616 71 1 29 0 0 0 -1 3.375793 -1.000000
587 326 600 60 1 30 0 0 0 -1 -1.000000 -1.000000
588 1378 616 78 1 29 0 0 0 -1 3.314170 -1.000000
588 326 600 60 1 30 0 0 0 -1 -1.000000 -1.000000
589 1376 616 78 1 29 0 0 0 -1 3.291828 -1.000000
589 327 599 60 1 30 0 0 0 -1 -1.000000 -1.000000
590 1377 612 81 1 29 0 0 0 -1 3.224352 -1.000000
590 324 599 60 1 30 0 0 0 -1 -1.000000 -1.000000
591 1375 615 81 1 29 0 0 0 -1 3.257734 -1.000000
591 319 604 60 1 30 0 0 0 -1 -1.000000 -1.000000
592 1376 615 81 1 29 0 0 0 -1 3.247020 -1.000000
592 320 603 60 1 30 0 0 0 -1 -1.000000 -1.000000
593 1375 620 81 1 29 0 0 0 -1 3.286515 -1.000000
593 314 600 60 1 30 0 0 0 -1 -1.000000 -1.000000
594 1375 620 81 1 29 0 0 0 -1 3.408852 -1.000000
594 312 600 60 1 30 0 0 0 -1 -1.000000 -1.000000
595 1389 615 81 1 29 0 0 0 -1 3.412844 -1.000000
595 304 602 60 1 30 0 0 0 -1 -1.000000 -1.000000
596 1379 601 76 1 29 0 0 0 -1 3.472076 -1.000000
596 304 602 60 1 30 0 0 0 -1 -1.000000 -1.000000
597 1374 607 69 1 29 0 0 0 -1 -1.000000 -1.000000
597 304 602 60 1 30 0 0 0 -1 -1.000000 -1.000000
598 1368 606 61 1 29 0 0 0 -1 -1.000000 -1.000000
598 304 602 60 1 30 0 0 0 -1 -1.000000 -1.000000
599 1376 609 61 1 29 0 0 0 -1 -1.000000 -1.000000
599 304 602 60 1 30 0 0 0 -1 -1.000000 -1.000000
600 1382 611 57 1 29 0 0 0 -1 -1.000000 -1.000000
600 304 602 60 1 30 0 0 0 -1 -1.000000 -1.000000
601 1378 606 57 1 29 0 0 0 -1 -1.000000 -1.000000
601 301 603 60 1 30 0 0 0 -1 -1.000000 -1.000000
602 1379 606 57 1 29 0 0 0 -1 -1.000000 -1.000000
602 302 604 60 1 30 0 0 0 -1 -1.000000 -1.000000
603 1379 606 57 1 29 0 0 0 -1 -1.000000 -1.000000
603 303 604 60 1 30 0 0 0 -1 -1.000000 -1.000000
604 1379 606 57 1 29 0 0 0 -1 -1.000000 -1.000000
604 303 604 60 1 30 0 0 0 -1 -1.000000 -1.000000
605 1375 605 57 1 29 0 0 0 -1 -1.000000 -1.000000
605 303 604 60 1 30 0 0 0 -1 -1.000000 -1.000000
606 1380 604 57 1 29 0 0 0 -1 -1.000000 -1.000000
606 303 604 60 1 30 0 0 0 -1 -1.000000 -1.000000
607 1380 607 59 1 29 0 0 0 -1 -1.000000 -1.000000
607 304 603 60 1 30 0 0 0 -1 -1.000000 -1.000000
608 1380 605 59 1 29 0 0 0 -1 -1.000000 -1.000000
608 304 603 60 1 30 0 0 0 -1 -1.000000 -1.000000
609 1377 606 59 1 29 0 0 0 -1 -1.000000 -1.000000
609 304 603 60 1 30 0 0 0 -1 -1.000000 -1.000000
610 1377 606 59 1 29 0 0 0 -1 -1.000000 -1.000000
610 304 603 60 1 30 0 0 0 -1 -1.000000 -1.000000
611 1377 606 59 1 29 0 0 0 -1 -1.000000 -1.000000
611 304 603 60 1 30 0 0 0 -1 -1.000000 -1.000000
612 1377 606 59 1 29 0 0 0 -1 -1.000000 -1.000000
612 304 603 60 1 30 0 0 0 -1 -1.000000 -1.000000
612 167 67 72 1 31 0 0 0 -1 1.382286 -1.000000
613 1377 606 59 1 29 0 0 0 -1 -1.000000 -1.000000
613 304 603 60 1 30 0 0 0 -1 -1.000000 -1.000000
613 172 157 72 1 31 0 0 0 -1 1.305857 -1.000000
614 1376 606 59 1 29 0 0 0 -1 -1.000000 -1.000000
614 309 601 60 1 30 0 0 0 -1 -1.000000 -1.000000
614 196 227 72 1 31 0 0 0 -1 1.084038 -1.000000
615 1376 606 59 1 29 0 0 0 -1 -1.000000 -1.000000
615 309 600 60 1 30 0 0 0 -1 -1.000000 -1.000000
615 262 297 72 1 31 0 0 0 -1 1.090153 -1.000000
616 1376 606 59 1 29 0 0 0 -1 -1.000000 -1.000000
616 309 600 60 1 30 0 0 0 -1 -1.000000 -1.000000
616 342 338 75 1 31 0 0 0 -1 1.484544 -1.000000
617 1376 606 59 1 29 0 0 0 -1 -1.000000 -1.000000
617 309 600 60 1 30 0 0 0 -1 -1.000000 -1.000000
617 380 332 75 1 31 0 0 0 -1 2.348860 -1.000000
617 197 76 75 1 32 0 0 0 -1 1.250410 -1.000000
618 1376 606 59 1 29 0 0 0 -1 -1.000000 -1.000000
618 309 600 60 1 30 0 0 0 -1 -1.000000 -1.000000
618 355 340 75 1 31 0 0 0 -1 1.893570 -1.000000
618 297 146 75 1 32 0 0 0 -1 1.495793 -1.000000
619 1376 604 59 1 29 0 0 0 -1 -1.000000 -1.000000
619 306 596 60 1 30 0 0 0 -1 -1.000000 -1.000000
619 354 345 75 1 31 0 0 0 -1 1.849541 -1.000000
619 325 229 77 1 32 0 0 0 -1 1.580138 -1.000000
620 1373 605 59 1 29 0 0 0 -1 -1.000000 -1.000000
620 302 597 60 1 30 0 0 0 -1 -1.000000 -1.000000
621 1372 604 59 1 29 0 0 0 -1 -1.000000 -1.000000
621 302 597 60 1 30 0 0 0 -1 -1.000000 -1.000000
622 1372 604 59 1 29 0 0 0 -1 -1.000000 -1.000000
622 302 597 60 1 30 0 0 0 -1 -1.000000 -1.000000
622 349 381 75 1 31 0 0 0 -1 1.777366 -1.000000
622 243 493 77 1 32 0 0 0 -1 1.557722 -1.000000
623 1372 604 59 1 29 0 0 0 -1 -1.000000 -1.000000
623 299 598 60 1 30 0 0 0 -1 -1.000000 -1.000000
623 350 383 75 1 31 0 0 0 -1 1.758164 -1.000000
623 228 493 77 1 32 0 0 0 -1 0.956133 -1.000000
624 1372 604 59 1 29 0 0 0 -1 -1.000000 -1.000000
624 299 598 60 1 30 0 0 0 -1 -1.000000 -1.000000
624 350 383 75 1 31 0 0 0 -1 1.772478 -1.000000
624 244 494 77 1 32 0 0 0 -1 1.305753 -1.000000
625 1372 604 59 1 29 0 0 0 -1 -1.000000 -1.000000
625 299 598 60 1 30 0 0 0 -1 -1.000000 -1.000000
625 350 381 75 1 31 0 0 0 -1 1.819232 -1.000000
625 244 490 80 1 32 0 0 0 -1 1.389147 -1.000000
626 1365 600 59 1 29 0 0 0 -1 -1.000000 -1.000000
626 298 598 60 1 30 0 0 0 -1 -1.000000 -1.000000
626 351 380 75 1 31 0 0 0 -1 1.754032 -1.000000
626 245 500 80 1 32 0 0 0 -1 1.383246 -1.000000
627 1361 599 59 1 29 0 0 0 -1 -1.000000 -1.000000
627 298 598 60 1 30 0 0 0 -1 -1.000000 -1.000000
627 357 389 75 1 31 0 0 0 -1 1.676363 -1.000000
627 259 519 80 1 32 0 0 0 -1 1.427713 -1.000000
627 105 569 74 1 37 1 1 1 -1 4.080534 -1.000000
628 1361 599 59 1 29 0 0 0 -1 -1.000000 -1.000000
628 298 598 60 1 30 0 0 0 -1 -1.000000 -1.000000
628 358 397 75 1 31 0 0 0 -1 1.643277 -1.000000
628 98 516 74 1 37 1 1 1 -1 3.761842 -1.000000
629 1361 599 59 1 29 0 0 0 -1 -1.000000 -1.000000
629 362 410 75 1 31 0 0 0 -1 1.389212 -1.000000
629 74 481 78 1 37 1 1 1 -1 3.605240 -1.000000
630 1361 599 62 1 29 0 0 0 -1 -1.000000 -1.000000
630 385 435 75 1 31 0 0 0 -1 1.304544 -1.000000
630 639 104 80 1 33 0 0 0 -1 1.867950 -1.000000
630 39 455 78 1 37 1 1 1 -1 3.780506 -1.000000
631 1355 606 62 1 29 0 0 0 -1 -1.000000 -1.000000
631 230 546 79 1 30 0 0 0 -1 3.598803 -1.000000
631 386 450 75 1 31 0 0 0 -1 1.445530 -1.000000
631 554 201 80 1 33 0 0 0 -1 1.888063 -1.000000
631 36 460 78 1 37 1 1 1 -1 4.124386 -1.000000
632 1355 606 62 1 29 0 0 0 -1 -1.000000 -1.000000
632 196 562 79 1 30 0 0 0 -1 2.587028 -1.000000
632 393 456 75 1 31 0 0 0 -1 1.482994 -1.000000
632 469 287 80 1 33 0 0 0 -1 1.748889 -1.000000
632 90 149 80 1 34 0 0 0 -1 -1.000000 -1.000000
632 61 404 78 1 37 1 1 1 -1 4.461174 -1.000000
633 1355 606 62 1 29 0 0 0 -1 -1.000000 -1.000000
633 205 571 79 1 30 0 0 0 -1 3.019750 -1.000000
633 392 466 75 1 31 0 0 0 -1 1.436572 -1.000000
633 414 358 80 1 33 0 0 0 -1 1.544940 -1.000000
633 121 229 80 1 34 0 0 0 -1 -1.000000 -1.000000
633 52 270 78 1 37 1 1 1 -1 4.787516 -1.000000
634 1355 606 62 1 29 0 0 0 -1 -1.000000 -1.000000
634 203 579 72 1 30 0 0 0 -1 3.155015 -1.000000
634 395 408 80 1 33 0 0 0 -1 1.450414 -1.000000
634 181 258 72 1 34 0 0 0 -1 -1.000000 -1.000000
634 383 491 74 1 31 1 1 1 -1 1.425013 -1.000000
635 1355 606 64 1 29 0 0 0 -1 -1.000000 -1.000000
635 172 587 72 1 30 0 0 0 -1 3.237299 -1.000000
635 415 426 80 1 33 0 0 0 -1 1.405648 -1.000000
635 216 242 72 1 34 0 0 0 -1 -1.000000 -1.000000
635 379 510 74 1 31 1 1 1 -1 1.521251 -1.000000
636 1366 598 64 1 29 0 0 0 -1 -1.000000 -1.000000
636 176 591 72 1 30 0 0 0 -1 3.367745 -1.000000
636 437 439 80 1 33 0 0 0 -1 1.515298 -1.000000
636 219 147 72 1 34 0 0 0 -1 -1.000000 -1.000000
636 390 527 74 1 31 1 1 1 -1 1.548869 -1.000000
637 1372 548 58 1 29 0 0 0 -1 -1.000000 -1.000000
637 189 580 72 1 30 0 0 0 -1 3.448990 -1.000000
637 426 445 80 1 33 0 0 0 -1 1.384023 -1.000000
637 388 539 74 1 31 1 1 1 -1 1.501464 -1.000000
638 1377 443 63 1 29 0 0 0 -1 0.576621 -1.000000
638 184 585 72 1 30 0 0 0 -1 3.630597 -1.000000
638 424 453 80 1 33 0 0 0 -1 1.348715 -1.000000
638 391 548 74 1 31 1 1 1 -1 1.585219 -1.000000
639 1433 306 71 1 29 0 0 0 -1 0.522613 -1.000000
639 168 574 72 1 30 0 0 0 -1 3.797288 -1.000000
639 414 459 80 1 33 0 0 0 -1 1.256039 -1.000000
639 388 557 74 1 31 1 1 1 -1 1.560801 -1.000000
640 1556 139 71 1 29 0 0 0 -1 0.613063 -1.000000
640 184 572 72 1 30 0 0 0 -1 3.882077 -1.000000
640 419 469 80 1 33 0 0 0 -1 1.352127 -1.000000
640 379 569 74 1 31 1 1 1 -1 1.740143 -1.000000
641 182 560 72 1 30 0 0 0 -1 3.975601 -1.000000
641 434 494 80 1 33 0 0 0 -1 1.422764 -1.000000
641 376 577 74 1 31 1 1 1 -1 1.709635 -1.000000
642 173 537 72 1 30 0 0 0 -1 4.016571 -1.000000
642 441 495 80 1 33 0 0 0 -1 1.300283 -1.000000
643 170 524 72 1 30 0 0 0 -1 4.016495 -1.000000
643 448 508 80 1 33 0 0 0 -1 1.279340 -1.000000
644 160 496 72 1 30 0 0 0 -1 4.131632 -1.000000
644 450 511 80 1 33 0 0 0 -1 1.438824 -1.000000
645 160 453 72 1 30 0 0 0 -1 3.996187 -1.000000
645 443 533 80 1 33 0 0 0 -1 1.373401 -1.000000
646 146 386 72 1 30 0 0 0 -1 3.827901 -1.000000
646 437 543 80 1 33 0 0 0 -1 1.484058 -1.000000
647 99 221 72 1 30 0 0 0 -1 4.225490 -1.000000
647 437 575 80 1 33 0 0 0 -1 1.652804 -1.000000
655 853 137 83 1 38 1 1 1 -1 1.366985 -1.000000
656 912 302 80 1 38 1 1 1 -1 1.469913 -1.000000
657 943 446 80 1 38 1 1 1 -1 1.709083 -1.000000
658 934 490 69 1 38 1 1 1 -1 1.910089 -1.000000
659 890 449 69 1 38 1 1 1 -1 2.193331 -1.000000
660 803 331 69 1 38 1 1 1 -1 2.388441 -1.000000
686 778 107 72 1 35 0 0 0 -1 -1.000000 -1.000000
687 796 226 72 1 35 0 0 0 -1 -1.000000 -1.000000
688 813 332 72 1 35 0 0 0 -1 -1.000000 -1.000000
689 803 427 77 1 35 0 0 0 -1 -1.000000 -1.000000
690 794 513 77 1 35 0 0 0 -1 -1.000000 -1.000000
691 830 580 77 1 35 0 0 0 -1 -1.000000 -1.000000
