0 1309 972 61 1 0 0 0 0 -1 -1.000000 -1.000000
0 1723 860 63 1 1 0 0 0 -1 -1.000000 -1.000000
0 752 780 194 0 -1 0 0 0 -1 -1.000000 -1.000000
0 1433 356 194 0 -1 0 0 0 -1 -1.000000 -1.000000
1 1272 972 61 1 0 0 0 0 -1 -1.000000 -1.000000
1 1698 861 63 1 1 0 0 0 -1 -1.000000 -1.000000
2 1235 970 61 1 0 0 0 0 -1 -1.000000 -1.000000
2 1669 867 63 1 1 0 0 0 -1 -1.000000 -1.000000
3 1222 994 61 1 0 0 0 0 -1 -1.000000 -1.000000
3 1673 889 63 1 1 0 0 0 -1 -1.000000 -1.000000
4 1216 1019 61 1 0 0 0 0 -1 -1.000000 -1.000000
4 1665 915 63 1 1 0 0 0 -1 -1.000000 -1.000000
5 1202 1037 61 1 0 0 0 0 -1 -1.000000 -1.000000
5 1654 938 63 1 1 0 0 0 -1 -1.000000 -1.000000
6 1193 1047 61 1 0 0 0 0 -1 -1.000000 -1.000000
6 1651 956 63 1 1 0 0 0 -1 -1.000000 -1.000000
7 1637 975 63 1 1 0 0 0 -1 -1.000000 -1.000000
7 1105 485 192 0 -1 0 0 0 -1 -1.000000 -1.000000
8 1622 985 63 1 1 0 0 0 -1 -1.000000 -1.000000
9 1612 990 63 1 1 0 0 0 -1 -1.000000 -1.000000
10 1612 988 63 1 1 0 0 0 -1 -1.000000 -1.000000
11 1134 1043 61 1 -1 0 0 0 -1 -1.000000 -1.000000
11 1611 978 63 1 1 0 0 0 -1 -1.000000 -1.000000
12 1608 984 63 1 1 0 0 0 -1 -1.000000 -1.000000
12 1475 494 194 0 -1 0 0 0 -1 -1.000000 -1.000000
13 1604 1003 63 1 1 0 0 0 -1 -1.000000 -1.000000
14 1593 1005 63 1 1 0 0 0 -1 -1.000000 -1.000000
15 1595 1004 63 1 1 0 0 0 -1 -1.000000 -1.000000
16 1615 1003 63 1 1 0 0 0 -1 -1.000000 -1.000000
17 1641 982 63 1 1 0 0 0 -1 -1.000000 -1.000000
18 1668 947 63 1 1 0 0 0 -1 -1.000000 -1.000000
19 1697 938 63 1 1 0 0 0 -1 -1.000000 -1.000000
20 1719 913 63 1 1 0 0 0 -1 -1.000000 -1.000000
24 1619 631 63 1 1 0 0 0 -1 -1.000000 -1.000000
24 498 751 199 0 -1 0 0 0 -1 -1.000000 -1.000000
25 1611 608 63 1 1 0 0 0 -1 -1.000000 -1.000000
25 1658 757 63 1 2 0 0 0 -1 -1.000000 -1.000000
26 1598 596 63 1 1 0 0 0 -1 -1.000000 -1.000000
26 1650 745 63 1 2 0 0 0 -1 -1.000000 -1.000000
26 635 611 455 0 44 0 0 0 -1 -1.000000 -1.000000
27 1600 568 63 1 1 0 0 0 -1 -1.000000 -1.000000
27 1642 720 63 1 2 0 0 0 -1 -1.000000 -1.000000
28 1584 525 63 1 1 0 0 0 -1 -1.000000 -1.000000
28 1647 697 63 1 2 0 0 0 -1 -1.000000 -1.000000
29 1653 667 63 1 2 0 0 0 -1 -1.000000 -1.000000
29 203 1036 51 1 4 0 0 0 -1 -1.000000 -1.000000
30 204 1015 51 1 4 0 0 0 -1 -1.000000 -1.000000
31 207 984 51 1 4 0 0 0 -1 -1.000000 -1.000000
31 734 746 194 0 -1 0 0 0 -1 -1.000000 -1.000000
32 196 947 51 1 4 0 0 0 -1 -1.000000 -1.000000
33 193 933 51 1 4 0 0 0 -1 -1.000000 -1.000000
33 574 782 199 0 -1 0 0 0 -1 -1.000000 -1.000000
33 1290 812 199 0 -1 0 0 0 -1 -1.000000 -1.000000
34 177 927 51 1 4 0 0 0 -1 -1.000000 -1.000000
35 163 892 51 1 4 0 0 0 -1 -1.000000 -1.000000
36 153 871 51 1 4 0 0 0 -1 -1.000000 -1.000000
37 137 833 51 1 4 0 0 0 -1 -1.000000 -1.000000
38 136 822 51 1 4 0 0 0 -1 -1.000000 -1.000000
39 136 809 51 1 4 0 0 0 -1 -1.000000 -1.000000
39 1633 171 151 0 -1 0 0 0 -1 -1.000000 -1.000000
40 136 805 51 1 4 0 0 0 -1 -1.000000 -1.000000
41 136 799 51 1 4 0 0 0 -1 -1.000000 -1.000000
42 1529 358 63 1 2 0 0 0 -1 -1.000000 -1.000000
42 127 799 51 1 4 0 0 0 -1 -1.000000 -1.000000
43 1502 340 63 1 2 0 0 0 -1 -1.000000 -1.000000
43 115 794 51 1 4 0 0 0 -1 -1.000000 -1.000000
44 1482 322 63 1 2 0 0 0 -1 -1.000000 -1.000000
44 100 795 51 1 4 0 0 0 -1 -1.000000 -1.000000
45 1482 327 63 1 2 0 0 0 -1 -1.000000 -1.000000
45 90 797 51 1 4 0 0 0 -1 -1.000000 -1.000000
46 1457 304 63 1 2 0 0 0 -1 -1.000000 -1.000000
46 82 794 51 1 4 0 0 0 -1 -1.000000 -1.000000
47 1440 282 63 1 2 0 0 0 -1 -1.000000 -1.000000
47 76 785 51 1 4 0 0 0 -1 -1.000000 -1.000000
48 1426 261 63 1 2 0 0 0 -1 -1.000000 -1.000000
48 74 781 51 1 4 0 0 0 -1 -1.000000 -1.000000
49 1416 237 63 1 2 0 0 0 -1 -1.000000 -1.000000
49 65 768 51 1 4 0 0 0 -1 -1.000000 -1.000000
50 1411 224 63 1 2 0 0 0 -1 -1.000000 -1.000000
50 60 757 51 1 4 0 0 0 -1 -1.000000 -1.000000
50 752 820 194 0 -1 0 0 0 -1 -1.000000 -1.000000
51 1415 208 63 1 2 0 0 0 -1 -1.000000 -1.000000
51 66 747 51 1 4 0 0 0 -1 -1.000000 -1.000000
51 1497 881 151 0 -1 0 0 0 -1 -1.000000 -1.000000
52 1409 196 63 1 2 0 0 0 -1 -1.000000 -1.000000
52 1473 529 63 1 3 0 0 0 -1 -1.000000 -1.000000
52 70 737 51 1 4 0 0 0 -1 -1.000000 -1.000000
53 1405 185 63 1 2 0 0 0 -1 -1.000000 -1.000000
53 1467 538 63 1 3 0 0 0 -1 -1.000000 -1.000000
53 71 735 51 1 4 0 0 0 -1 -1.000000 -1.000000
54 1405 184 63 1 2 0 0 0 -1 -1.000000 -1.000000
54 1451 551 63 1 3 0 0 0 -1 -1.000000 -1.000000
54 68 754 51 1 4 0 0 0 -1 -1.000000 -1.000000
55 1354 202 63 1 2 0 0 0 -1 -1.000000 -1.000000
55 1443 564 63 1 3 0 0 0 -1 -1.000000 -1.000000
55 65 766 51 1 4 0 0 0 -1 -1.000000 -1.000000
56 1450 572 63 1 3 0 0 0 -1 -1.000000 -1.000000
56 65 773 51 1 4 0 0 0 -1 -1.000000 -1.000000
57 1445 572 63 1 3 0 0 0 -1 -1.000000 -1.000000
57 68 783 51 1 4 0 0 0 -1 -1.000000 -1.000000
58 1451 586 63 1 3 0 0 0 -1 -1.000000 -1.000000
58 73 785 51 1 4 0 0 0 -1 -1.000000 -1.000000
59 1451 586 63 1 3 0 0 0 -1 -1.000000 -1.000000
59 80 789 51 1 4 0 0 0 -1 -1.000000 -1.000000
59 1552 729 43 1 -1 0 0 0 -1 -1.000000 -1.000000
60 1448 577 63 1 3 0 0 0 -1 -1.000000 -1.000000
60 85 785 51 1 4 0 0 0 -1 -1.000000 -1.000000
60 1538 743 43 1 -1 0 0 0 -1 -1.000000 -1.000000
61 1451 569 63 1 3 0 0 0 -1 -1.000000 -1.000000
61 90 778 51 1 4 0 0 0 -1 -1.000000 -1.000000
61 1113 735 151 0 -1 0 0 0 -1 -1.000000 -1.000000
62 1458 576 63 1 3 0 0 0 -1 -1.000000 -1.000000
62 102 778 51 1 4 0 0 0 -1 -1.000000 -1.000000
63 1461 579 63 1 3 0 0 0 -1 -1.000000 -1.000000
63 106 785 51 1 4 0 0 0 -1 -1.000000 -1.000000
64 1463 582 63 1 3 0 0 0 -1 -1.000000 -1.000000
64 106 785 51 1 4 0 0 0 -1 -1.000000 -1.000000
65 1471 586 63 1 3 0 0 0 -1 -1.000000 -1.000000
65 106 785 51 1 4 0 0 0 -1 -1.000000 -1.000000
66 1467 594 63 1 3 0 0 0 -1 -1.000000 -1.000000
66 107 796 51 1 4 0 0 0 -1 -1.000000 -1.000000
67 1477 613 63 1 3 0 0 0 -1 -1.000000 -1.000000
67 112 804 51 1 4 0 0 0 -1 -1.000000 -1.000000
68 1462 624 63 1 3 0 0 0 -1 -1.000000 -1.000000
68 123 811 51 1 4 0 0 0 -1 -1.000000 -1.000000
69 1466 627 63 1 3 0 0 0 -1 -1.000000 -1.000000
69 128 811 51 1 4 0 0 0 -1 -1.000000 -1.000000
70 1460 636 63 1 3 0 0 0 -1 -1.000000 -1.000000
70 136 812 51 1 4 0 0 0 -1 -1.000000 -1.000000
71 1460 634 63 1 3 0 0 0 -1 -1.000000 -1.000000
71 139 809 51 1 4 0 0 0 -1 -1.000000 -1.000000
72 1452 642 63 1 3 0 0 0 -1 -1.000000 -1.000000
72 148 811 51 1 4 0 0 0 -1 -1.000000 -1.000000
73 1448 644 63 1 3 0 0 0 -1 -1.000000 -1.000000
73 155 815 51 1 4 0 0 0 -1 -1.000000 -1.000000
74 1428 650 63 1 3 0 0 0 -1 -1.000000 -1.000000
74 156 815 51 1 4 0 0 0 -1 -1.000000 -1.000000
75 1403 646 63 1 3 0 0 0 -1 -1.000000 -1.000000
75 156 815 51 1 4 0 0 0 -1 -1.000000 -1.000000
76 1403 646 63 1 3 0 0 0 -1 -1.000000 -1.000000
76 156 814 51 1 4 0 0 0 -1 -1.000000 -1.000000
77 1405 653 63 1 3 0 0 0 -1 -1.000000 -1.000000
77 156 814 51 1 4 0 0 0 -1 -1.000000 -1.000000
78 1406 653 63 1 3 0 0 0 -1 -1.000000 -1.000000
78 162 810 51 1 4 0 0 0 -1 -1.000000 -1.000000
79 1407 643 63 1 3 0 0 0 -1 -1.000000 -1.000000
79 163 806 51 1 4 0 0 0 -1 -1.000000 -1.000000
80 1404 643 63 1 3 0 0 0 -1 -1.000000 -1.000000
80 163 801 51 1 4 0 0 0 -1 -1.000000 -1.000000
81 1399 641 63 1 3 0 0 0 -1 -1.000000 -1.000000
81 155 797 51 1 4 0 0 0 -1 -1.000000 -1.000000
82 1394 641 63 1 3 0 0 0 -1 -1.000000 -1.000000
82 151 805 51 1 4 0 0 0 -1 -1.000000 -1.000000
83 1389 646 63 1 3 0 0 0 -1 -1.000000 -1.000000
83 150 817 51 1 4 0 0 0 -1 -1.000000 -1.000000
84 1385 654 63 1 3 0 0 0 -1 -1.000000 -1.000000
84 148 821 51 1 4 0 0 0 -1 -1.000000 -1.000000
85 1376 659 63 1 3 0 0 0 -1 -1.000000 -1.000000
85 148 821 51 1 4 0 0 0 -1 -1.000000 -1.000000
86 1384 654 63 1 3 0 0 0 -1 -1.000000 -1.000000
86 155 820 51 1 4 0 0 0 -1 -1.000000 -1.000000
87 1391 645 63 1 3 0 0 0 -1 -1.000000 -1.000000
87 167 820 51 1 4 0 0 0 -1 -1.000000 -1.000000
88 1392 650 63 1 3 0 0 0 -1 -1.000000 -1.000000
88 170 823 51 1 4 0 0 0 -1 -1.000000 -1.000000
89 1392 650 58 1 3 0 0 0 -1 -1.000000 -1.000000
89 173 823 51 1 4 0 0 0 -1 -1.000000 -1.000000
90 1385 643 58 1 3 0 0 0 -1 -1.000000 -1.000000
90 173 823 51 1 4 0 0 0 -1 -1.000000 -1.000000
91 1387 639 58 1 3 0 0 0 -1 -1.000000 -1.000000
91 173 823 51 1 4 0 0 0 -1 -1.000000 -1.000000
92 1386 643 58 1 3 0 0 0 -1 -1.000000 -1.000000
92 171 830 51 1 4 0 0 0 -1 -1.000000 -1.000000
93 1389 646 58 1 3 0 0 0 -1 -1.000000 -1.000000
93 172 829 51 1 4 0 0 0 -1 -1.000000 -1.000000
93 1400 172 194 0 -1 0 0 0 -1 -1.000000 -1.000000
93 188 54 48 1 5 0 0 0 -1 -1.000000 -1.000000
94 1390 638 58 1 3 0 0 0 -1 -1.000000 -1.000000
94 178 830 51 1 4 0 0 0 -1 -1.000000 -1.000000
94 150 121 48 1 5 0 0 0 -1 -1.000000 -1.000000
95 1394 639 56 1 3 0 0 0 -1 -1.000000 -1.000000
95 179 840 51 1 4 0 0 0 -1 -1.000000 -1.000000
95 147 202 48 1 5 0 0 0 -1 -1.000000 -1.000000
96 1398 633 56 1 3 0 0 0 -1 -1.000000 -1.000000
96 182 841 51 1 4 0 0 0 -1 -1.000000 -1.000000
96 159 273 48 1 5 0 0 0 -1 -1.000000 -1.000000
97 1398 633 56 1 3 0 0 0 -1 -1.000000 -1.000000
97 187 841 51 1 4 0 0 0 -1 -1.000000 -1.000000
97 179 345 50 1 5 0 0 0 -1 -1.000000 -1.000000
98 1399 631 56 1 3 0 0 0 -1 -1.000000 -1.000000
98 196 836 51 1 4 0 0 0 -1 -1.000000 -1.000000
98 226 400 78 1 5 0 0 0 -1 -1.000000 -1.000000
99 1399 631 56 1 3 0 0 0 -1 -1.000000 -1.000000
99 311 455 80 1 5 0 0 0 -1 -1.000000 -1.000000
100 1401 629 56 1 3 0 0 0 -1 -1.000000 -1.000000
100 188 842 51 1 4 0 0 0 -1 -1.000000 -1.000000
100 419 496 80 1 5 0 0 0 -1 -1.000000 -1.000000
101 1396 626 56 1 3 0 0 0 -1 -1.000000 -1.000000
101 564 545 80 1 5 0 0 0 -1 -1.000000 -1.000000
102 1395 626 56 1 3 0 0 0 -1 -1.000000 -1.000000
102 186 841 51 1 4 0 0 0 -1 -1.000000 -1.000000
102 692 569 80 1 5 0 0 0 -1 -1.000000 -1.000000
103 1391 630 56 1 3 0 0 0 -1 -1.000000 -1.000000
103 785 569 80 1 5 0 0 0 -1 -1.000000 -1.000000
104 1368 630 56 1 3 0 0 0 -1 -1.000000 -1.000000
104 186 841 51 1 4 0 0 0 -1 -1.000000 -1.000000
104 884 549 80 1 5 0 0 0 -1 -1.000000 -1.000000
105 1367 631 56 1 3 0 0 0 -1 -1.000000 -1.000000
105 959 544 80 1 5 0 0 0 -1 -1.000000 -1.000000
106 1360 636 56 1 3 0 0 0 -1 -1.000000 -1.000000
106 1030 542 80 1 5 0 0 0 -1 -1.000000 -1.000000
107 1350 636 56 1 3 0 0 0 -1 -1.000000 -1.000000
107 179 848 51 1 4 0 0 0 -1 -1.000000 -1.000000
107 1104 557 74 1 5 0 0 0 -1 -1.000000 -1.000000
108 1336 637 56 1 3 0 0 0 -1 -1.000000 -1.000000
108 1177 563 71 1 5 0 0 0 -1 -1.000000 -1.000000
109 1324 639 56 1 3 0 0 0 -1 -1.000000 -1.000000
109 1236 586 67 1 5 0 0 0 -1 -1.000000 -1.000000
110 1310 645 56 1 3 0 0 0 -1 -1.000000 -1.000000
110 180 841 51 1 4 0 0 0 -1 -1.000000 -1.000000
111 1307 612 62 1 5 0 0 0 -1 -1.000000 -1.000000
112 174 842 51 1 4 0 0 0 -1 -1.000000 -1.000000
112 1302 615 55 1 5 0 0 0 -1 -1.000000 -1.000000
113 1282 614 64 1 5 0 0 0 -1 -1.000000 -1.000000
114 1298 624 62 1 5 0 0 0 -1 -1.000000 -1.000000
115 1233 640 56 1 3 0 0 0 -1 -1.000000 -1.000000
115 145 840 51 1 4 0 0 0 -1 -1.000000 -1.000000
115 1312 643 62 1 5 0 0 0 -1 -1.000000 -1.000000
116 1220 642 56 1 3 0 0 0 -1 -1.000000 -1.000000
116 1332 685 62 1 5 0 0 0 -1 -1.000000 -1.000000
117 1204 639 56 1 3 0 0 0 -1 -1.000000 -1.000000
117 1355 726 65 1 5 0 0 0 -1 -1.000000 -1.000000
118 1188 636 56 1 3 0 0 0 -1 -1.000000 -1.000000
118 1387 752 65 1 5 0 0 0 -1 -1.000000 -1.000000
119 1176 633 56 1 3 0 0 0 -1 -1.000000 -1.000000
119 108 843 51 1 4 0 0 0 -1 -1.000000 -1.000000
119 1417 754 65 1 5 0 0 0 -1 -1.000000 -1.000000
120 1175 625 56 1 3 0 0 0 -1 -1.000000 -1.000000
120 1440 740 65 1 5 0 0 0 -1 -1.000000 -1.000000
121 1171 619 56 1 3 0 0 0 -1 -1.000000 -1.000000
121 1437 731 65 1 5 0 0 0 -1 -1.000000 -1.000000
122 1167 606 56 1 3 0 0 0 -1 -1.000000 -1.000000
122 104 831 51 1 4 0 0 0 -1 -1.000000 -1.000000
122 1443 728 65 1 5 0 0 0 -1 -1.000000 -1.000000
123 1161 594 56 1 3 0 0 0 -1 -1.000000 -1.000000
123 1457 711 65 1 5 0 0 0 -1 -1.000000 -1.000000
124 1167 595 56 1 3 0 0 0 -1 -1.000000 -1.000000
124 1467 705 65 1 5 0 0 0 -1 -1.000000 -1.000000
125 1166 589 56 1 3 0 0 0 -1 -1.000000 -1.000000
125 1467 701 65 1 5 0 0 0 -1 -1.000000 -1.000000
126 1172 574 56 1 3 0 0 0 -1 -1.000000 -1.000000
126 96 802 51 1 4 0 0 0 -1 -1.000000 -1.000000
126 1473 681 65 1 5 0 0 0 -1 -1.000000 -1.000000
127 1178 560 56 1 3 0 0 0 -1 -1.000000 -1.000000
128 1195 551 56 1 3 0 0 0 -1 -1.000000 -1.000000
129 1195 534 56 1 3 0 0 0 -1 -1.000000 -1.000000
129 99 769 51 1 4 0 0 0 -1 -1.000000 -1.000000
130 1195 510 56 1 3 0 0 0 -1 -1.000000 -1.000000
131 1188 492 56 1 3 0 0 0 -1 -1.000000 -1.000000
132 1168 419 56 1 3 0 0 0 -1 -1.000000 -1.000000
132 100 724 51 1 4 0 0 0 -1 -1.000000 -1.000000
133 90 713 51 1 4 0 0 0 -1 -1.000000 -1.000000
134 1069 270 56 1 3 0 0 0 -1 -1.000000 -1.000000
135 82 685 51 1 4 0 0 0 -1 -1.000000 -1.000000
136 205 164 82 1 6 0 0 0 -1 -1.000000 -1.000000
136 78 84 57 1 -1 0 0 0 -1 -1.000000 -1.000000
137 970 21 56 1 3 0 0 0 -1 -1.000000 -1.000000
137 321 178 74 1 6 0 0 0 -1 -1.000000 -1.000000
137 184 62 57 1 -1 0 0 0 -1 -1.000000 -1.000000
138 119 658 51 1 4 0 0 0 -1 -1.000000 -1.000000
138 378 179 74 1 6 0 0 0 -1 -1.000000 -1.000000
138 284 50 57 1 -1 0 0 0 -1 -1.000000 -1.000000
139 407 130 65 1 6 0 0 0 -1 -1.000000 -1.000000
140 421 33 65 1 6 0 0 0 -1 -1.000000 -1.000000
141 134 596 51 1 4 0 0 0 -1 -1.000000 -1.000000
144 589 52 61 1 6 0 0 0 -1 -1.000000 -1.000000
145 619 74 57 1 6 0 0 0 -1 -1.000000 -1.000000
146 615 66 57 1 6 0 0 0 -1 -1.000000 -1.000000
147 593 34 56 1 6 0 0 0 -1 -1.000000 -1.000000
154 474 208 57 1 7 0 0 0 -1 -1.000000 -1.000000
155 468 242 50 1 7 0 0 0 -1 -1.000000 -1.000000
155 393 43 42 1 9 0 0 0 -1 -1.000000 -1.000000
156 441 225 59 1 7 0 0 0 -1 -1.000000 -1.000000
156 388 65 42 1 9 0 0 0 -1 -1.000000 -1.000000
157 418 215 59 1 7 0 0 0 -1 -1.000000 -1.000000
157 374 77 42 1 9 0 0 0 -1 -1.000000 -1.000000
158 364 227 61 1 7 0 0 0 -1 -1.000000 -1.000000
158 334 75 42 1 9 0 0 0 -1 -1.000000 -1.000000
159 323 265 61 1 7 0 0 0 -1 -1.000000 -1.000000
159 296 59 44 1 9 0 0 0 -1 -1.000000 -1.000000
160 292 337 61 1 7 0 0 0 -1 -1.000000 -1.000000
160 286 53 54 1 9 0 0 0 -1 -1.000000 -1.000000
161 295 438 61 1 7 0 0 0 -1 -1.000000 -1.000000
161 286 36 61 1 9 0 0 0 -1 -1.000000 -1.000000
162 325 500 68 1 7 0 0 0 -1 -1.000000 -1.000000
162 322 21 61 1 9 0 0 0 -1 -1.000000 -1.000000
163 379 517 75 1 7 0 0 0 -1 -1.000000 -1.000000
164 453 514 81 1 7 0 0 0 -1 -1.000000 -1.000000
165 538 513 81 1 7 0 0 0 -1 -1.000000 -1.000000
165 579 51 61 1 9 0 0 0 -1 -1.000000 -1.000000
166 600 481 76 1 7 0 0 0 -1 -1.000000 -1.000000
167 657 419 68 1 7 0 0 0 -1 -1.000000 -1.000000
167 776 109 61 1 9 0 0 0 -1 -1.000000 -1.000000
168 714 375 68 1 7 0 0 0 -1 -1.000000 -1.000000
168 852 158 61 1 9 0 0 0 -1 -1.000000 -1.000000
169 772 362 68 1 7 0 0 0 -1 -1.000000 -1.000000
169 923 201 61 1 9 0 0 0 -1 -1.000000 -1.000000
170 843 358 68 1 7 0 0 0 -1 -1.000000 -1.000000
170 968 254 61 1 9 0 0 0 -1 -1.000000 -1.000000
171 918 388 68 1 7 0 0 0 -1 -1.000000 -1.000000
171 977 287 56 1 9 0 0 0 -1 -1.000000 -1.000000
172 997 438 68 1 7 0 0 0 -1 -1.000000 -1.000000
172 961 329 56 1 9 0 0 0 -1 -1.000000 -1.000000
173 1048 486 66 1 7 0 0 0 -1 -1.000000 -1.000000
173 927 391 56 1 9 0 0 0 -1 -1.000000 -1.000000
173 265 244 59 1 10 0 0 0 -1 -1.000000 -1.000000
174 1057 539 66 1 7 0 0 0 -1 -1.000000 -1.000000
174 897 451 53 1 9 0 0 0 -1 -1.000000 -1.000000
174 263 302 67 1 10 0 0 0 -1 -1.000000 -1.000000
175 1076 605 62 1 7 0 0 0 -1 -1.000000 -1.000000
175 864 492 53 1 9 0 0 0 -1 -1.000000 -1.000000
175 291 357 64 1 10 0 0 0 -1 -1.000000 -1.000000
176 1070 659 62 1 7 0 0 0 -1 -1.000000 -1.000000
176 834 496 62 1 9 0 0 0 -1 -1.000000 -1.000000
176 347 393 64 1 10 0 0 0 -1 -1.000000 -1.000000
177 1079 655 62 1 7 0 0 0 -1 -1.000000 -1.000000
177 805 491 62 1 9 0 0 0 -1 -1.000000 -1.000000
177 388 407 64 1 10 0 0 0 -1 -1.000000 -1.000000
178 1089 611 62 1 7 0 0 0 -1 -1.000000 -1.000000
178 767 495 75 1 9 0 0 0 -1 -1.000000 -1.000000
178 380 398 64 1 10 0 0 0 -1 -1.000000 -1.000000
178 1472 762 125 0 -1 1 1 1 -1 -1.000000 -1.000000
178 1396 584 125 0 -1 1 1 1 -1 -1.000000 -1.000000
179 1086 566 62 1 7 0 0 0 -1 -1.000000 -1.000000
179 759 491 81 1 9 0 0 0 -1 -1.000000 -1.000000
179 347 381 69 1 10 0 0 0 -1 -1.000000 -1.000000
180 1092 515 62 1 7 0 0 0 -1 -1.000000 -1.000000
180 767 502 81 1 9 0 0 0 -1 -1.000000 -1.000000
180 331 344 76 1 10 0 0 0 -1 -1.000000 -1.000000
181 1116 471 62 1 7 0 0 0 -1 -1.000000 -1.000000
181 802 524 81 1 9 0 0 0 -1 -1.000000 -1.000000
181 341 284 76 1 10 0 0 0 -1 -1.000000 -1.000000
182 1132 423 62 1 7 0 0 0 -1 -1.000000 -1.000000
182 836 599 85 1 9 0 0 0 -1 -1.000000 -1.000000
182 389 222 76 1 10 0 0 0 -1 -1.000000 -1.000000
183 1131 367 62 1 7 0 0 0 -1 -1.000000 -1.000000
183 851 676 85 1 9 0 0 0 -1 -1.000000 -1.000000
183 452 190 62 1 10 0 0 0 -1 -1.000000 -1.000000
184 1107 335 62 1 7 0 0 0 -1 -1.000000 -1.000000
184 837 784 85 1 9 0 0 0 -1 -1.000000 -1.000000
184 550 157 62 1 10 0 0 0 -1 -1.000000 -1.000000
185 1072 364 62 1 7 0 0 0 -1 -1.000000 -1.000000
185 781 839 98 1 9 0 0 0 -1 -1.000000 -1.000000
185 646 118 59 1 10 0 0 0 -1 -1.000000 -1.000000
186 1035 416 62 1 7 0 0 0 -1 -1.000000 -1.000000
186 730 855 98 1 9 0 0 0 -1 -1.000000 -1.000000
186 731 92 59 1 10 0 0 0 -1 -1.000000 -1.000000
187 993 458 62 1 7 0 0 0 -1 -1.000000 -1.000000
187 716 843 99 1 9 0 0 0 -1 -1.000000 -1.000000
187 810 78 59 1 10 0 0 0 -1 -1.000000 -1.000000
187 1358 343 59 1 13 0 0 0 -1 -1.000000 -1.000000
188 717 875 99 1 9 0 0 0 -1 -1.000000 -1.000000
188 882 84 59 1 10 0 0 0 -1 -1.000000 -1.000000
188 1355 335 59 1 13 0 0 0 -1 -1.000000 -1.000000
189 726 934 99 1 9 0 0 0 -1 -1.000000 -1.000000
189 918 102 59 1 10 0 0 0 -1 -1.000000 -1.000000
189 402 83 49 1 11 0 0 0 -1 -1.000000 -1.000000
189 1354 325 59 1 13 0 0 0 -1 -1.000000 -1.000000
190 737 953 101 1 9 0 0 0 -1 -1.000000 -1.000000
190 945 127 59 1 10 0 0 0 -1 -1.000000 -1.000000
190 1365 306 59 1 13 0 0 0 -1 -1.000000 -1.000000
191 730 958 96 1 9 0 0 0 -1 -1.000000 -1.000000
191 968 168 59 1 10 0 0 0 -1 -1.000000 -1.000000
191 476 201 49 1 11 0 0 0 -1 -1.000000 -1.000000
191 1377 293 59 1 13 0 0 0 -1 -1.000000 -1.000000
192 691 598 62 1 7 0 0 0 -1 -1.000000 -1.000000
192 707 940 87 1 9 0 0 0 -1 -1.000000 -1.000000
192 994 201 59 1 10 0 0 0 -1 -1.000000 -1.000000
192 517 219 49 1 11 0 0 0 -1 -1.000000 -1.000000
192 1384 280 59 1 13 0 0 0 -1 -1.000000 -1.000000
193 656 645 62 1 7 0 0 0 -1 -1.000000 -1.000000
193 685 871 82 1 9 0 0 0 -1 -1.000000 -1.000000
193 1020 237 57 1 10 0 0 0 -1 -1.000000 -1.000000
193 540 223 51 1 11 0 0 0 -1 -1.000000 -1.000000
193 1378 270 59 1 13 0 0 0 -1 -1.000000 -1.000000
194 646 682 74 1 7 0 0 0 -1 -1.000000 -1.000000
194 689 796 82 1 9 0 0 0 -1 -1.000000 -1.000000
194 1042 277 57 1 10 0 0 0 -1 -1.000000 -1.000000
194 542 237 56 1 11 0 0 0 -1 -1.000000 -1.000000
194 1365 252 59 1 13 0 0 0 -1 -1.000000 -1.000000
195 652 695 74 1 7 0 0 0 -1 -1.000000 -1.000000
195 730 734 82 1 9 0 0 0 -1 -1.000000 -1.000000
195 1060 317 57 1 10 0 0 0 -1 -1.000000 -1.000000
195 545 224 56 1 11 0 0 0 -1 -1.000000 -1.000000
196 673 689 74 1 7 0 0 0 -1 -1.000000 -1.000000
196 773 718 76 1 9 0 0 0 -1 -1.000000 -1.000000
196 1078 354 57 1 10 0 0 0 -1 -1.000000 -1.000000
196 595 205 56 1 11 0 0 0 -1 -1.000000 -1.000000
197 694 710 74 1 7 0 0 0 -1 -1.000000 -1.000000
197 820 753 76 1 9 0 0 0 -1 -1.000000 -1.000000
197 1075 380 57 1 10 0 0 0 -1 -1.000000 -1.000000
197 676 205 56 1 11 0 0 0 -1 -1.000000 -1.000000
198 697 745 68 1 7 0 0 0 -1 -1.000000 -1.000000
198 896 801 76 1 9 0 0 0 -1 -1.000000 -1.000000
198 1062 440 64 1 10 0 0 0 -1 -1.000000 -1.000000
198 713 205 56 1 11 0 0 0 -1 -1.000000 -1.000000
199 732 763 68 1 7 0 0 0 -1 -1.000000 -1.000000
199 963 810 76 1 9 0 0 0 -1 -1.000000 -1.000000
199 1062 476 64 1 10 0 0 0 -1 -1.000000 -1.000000
199 703 189 56 1 11 0 0 0 -1 -1.000000 -1.000000
200 775 795 68 1 7 0 0 0 -1 -1.000000 -1.000000
200 996 781 76 1 9 0 0 0 -1 -1.000000 -1.000000
200 1065 486 64 1 10 0 0 0 -1 -1.000000 -1.000000
200 655 198 56 1 11 0 0 0 -1 -1.000000 -1.000000
201 827 782 68 1 7 0 0 0 -1 -1.000000 -1.000000
201 1038 759 76 1 9 0 0 0 -1 -1.000000 -1.000000
201 1070 486 64 1 10 0 0 0 -1 -1.000000 -1.000000
201 620 239 56 1 11 0 0 0 -1 -1.000000 -1.000000
202 871 748 63 1 7 0 0 0 -1 -1.000000 -1.000000
202 1105 776 76 1 9 0 0 0 -1 -1.000000 -1.000000
202 1094 492 64 1 10 0 0 0 -1 -1.000000 -1.000000
202 622 283 60 1 11 0 0 0 -1 -1.000000 -1.000000
203 877 715 66 1 7 0 0 0 -1 -1.000000 -1.000000
203 1151 777 76 1 9 0 0 0 -1 -1.000000 -1.000000
203 1128 517 64 1 10 0 0 0 -1 -1.000000 -1.000000
203 638 290 56 1 11 0 0 0 -1 -1.000000 -1.000000
204 865 713 66 1 7 0 0 0 -1 -1.000000 -1.000000
204 1145 741 76 1 9 0 0 0 -1 -1.000000 -1.000000
204 1168 538 67 1 10 0 0 0 -1 -1.000000 -1.000000
204 656 272 56 1 11 0 0 0 -1 -1.000000 -1.000000
205 864 719 66 1 7 0 0 0 -1 -1.000000 -1.000000
205 1103 685 76 1 9 0 0 0 -1 -1.000000 -1.000000
205 1186 537 67 1 10 0 0 0 -1 -1.000000 -1.000000
205 674 273 61 1 11 0 0 0 -1 -1.000000 -1.000000
206 863 703 66 1 7 0 0 0 -1 -1.000000 -1.000000
206 1056 595 76 1 9 0 0 0 -1 -1.000000 -1.000000
206 1195 522 67 1 10 0 0 0 -1 -1.000000 -1.000000
206 682 282 61 1 11 0 0 0 -1 -1.000000 -1.000000
207 848 686 73 1 7 0 0 0 -1 -1.000000 -1.000000
207 1026 476 64 1 9 0 0 0 -1 -1.000000 -1.000000
207 1203 525 67 1 10 0 0 0 -1 -1.000000 -1.000000
207 705 324 61 1 11 0 0 0 -1 -1.000000 -1.000000
208 832 680 81 1 7 0 0 0 -1 -1.000000 -1.000000
208 1009 351 61 1 9 0 0 0 -1 -1.000000 -1.000000
208 1217 532 67 1 10 0 0 0 -1 -1.000000 -1.000000
208 728 371 61 1 11 0 0 0 -1 -1.000000 -1.000000
209 846 672 81 1 7 0 0 0 -1 -1.000000 -1.000000
209 1019 239 61 1 9 0 0 0 -1 -1.000000 -1.000000
209 1253 514 67 1 10 0 0 0 -1 -1.000000 -1.000000
209 758 386 61 1 11 0 0 0 -1 -1.000000 -1.000000
210 883 680 81 1 7 0 0 0 -1 -1.000000 -1.000000
210 1031 134 61 1 9 0 0 0 -1 -1.000000 -1.000000
210 1287 490 67 1 10 0 0 0 -1 -1.000000 -1.000000
210 784 341 61 1 11 0 0 0 -1 -1.000000 -1.000000
211 913 717 81 1 7 0 0 0 -1 -1.000000 -1.000000
211 1029 27 61 1 9 0 0 0 -1 -1.000000 -1.000000
211 1306 493 67 1 10 0 0 0 -1 -1.000000 -1.000000
211 823 310 61 1 11 0 0 0 -1 -1.000000 -1.000000
212 961 705 81 1 7 0 0 0 -1 -1.000000 -1.000000
212 1340 515 67 1 10 0 0 0 -1 -1.000000 -1.000000
212 880 285 61 1 11 0 0 0 -1 -1.000000 -1.000000
213 1019 698 81 1 7 0 0 0 -1 -1.000000 -1.000000
213 1371 558 67 1 10 0 0 0 -1 -1.000000 -1.000000
213 955 263 56 1 11 0 0 0 -1 -1.000000 -1.000000
214 1075 688 74 1 7 0 0 0 -1 -1.000000 -1.000000
214 1364 553 67 1 10 0 0 0 -1 -1.000000 -1.000000
214 1014 268 56 1 11 0 0 0 -1 -1.000000 -1.000000
215 1103 685 68 1 7 0 0 0 -1 -1.000000 -1.000000
215 1374 558 63 1 10 0 0 0 -1 -1.000000 -1.000000
216 1119 673 68 1 7 0 0 0 -1 -1.000000 -1.000000
216 1386 549 63 1 10 0 0 0 -1 -1.000000 -1.000000
217 1123 670 68 1 7 0 0 0 -1 -1.000000 -1.000000
217 255 188 67 1 8 0 0 0 -1 -1.000000 -1.000000
217 1391 540 63 1 10 0 0 0 -1 -1.000000 -1.000000
217 932 149 59 1 12 0 0 0 -1 -1.000000 -1.000000
218 1126 641 62 1 7 0 0 0 -1 -1.000000 -1.000000
218 302 269 72 1 8 0 0 0 -1 -1.000000 -1.000000
218 1390 544 63 1 10 0 0 0 -1 -1.000000 -1.000000
218 1151 506 65 1 11 0 0 0 -1 -1.000000 -1.000000
218 924 231 59 1 12 0 0 0 -1 -1.000000 -1.000000
219 1126 586 56 1 7 0 0 0 -1 -1.000000 -1.000000
219 390 302 70 1 8 0 0 0 -1 -1.000000 -1.000000
219 1397 535 61 1 10 0 0 0 -1 -1.000000 -1.000000
219 917 289 59 1 12 0 0 0 -1 -1.000000 -1.000000
220 1116 519 56 1 7 0 0 0 -1 -1.000000 -1.000000
220 468 309 62 1 8 0 0 0 -1 -1.000000 -1.000000
220 919 358 59 1 12 0 0 0 -1 -1.000000 -1.000000
221 1117 460 56 1 7 0 0 0 -1 -1.000000 -1.000000
221 543 305 62 1 8 0 0 0 -1 -1.000000 -1.000000
221 1280 578 65 1 11 0 0 0 -1 -1.000000 -1.000000
221 931 380 59 1 12 0 0 0 -1 -1.000000 -1.000000
222 1144 435 56 1 7 0 0 0 -1 -1.000000 -1.000000
222 627 307 56 1 8 0 0 0 -1 -1.000000 -1.000000
222 1284 583 67 1 11 0 0 0 -1 -1.000000 -1.000000
222 952 376 59 1 12 0 0 0 -1 -1.000000 -1.000000
223 1179 414 59 1 7 0 0 0 -1 -1.000000 -1.000000
223 712 339 56 1 8 0 0 0 -1 -1.000000 -1.000000
223 1294 577 67 1 11 0 0 0 -1 -1.000000 -1.000000
223 964 352 59 1 12 0 0 0 -1 -1.000000 -1.000000
224 1219 424 64 1 7 0 0 0 -1 -1.000000 -1.000000
224 806 371 56 1 8 0 0 0 -1 -1.000000 -1.000000
224 1303 577 70 1 11 0 0 0 -1 -1.000000 -1.000000
224 944 362 59 1 12 0 0 0 -1 -1.000000 -1.000000
225 1239 441 64 1 7 0 0 0 -1 -1.000000 -1.000000
225 1318 571 70 1 11 0 0 0 -1 -1.000000 -1.000000
226 1254 445 64 1 7 0 0 0 -1 -1.000000 -1.000000
226 1331 569 70 1 11 0 0 0 -1 -1.000000 -1.000000
227 1269 458 67 1 7 0 0 0 -1 -1.000000 -1.000000
227 951 399 65 1 8 0 0 0 -1 -1.000000 -1.000000
227 1350 571 70 1 11 0 0 0 -1 -1.000000 -1.000000
227 866 434 62 1 12 0 0 0 -1 -1.000000 -1.000000
228 1266 502 62 1 7 0 0 0 -1 -1.000000 -1.000000
228 993 404 65 1 8 0 0 0 -1 -1.000000 -1.000000
228 1363 572 70 1 11 0 0 0 -1 -1.000000 -1.000000
228 862 483 62 1 12 0 0 0 -1 -1.000000 -1.000000
229 1261 533 62 1 7 0 0 0 -1 -1.000000 -1.000000
229 1065 403 56 1 8 0 0 0 -1 -1.000000 -1.000000
229 1374 571 70 1 11 0 0 0 -1 -1.000000 -1.000000
229 881 518 71 1 12 0 0 0 -1 -1.000000 -1.000000
230 1263 568 62 1 7 0 0 0 -1 -1.000000 -1.000000
230 1135 402 56 1 8 0 0 0 -1 -1.000000 -1.000000
230 1377 571 65 1 11 0 0 0 -1 -1.000000 -1.000000
230 918 568 71 1 12 0 0 0 -1 -1.000000 -1.000000
231 1268 581 65 1 7 0 0 0 -1 -1.000000 -1.000000
231 1191 415 56 1 8 0 0 0 -1 -1.000000 -1.000000
231 1383 570 60 1 11 0 0 0 -1 -1.000000 -1.000000
231 956 618 71 1 12 0 0 0 -1 -1.000000 -1.000000
232 1288 580 65 1 7 0 0 0 -1 -1.000000 -1.000000
232 1249 416 61 1 8 0 0 0 -1 -1.000000 -1.000000
232 1404 567 60 1 11 0 0 0 -1 -1.000000 -1.000000
232 987 640 74 1 12 0 0 0 -1 -1.000000 -1.000000
233 1306 583 65 1 7 0 0 0 -1 -1.000000 -1.000000
233 1296 432 61 1 8 0 0 0 -1 -1.000000 -1.000000
233 1012 623 74 1 12 0 0 0 -1 -1.000000 -1.000000
233 252 840 81 1 14 0 0 0 -1 -1.000000 -1.000000
234 1323 593 68 1 7 0 0 0 -1 -1.000000 -1.000000
234 1309 431 61 1 8 0 0 0 -1 -1.000000 -1.000000
234 1039 615 78 1 12 0 0 0 -1 -1.000000 -1.000000
234 287 893 81 1 14 0 0 0 -1 -1.000000 -1.000000
235 1325 588 68 1 7 0 0 0 -1 -1.000000 -1.000000
235 1320 427 61 1 8 0 0 0 -1 -1.000000 -1.000000
235 1056 645 75 1 12 0 0 0 -1 -1.000000 -1.000000
235 315 913 81 1 14 0 0 0 -1 -1.000000 -1.000000
235 325 131 62 1 15 0 0 0 -1 -1.000000 -1.000000
236 1349 592 68 1 7 0 0 0 -1 -1.000000 -1.000000
236 1326 421 61 1 8 0 0 0 -1 -1.000000 -1.000000
236 1082 695 75 1 12 0 0 0 -1 -1.000000 -1.000000
236 356 902 81 1 14 0 0 0 -1 -1.000000 -1.000000
236 408 99 62 1 15 0 0 0 -1 -1.000000 -1.000000
237 1353 582 68 1 7 0 0 0 -1 -1.000000 -1.000000
237 1336 417 61 1 8 0 0 0 -1 -1.000000 -1.000000
237 1090 752 79 1 12 0 0 0 -1 -1.000000 -1.000000
237 403 882 87 1 14 0 0 0 -1 -1.000000 -1.000000
237 467 84 62 1 15 0 0 0 -1 -1.000000 -1.000000
238 1383 581 68 1 7 0 0 0 -1 -1.000000 -1.000000
238 1343 413 61 1 8 0 0 0 -1 -1.000000 -1.000000
238 1105 788 82 1 12 0 0 0 -1 -1.000000 -1.000000
238 461 838 87 1 14 0 0 0 -1 -1.000000 -1.000000
238 532 75 60 1 15 0 0 0 -1 -1.000000 -1.000000
239 1385 581 68 1 7 0 0 0 -1 -1.000000 -1.000000
239 1353 412 61 1 8 0 0 0 -1 -1.000000 -1.000000
239 1118 798 82 1 12 0 0 0 -1 -1.000000 -1.000000
239 505 818 83 1 14 0 0 0 -1 -1.000000 -1.000000
239 590 95 60 1 15 0 0 0 -1 -1.000000 -1.000000
240 1149 806 90 1 12 0 0 0 -1 -1.000000 -1.000000
240 1400 586 69 1 7 0 0 0 -1 -1.000000 -1.000000
240 1358 409 63 1 8 0 0 0 -1 -1.000000 -1.000000
240 531 820 83 1 14 0 0 0 -1 -1.000000 -1.000000
240 650 145 60 1 15 0 0 0 -1 -1.000000 -1.000000
241 1197 831 84 1 12 0 0 0 -1 -1.000000 -1.000000
241 1405 578 69 1 7 0 0 0 -1 -1.000000 -1.000000
241 1350 413 63 1 8 0 0 0 -1 -1.000000 -1.000000
241 560 859 83 1 14 0 0 0 -1 -1.000000 -1.000000
241 676 220 60 1 15 0 0 0 -1 -1.000000 -1.000000
242 1224 899 73 1 12 0 0 0 -1 -1.000000 -1.000000
242 1416 578 69 1 7 0 0 0 -1 -1.000000 -1.000000
242 1358 417 63 1 8 0 0 0 -1 -1.000000 -1.000000
242 585 964 90 1 14 0 0 0 -1 -1.000000 -1.000000
242 693 258 60 1 15 0 0 0 -1 -1.000000 -1.000000
243 1240 968 73 1 12 0 0 0 -1 -1.000000 -1.000000
243 1424 582 69 1 7 0 0 0 -1 -1.000000 -1.000000
243 1367 418 63 1 8 0 0 0 -1 -1.000000 -1.000000
243 724 325 60 1 15 0 0 0 -1 -1.000000 -1.000000
244 1255 986 87 1 12 0 0 0 -1 -1.000000 -1.000000
244 1441 581 69 1 7 0 0 0 -1 -1.000000 -1.000000
244 1372 412 63 1 8 0 0 0 -1 -1.000000 -1.000000
244 751 389 58 1 15 0 0 0 -1 -1.000000 -1.000000
244 1397 300 63 1 16 0 0 0 -1 -1.000000 -1.000000
245 1296 958 87 1 12 0 0 0 -1 -1.000000 -1.000000
245 1451 580 69 1 7 0 0 0 -1 -1.000000 -1.000000
245 1376 404 63 1 8 0 0 0 -1 -1.000000 -1.000000
245 781 424 58 1 15 0 0 0 -1 -1.000000 -1.000000
245 1392 288 63 1 16 0 0 0 -1 -1.000000 -1.000000
246 1322 931 79 1 12 0 0 0 -1 -1.000000 -1.000000
246 1454 589 69 1 7 0 0 0 -1 -1.000000 -1.000000
246 1386 407 63 1 8 0 0 0 -1 -1.000000 -1.000000
246 823 421 58 1 15 0 0 0 -1 -1.000000 -1.000000
246 1383 271 63 1 16 0 0 0 -1 -1.000000 -1.000000
247 1304 938 79 1 12 0 0 0 -1 -1.000000 -1.000000
247 1384 403 61 1 8 0 0 0 -1 -1.000000 -1.000000
247 869 424 58 1 15 0 0 0 -1 -1.000000 -1.000000
247 1377 268 63 1 16 0 0 0 -1 -1.000000 -1.000000
248 1261 960 86 1 12 0 0 0 -1 -1.000000 -1.000000
248 1391 417 61 1 8 0 0 0 -1 -1.000000 -1.000000
248 919 452 58 1 15 0 0 0 -1 -1.000000 -1.000000
248 1376 254 64 1 16 0 0 0 -1 -1.000000 -1.000000
248 936 1027 77 1 17 0 0 0 -1 -1.000000 -1.000000
249 1269 963 86 1 12 0 0 0 -1 -1.000000 -1.000000
249 1393 424 61 1 8 0 0 0 -1 -1.000000 -1.000000
249 966 474 58 1 15 0 0 0 -1 -1.000000 -1.000000
249 1372 245 64 1 16 0 0 0 -1 -1.000000 -1.000000
249 917 923 77 1 17 0 0 0 -1 -1.000000 -1.000000
250 1330 955 86 1 12 0 0 0 -1 -1.000000 -1.000000
250 1399 422 61 1 8 0 0 0 -1 -1.000000 -1.000000
250 1011 485 58 1 15 0 0 0 -1 -1.000000 -1.000000
250 1374 235 64 1 16 0 0 0 -1 -1.000000 -1.000000
250 890 801 77 1 17 0 0 0 -1 -1.000000 -1.000000
251 1365 947 80 1 12 0 0 0 -1 -1.000000 -1.000000
251 1403 425 61 1 8 0 0 0 -1 -1.000000 -1.000000
251 1029 487 58 1 15 0 0 0 -1 -1.000000 -1.000000
251 1371 242 64 1 16 0 0 0 -1 -1.000000 -1.000000
251 887 693 77 1 17 0 0 0 -1 -1.000000 -1.000000
252 1407 439 61 1 8 0 0 0 -1 -1.000000 -1.000000
252 1021 471 58 1 15 0 0 0 -1 -1.000000 -1.000000
252 1376 244 66 1 16 0 0 0 -1 -1.000000 -1.000000
252 925 604 77 1 17 0 0 0 -1 -1.000000 -1.000000
253 996 443 58 1 15 0 0 0 -1 -1.000000 -1.000000
253 1373 244 66 1 16 0 0 0 -1 -1.000000 -1.000000
253 966 518 77 1 17 0 0 0 -1 -1.000000 -1.000000
254 1372 240 66 1 16 0 0 0 -1 -1.000000 -1.000000
254 1005 431 77 1 17 0 0 0 -1 -1.000000 -1.000000
255 1374 243 66 1 16 0 0 0 -1 -1.000000 -1.000000
255 1025 371 77 1 17 0 0 0 -1 -1.000000 -1.000000
256 1109 402 58 1 15 0 0 0 -1 -1.000000 -1.000000
256 1372 246 68 1 16 0 0 0 -1 -1.000000 -1.000000
256 1024 338 77 1 17 0 0 0 -1 -1.000000 -1.000000
257 1169 404 58 1 15 0 0 0 -1 -1.000000 -1.000000
257 1366 241 68 1 16 0 0 0 -1 -1.000000 -1.000000
257 1003 329 72 1 17 0 0 0 -1 -1.000000 -1.000000
258 1240 425 58 1 15 0 0 0 -1 -1.000000 -1.000000
258 1371 241 68 1 16 0 0 0 -1 -1.000000 -1.000000
258 971 351 68 1 17 0 0 0 -1 -1.000000 -1.000000
259 1304 451 58 1 15 0 0 0 -1 -1.000000 -1.000000
259 1368 236 68 1 16 0 0 0 -1 -1.000000 -1.000000
259 935 399 68 1 17 0 0 0 -1 -1.000000 -1.000000
260 1339 450 58 1 15 0 0 0 -1 -1.000000 -1.000000
260 1365 235 68 1 16 0 0 0 -1 -1.000000 -1.000000
260 893 474 65 1 17 0 0 0 -1 -1.000000 -1.000000
261 1339 449 58 1 15 0 0 0 -1 -1.000000 -1.000000
261 1365 227 65 1 16 0 0 0 -1 -1.000000 -1.000000
261 875 572 65 1 17 0 0 0 -1 -1.000000 -1.000000
262 1344 441 63 1 15 0 0 0 -1 -1.000000 -1.000000
262 1364 224 69 1 16 0 0 0 -1 -1.000000 -1.000000
262 859 655 65 1 17 0 0 0 -1 -1.000000 -1.000000
262 539 20 68 1 18 0 0 0 -1 -1.000000 -1.000000
263 1360 453 63 1 15 0 0 0 -1 -1.000000 -1.000000
263 1358 228 69 1 16 0 0 0 -1 -1.000000 -1.000000
263 870 716 65 1 17 0 0 0 -1 -1.000000 -1.000000
263 531 27 68 1 18 0 0 0 -1 -1.000000 -1.000000
264 1357 226 69 1 16 0 0 0 -1 -1.000000 -1.000000
264 889 751 65 1 17 0 0 0 -1 -1.000000 -1.000000
264 498 86 68 1 18 0 0 0 -1 -1.000000 -1.000000
264 431 671 93 1 19 0 0 0 -1 -1.000000 -1.000000
264 1411 386 68 1 20 0 0 0 -1 -1.000000 -1.000000
265 1354 225 69 1 16 0 0 0 -1 -1.000000 -1.000000
265 892 773 53 1 17 0 0 0 -1 -1.000000 -1.000000
265 457 163 68 1 18 0 0 0 -1 -1.000000 -1.000000
265 558 631 93 1 19 0 0 0 -1 -1.000000 -1.000000
265 1405 368 68 1 20 0 0 0 -1 -1.000000 -1.000000
266 1351 225 65 1 16 0 0 0 -1 -1.000000 -1.000000
266 859 778 53 1 17 0 0 0 -1 -1.000000 -1.000000
266 444 258 71 1 18 0 0 0 -1 -1.000000 -1.000000
266 651 638 90 1 19 0 0 0 -1 -1.000000 -1.000000
266 1403 355 68 1 20 0 0 0 -1 -1.000000 -1.000000
267 1353 218 65 1 16 0 0 0 -1 -1.000000 -1.000000
267 851 754 55 1 17 0 0 0 -1 -1.000000 -1.000000
267 462 358 71 1 18 0 0 0 -1 -1.000000 -1.000000
267 726 683 84 1 19 0 0 0 -1 -1.000000 -1.000000
267 1409 335 68 1 20 0 0 0 -1 -1.000000 -1.000000
268 1350 218 65 1 16 0 0 0 -1 -1.000000 -1.000000
268 484 426 71 1 18 0 0 0 -1 -1.000000 -1.000000
268 801 720 77 1 19 0 0 0 -1 -1.000000 -1.000000
268 1418 531 72 1 15 0 0 0 -1 -1.000000 -1.000000
268 1405 320 68 1 20 0 0 0 -1 -1.000000 -1.000000
269 1349 211 65 1 16 0 0 0 -1 -1.000000 -1.000000
269 486 504 71 1 18 0 0 0 -1 -1.000000 -1.000000
269 853 724 77 1 19 0 0 0 -1 -1.000000 -1.000000
269 1416 520 70 1 15 0 0 0 -1 -1.000000 -1.000000
269 1402 310 68 1 20 0 0 0 -1 -1.000000 -1.000000
270 1344 206 65 1 16 0 0 0 -1 -1.000000 -1.000000
270 476 587 71 1 18 0 0 0 -1 -1.000000 -1.000000
270 898 705 84 1 19 0 0 0 -1 -1.000000 -1.000000
270 1407 512 55 1 15 0 0 0 -1 -1.000000 -1.000000
270 1395 296 68 1 20 0 0 0 -1 -1.000000 -1.000000
271 1345 195 65 1 16 0 0 0 -1 -1.000000 -1.000000
271 470 689 71 1 18 0 0 0 -1 -1.000000 -1.000000
271 941 742 77 1 19 0 0 0 -1 -1.000000 -1.000000
271 1387 530 55 1 15 0 0 0 -1 -1.000000 -1.000000
271 1397 288 70 1 20 0 0 0 -1 -1.000000 -1.000000
272 1345 185 65 1 16 0 0 0 -1 -1.000000 -1.000000
272 997 770 71 1 17 0 0 0 -1 -1.000000 -1.000000
272 492 747 71 1 18 0 0 0 -1 -1.000000 -1.000000
272 998 867 77 1 19 0 0 0 -1 -1.000000 -1.000000
272 1402 277 70 1 20 0 0 0 -1 -1.000000 -1.000000
273 1338 188 65 1 16 0 0 0 -1 -1.000000 -1.000000
273 555 766 81 1 18 0 0 0 -1 -1.000000 -1.000000
273 1388 280 70 1 20 0 0 0 -1 -1.000000 -1.000000
274 1335 179 65 1 16 0 0 0 -1 -1.000000 -1.000000
274 1122 949 71 1 17 0 0 0 -1 -1.000000 -1.000000
274 629 773 81 1 18 0 0 0 -1 -1.000000 -1.000000
274 1064 1029 77 1 19 0 0 0 -1 -1.000000 -1.000000
274 1083 517 55 1 15 0 0 0 -1 -1.000000 -1.000000
274 1390 285 70 1 20 0 0 0 -1 -1.000000 -1.000000
275 1338 173 65 1 16 0 0 0 -1 -1.000000 -1.000000
275 706 798 72 1 18 0 0 0 -1 -1.000000 -1.000000
275 1382 281 70 1 20 0 0 0 -1 -1.000000 -1.000000
276 1339 158 65 1 16 0 0 0 -1 -1.000000 -1.000000
276 1121 927 82 1 17 0 0 0 -1 -1.000000 -1.000000
276 746 806 72 1 18 0 0 0 -1 -1.000000 -1.000000
276 1008 870 77 1 19 0 0 0 -1 -1.000000 -1.000000
276 1383 271 68 1 20 0 0 0 -1 -1.000000 -1.000000
277 1341 149 65 1 16 0 0 0 -1 -1.000000 -1.000000
277 1118 925 82 1 17 0 0 0 -1 -1.000000 -1.000000
277 774 828 72 1 18 0 0 0 -1 -1.000000 -1.000000
277 977 780 83 1 19 0 0 0 -1 -1.000000 -1.000000
277 1383 268 68 1 20 0 0 0 -1 -1.000000 -1.000000
278 1341 142 67 1 16 0 0 0 -1 -1.000000 -1.000000
278 1120 929 82 1 17 0 0 0 -1 -1.000000 -1.000000
278 781 876 72 1 18 0 0 0 -1 -1.000000 -1.000000
278 992 720 83 1 19 0 0 0 -1 -1.000000 -1.000000
278 679 501 71 1 15 0 0 0 -1 -1.000000 -1.000000
278 1379 263 68 1 20 0 0 0 -1 -1.000000 -1.000000
279 1340 138 67 1 16 0 0 0 -1 -1.000000 -1.000000
279 1129 927 82 1 17 0 0 0 -1 -1.000000 -1.000000
279 816 911 76 1 18 0 0 0 -1 -1.000000 -1.000000
279 1039 682 83 1 19 0 0 0 -1 -1.000000 -1.000000
279 640 455 82 1 15 0 0 0 -1 -1.000000 -1.000000
279 1387 261 68 1 20 0 0 0 -1 -1.000000 -1.000000
280 1320 126 67 1 16 0 0 0 -1 -1.000000 -1.000000
280 1137 923 82 1 17 0 0 0 -1 -1.000000 -1.000000
280 852 908 79 1 18 0 0 0 -1 -1.000000 -1.000000
280 1100 683 83 1 19 0 0 0 -1 -1.000000 -1.000000
280 610 444 82 1 15 0 0 0 -1 -1.000000 -1.000000
280 1374 307 68 1 20 0 0 0 -1 -1.000000 -1.000000
281 1322 115 67 1 16 0 0 0 -1 -1.000000 -1.000000
281 1146 917 82 1 17 0 0 0 -1 -1.000000 -1.000000
281 903 887 79 1 18 0 0 0 -1 -1.000000 -1.000000
281 1152 684 83 1 19 0 0 0 -1 -1.000000 -1.000000
281 594 480 82 1 15 0 0 0 -1 -1.000000 -1.000000
281 1381 301 68 1 20 0 0 0 -1 -1.000000 -1.000000
281 75 459 74 1 21 0 0 0 -1 -1.000000 -1.000000
282 1307 95 67 1 16 0 0 0 -1 -1.000000 -1.000000
282 1161 913 82 1 17 0 0 0 -1 -1.000000 -1.000000
282 953 881 79 1 18 0 0 0 -1 -1.000000 -1.000000
282 1171 630 83 1 19 0 0 0 -1 -1.000000 -1.000000
282 608 524 87 1 15 0 0 0 -1 -1.000000 -1.000000
282 1382 303 70 1 20 0 0 0 -1 -1.000000 -1.000000
282 135 454 74 1 21 0 0 0 -1 -1.000000 -1.000000
283 1180 907 82 1 17 0 0 0 -1 -1.000000 -1.000000
283 1009 930 79 1 18 0 0 0 -1 -1.000000 -1.000000
283 1158 555 83 1 19 0 0 0 -1 -1.000000 -1.000000
283 643 519 87 1 15 0 0 0 -1 -1.000000 -1.000000
283 1386 304 70 1 20 0 0 0 -1 -1.000000 -1.000000
283 190 427 74 1 21 0 0 0 -1 -1.000000 -1.000000
283 283 806 74 1 22 0 0 0 -1 -1.000000 -1.000000
283 214 1022 125 0 -1 1 1 1 -1 -1.000000 -1.000000
283 253 594 95 0 -1 1 1 1 -1 -1.000000 -1.000000
284 1202 912 82 1 17 0 0 0 -1 -1.000000 -1.000000
284 1070 952 78 1 18 0 0 0 -1 -1.000000 -1.000000
284 1131 522 83 1 19 0 0 0 -1 -1.000000 -1.000000
284 696 517 87 1 15 0 0 0 -1 -1.000000 -1.000000
284 1396 295 72 1 20 0 0 0 -1 -1.000000 -1.000000
284 254 396 74 1 21 0 0 0 -1 -1.000000 -1.000000
284 290 801 69 1 22 0 0 0 -1 -1.000000 -1.000000
285 1063 62 64 1 16 0 0 0 -1 -1.000000 -1.000000
285 1219 901 82 1 17 0 0 0 -1 -1.000000 -1.000000
285 1078 949 78 1 18 0 0 0 -1 -1.000000 -1.000000
285 1067 503 83 1 19 0 0 0 -1 -1.000000 -1.000000
285 736 501 83 1 15 0 0 0 -1 -1.000000 -1.000000
285 1398 278 72 1 20 0 0 0 -1 -1.000000 -1.000000
285 319 364 74 1 21 0 0 0 -1 -1.000000 -1.000000
285 277 780 69 1 22 0 0 0 -1 -1.000000 -1.000000
286 1235 897 82 1 17 0 0 0 -1 -1.000000 -1.000000
286 1078 959 78 1 18 0 0 0 -1 -1.000000 -1.000000
286 1008 526 83 1 19 0 0 0 -1 -1.000000 -1.000000
286 762 493 83 1 15 0 0 0 -1 -1.000000 -1.000000
286 1401 263 72 1 20 0 0 0 -1 -1.000000 -1.000000
286 378 314 74 1 21 0 0 0 -1 -1.000000 -1.000000
286 275 718 69 1 22 0 0 0 -1 -1.000000 -1.000000
287 1251 899 82 1 17 0 0 0 -1 -1.000000 -1.000000
287 1080 960 78 1 18 0 0 0 -1 -1.000000 -1.000000
287 1015 547 83 1 19 0 0 0 -1 -1.000000 -1.000000
287 789 503 83 1 15 0 0 0 -1 -1.000000 -1.000000
287 1407 247 72 1 20 0 0 0 -1 -1.000000 -1.000000
287 409 258 74 1 21 0 0 0 -1 -1.000000 -1.000000
287 305 633 69 1 22 0 0 0 -1 -1.000000 -1.000000
288 1266 900 82 1 17 0 0 0 -1 -1.000000 -1.000000
288 1089 961 78 1 18 0 0 0 -1 -1.000000 -1.000000
288 1054 579 83 1 19 0 0 0 -1 -1.000000 -1.000000
288 806 535 83 1 15 0 0 0 -1 -1.000000 -1.000000
288 1403 236 72 1 20 0 0 0 -1 -1.000000 -1.000000
288 428 202 74 1 21 0 0 0 -1 -1.000000 -1.000000
288 253 796 95 0 -1 1 1 1 -1 -1.000000 -1.000000
289 1281 899 78 1 17 0 0 0 -1 -1.000000 -1.000000
289 1098 960 78 1 18 0 0 0 -1 -1.000000 -1.000000
289 1097 613 72 1 19 0 0 0 -1 -1.000000 -1.000000
289 828 569 83 1 15 0 0 0 -1 -1.000000 -1.000000
289 1411 233 72 1 20 0 0 0 -1 -1.000000 -1.000000
289 440 154 74 1 21 0 0 0 -1 -1.000000 -1.000000
289 291 488 69 1 22 0 0 0 -1 -1.000000 -1.000000
289 1415 525 61 1 24 0 0 0 -1 -1.000000 -1.000000
290 1293 890 78 1 17 0 0 0 -1 -1.000000 -1.000000
290 1112 956 78 1 18 0 0 0 -1 -1.000000 -1.000000
290 1120 629 72 1 19 0 0 0 -1 -1.000000 -1.000000
290 845 596 81 1 15 0 0 0 -1 -1.000000 -1.000000
290 1409 224 72 1 20 0 0 0 -1 -1.000000 -1.000000
290 461 112 74 1 21 0 0 0 -1 -1.000000 -1.000000
290 261 416 69 1 22 0 0 0 -1 -1.000000 -1.000000
290 1416 541 61 1 24 0 0 0 -1 -1.000000 -1.000000
291 1308 891 78 1 17 0 0 0 -1 -1.000000 -1.000000
291 1126 947 78 1 18 0 0 0 -1 -1.000000 -1.000000
291 1144 634 72 1 19 0 0 0 -1 -1.000000 -1.000000
291 849 584 81 1 15 0 0 0 -1 -1.000000 -1.000000
291 1409 205 72 1 20 0 0 0 -1 -1.000000 -1.000000
291 478 89 68 1 21 0 0 0 -1 -1.000000 -1.000000
291 250 341 69 1 22 0 0 0 -1 -1.000000 -1.000000
291 1412 548 61 1 24 0 0 0 -1 -1.000000 -1.000000
292 1327 888 78 1 17 0 0 0 -1 -1.000000 -1.000000
292 1136 951 78 1 18 0 0 0 -1 -1.000000 -1.000000
292 1164 636 72 1 19 0 0 0 -1 -1.000000 -1.000000
292 851 552 78 1 15 0 0 0 -1 -1.000000 -1.000000
292 1413 199 72 1 20 0 0 0 -1 -1.000000 -1.000000
292 505 84 68 1 21 0 0 0 -1 -1.000000 -1.000000
292 251 289 55 1 22 0 0 0 -1 -1.000000 -1.000000
292 1359 428 61 1 23 0 0 0 -1 -1.000000 -1.000000
292 1424 548 61 1 24 0 0 0 -1 -1.000000 -1.000000
293 1344 892 78 1 17 0 0 0 -1 -1.000000 -1.000000
293 1143 953 78 1 18 0 0 0 -1 -1.000000 -1.000000
293 1175 625 72 1 19 0 0 0 -1 -1.000000 -1.000000
293 868 555 78 1 15 0 0 0 -1 -1.000000 -1.000000
293 1415 198 74 1 20 0 0 0 -1 -1.000000 -1.000000
293 543 109 68 1 21 0 0 0 -1 -1.000000 -1.000000
293 283 251 55 1 22 0 0 0 -1 -1.000000 -1.000000
293 1341 436 61 1 23 0 0 0 -1 -1.000000 -1.000000
293 1424 553 61 1 24 0 0 0 -1 -1.000000 -1.000000
294 1364 888 73 1 17 0 0 0 -1 -1.000000 -1.000000
294 1158 946 78 1 18 0 0 0 -1 -1.000000 -1.000000
294 1181 624 72 1 19 0 0 0 -1 -1.000000 -1.000000
294 898 603 78 1 15 0 0 0 -1 -1.000000 -1.000000
294 1417 189 74 1 20 0 0 0 -1 -1.000000 -1.000000
294 580 154 63 1 21 0 0 0 -1 -1.000000 -1.000000
294 302 234 55 1 22 0 0 0 -1 -1.000000 -1.000000
294 1328 447 61 1 23 0 0 0 -1 -1.000000 -1.000000
294 1422 561 61 1 24 0 0 0 -1 -1.000000 -1.000000
295 1373 887 73 1 17 0 0 0 -1 -1.000000 -1.000000
295 1180 944 78 1 18 0 0 0 -1 -1.000000 -1.000000
295 1195 671 72 1 19 0 0 0 -1 -1.000000 -1.000000
295 939 630 75 1 15 0 0 0 -1 -1.000000 -1.000000
295 1396 185 74 1 20 0 0 0 -1 -1.000000 -1.000000
295 326 211 55 1 22 0 0 0 -1 -1.000000 -1.000000
295 1322 450 61 1 23 0 0 0 -1 -1.000000 -1.000000
295 1424 568 61 1 24 0 0 0 -1 -1.000000 -1.000000
296 1381 884 73 1 17 0 0 0 -1 -1.000000 -1.000000
296 1197 940 78 1 18 0 0 0 -1 -1.000000 -1.000000
296 1261 711 72 1 19 0 0 0 -1 -1.000000 -1.000000
296 970 616 75 1 15 0 0 0 -1 -1.000000 -1.000000
296 1323 136 74 1 20 0 0 0 -1 -1.000000 -1.000000
296 359 180 55 1 22 0 0 0 -1 -1.000000 -1.000000
296 1308 456 61 1 23 0 0 0 -1 -1.000000 -1.000000
296 1424 574 61 1 24 0 0 0 -1 -1.000000 -1.000000
297 1393 875 73 1 17 0 0 0 -1 -1.000000 -1.000000
297 1200 938 78 1 18 0 0 0 -1 -1.000000 -1.000000
297 1305 694 72 1 19 0 0 0 -1 -1.000000 -1.000000
297 968 588 75 1 15 0 0 0 -1 -1.000000 -1.000000
297 410 165 55 1 22 0 0 0 -1 -1.000000 -1.000000
297 1304 462 61 1 23 0 0 0 -1 -1.000000 -1.000000
297 1418 574 61 1 24 0 0 0 -1 -1.000000 -1.000000
298 1415 879 73 1 17 0 0 0 -1 -1.000000 -1.000000
298 1212 932 78 1 18 0 0 0 -1 -1.000000 -1.000000
298 1347 708 72 1 19 0 0 0 -1 -1.000000 -1.000000
298 947 579 75 1 15 0 0 0 -1 -1.000000 -1.000000
298 545 426 56 1 21 0 0 0 -1 -1.000000 -1.000000
298 477 141 55 1 22 0 0 0 -1 -1.000000 -1.000000
298 1297 452 61 1 23 0 0 0 -1 -1.000000 -1.000000
298 1426 576 55 1 24 0 0 0 -1 -1.000000 -1.000000
299 1414 876 73 1 17 0 0 0 -1 -1.000000 -1.000000
299 1232 918 78 1 18 0 0 0 -1 -1.000000 -1.000000
299 1380 712 72 1 19 0 0 0 -1 -1.000000 -1.000000
299 927 579 72 1 15 0 0 0 -1 -1.000000 -1.000000
299 544 439 56 1 21 0 0 0 -1 -1.000000 -1.000000
299 549 106 55 1 22 0 0 0 -1 -1.000000 -1.000000
299 1239 418 61 1 23 0 0 0 -1 -1.000000 -1.000000
299 1427 572 55 1 24 0 0 0 -1 -1.000000 -1.000000
300 1411 879 68 1 17 0 0 0 -1 -1.000000 -1.000000
300 1255 914 78 1 18 0 0 0 -1 -1.000000 -1.000000
300 1422 713 72 1 19 0 0 0 -1 -1.000000 -1.000000
300 936 569 72 1 15 0 0 0 -1 -1.000000 -1.000000
300 541 435 56 1 21 0 0 0 -1 -1.000000 -1.000000
300 1426 572 55 1 24 0 0 0 -1 -1.000000 -1.000000
301 1426 875 68 1 17 0 0 0 -1 -1.000000 -1.000000
301 1269 915 78 1 18 0 0 0 -1 -1.000000 -1.000000
301 1460 712 72 1 19 0 0 0 -1 -1.000000 -1.000000
301 978 556 72 1 15 0 0 0 -1 -1.000000 -1.000000
301 558 396 56 1 21 0 0 0 -1 -1.000000 -1.000000
301 1426 572 55 1 24 0 0 0 -1 -1.000000 -1.000000
301 354 706 95 0 -1 1 1 1 -1 -1.000000 -1.000000
301 242 202 135 0 -1 1 1 1 -1 -1.000000 -1.000000
302 1431 878 68 1 17 0 0 0 -1 -1.000000 -1.000000
302 1282 919 78 1 18 0 0 0 -1 -1.000000 -1.000000
302 1021 528 72 1 15 0 0 0 -1 -1.000000 -1.000000
302 598 338 56 1 21 0 0 0 -1 -1.000000 -1.000000
302 1422 568 55 1 24 0 0 0 -1 -1.000000 -1.000000
303 1437 883 68 1 17 0 0 0 -1 -1.000000 -1.000000
303 1291 918 78 1 18 0 0 0 -1 -1.000000 -1.000000
303 1024 538 68 1 15 0 0 0 -1 -1.000000 -1.000000
303 652 290 56 1 21 0 0 0 -1 -1.000000 -1.000000
303 1422 575 57 1 24 0 0 0 -1 -1.000000 -1.000000
304 1436 880 68 1 17 0 0 0 -1 -1.000000 -1.000000
304 1297 923 78 1 18 0 0 0 -1 -1.000000 -1.000000
304 1031 571 68 1 15 0 0 0 -1 -1.000000 -1.000000
304 691 262 58 1 21 0 0 0 -1 -1.000000 -1.000000
304 1415 580 64 1 24 0 0 0 -1 -1.000000 -1.000000
304 149 393 65 1 26 0 0 0 -1 -1.000000 -1.000000
305 1442 879 68 1 17 0 0 0 -1 -1.000000 -1.000000
305 1301 920 78 1 18 0 0 0 -1 -1.000000 -1.000000
305 1053 588 68 1 15 0 0 0 -1 -1.000000 -1.000000
305 715 258 61 1 21 0 0 0 -1 -1.000000 -1.000000
305 1411 577 64 1 24 0 0 0 -1 -1.000000 -1.000000
305 226 405 65 1 26 0 0 0 -1 -1.000000 -1.000000
306 1448 874 68 1 17 0 0 0 -1 -1.000000 -1.000000
306 1304 918 78 1 18 0 0 0 -1 -1.000000 -1.000000
306 1099 583 68 1 15 0 0 0 -1 -1.000000 -1.000000
306 730 244 73 1 21 0 0 0 -1 -1.000000 -1.000000
306 1410 576 64 1 24 0 0 0 -1 -1.000000 -1.000000
306 307 421 65 1 26 0 0 0 -1 -1.000000 -1.000000
307 1446 877 68 1 17 0 0 0 -1 -1.000000 -1.000000
307 1310 922 78 1 18 0 0 0 -1 -1.000000 -1.000000
307 1146 567 68 1 15 0 0 0 -1 -1.000000 -1.000000
307 738 248 73 1 21 0 0 0 -1 -1.000000 -1.000000
307 1411 581 64 1 24 0 0 0 -1 -1.000000 -1.000000
307 1397 360 64 1 25 0 0 0 -1 -1.000000 -1.000000
307 381 435 65 1 26 0 0 0 -1 -1.000000 -1.000000
308 1449 869 68 1 17 0 0 0 -1 -1.000000 -1.000000
308 1319 923 78 1 18 0 0 0 -1 -1.000000 -1.000000
308 1168 533 68 1 15 0 0 0 -1 -1.000000 -1.000000
308 756 259 76 1 21 0 0 0 -1 -1.000000 -1.000000
308 1406 574 64 1 24 0 0 0 -1 -1.000000 -1.000000
308 1390 342 64 1 25 0 0 0 -1 -1.000000 -1.000000
308 466 435 65 1 26 0 0 0 -1 -1.000000 -1.000000
309 1447 861 68 1 17 0 0 0 -1 -1.000000 -1.000000
309 1318 917 78 1 18 0 0 0 -1 -1.000000 -1.000000
309 1177 493 68 1 15 0 0 0 -1 -1.000000 -1.000000
309 783 289 76 1 21 0 0 0 -1 -1.000000 -1.000000
309 1413 571 64 1 24 0 0 0 -1 -1.000000 -1.000000
309 1391 330 64 1 25 0 0 0 -1 -1.000000 -1.000000
309 542 446 65 1 26 0 0 0 -1 -1.000000 -1.000000
310 1445 861 68 1 17 0 0 0 -1 -1.000000 -1.000000
310 1328 917 78 1 18 0 0 0 -1 -1.000000 -1.000000
310 1185 470 68 1 15 0 0 0 -1 -1.000000 -1.000000
310 806 359 76 1 21 0 0 0 -1 -1.000000 -1.000000
310 1397 567 64 1 24 0 0 0 -1 -1.000000 -1.000000
310 1387 298 64 1 25 0 0 0 -1 -1.000000 -1.000000
310 603 440 65 1 26 0 0 0 -1 -1.000000 -1.000000
311 1448 865 68 1 17 0 0 0 -1 -1.000000 -1.000000
311 1336 918 78 1 18 0 0 0 -1 -1.000000 -1.000000
311 1179 465 68 1 15 0 0 0 -1 -1.000000 -1.000000
311 819 418 67 1 21 0 0 0 -1 -1.000000 -1.000000
311 1378 561 64 1 24 0 0 0 -1 -1.000000 -1.000000
311 1394 283 64 1 25 0 0 0 -1 -1.000000 -1.000000
311 668 465 63 1 26 0 0 0 -1 -1.000000 -1.000000
312 1450 865 68 1 17 0 0 0 -1 -1.000000 -1.000000
312 1339 917 71 1 18 0 0 0 -1 -1.000000 -1.000000
312 1177 471 68 1 15 0 0 0 -1 -1.000000 -1.000000
312 831 466 67 1 21 0 0 0 -1 -1.000000 -1.000000
312 1367 562 64 1 24 0 0 0 -1 -1.000000 -1.000000
312 1393 269 64 1 25 0 0 0 -1 -1.000000 -1.000000
312 713 499 63 1 26 0 0 0 -1 -1.000000 -1.000000
313 1452 870 68 1 17 0 0 0 -1 -1.000000 -1.000000
313 1345 919 71 1 18 0 0 0 -1 -1.000000 -1.000000
313 1211 458 68 1 15 0 0 0 -1 -1.000000 -1.000000
313 850 490 67 1 21 0 0 0 -1 -1.000000 -1.000000
313 1364 564 64 1 24 0 0 0 -1 -1.000000 -1.000000
313 1388 252 64 1 25 0 0 0 -1 -1.000000 -1.000000
314 1452 873 68 1 17 0 0 0 -1 -1.000000 -1.000000
314 1359 926 71 1 18 0 0 0 -1 -1.000000 -1.000000
314 1271 433 68 1 15 0 0 0 -1 -1.000000 -1.000000
314 853 503 63 1 21 0 0 0 -1 -1.000000 -1.000000
314 1350 560 64 1 24 0 0 0 -1 -1.000000 -1.000000
314 1389 241 64 1 25 0 0 0 -1 -1.000000 -1.000000
315 1447 868 68 1 17 0 0 0 -1 -1.000000 -1.000000
315 1299 381 68 1 15 0 0 0 -1 -1.000000 -1.000000
315 848 497 63 1 21 0 0 0 -1 -1.000000 -1.000000
315 1329 559 64 1 24 0 0 0 -1 -1.000000 -1.000000
315 1389 225 61 1 25 0 0 0 -1 -1.000000 -1.000000
315 929 531 63 1 26 0 0 0 -1 -1.000000 -1.000000
316 1441 867 68 1 17 0 0 0 -1 -1.000000 -1.000000
316 1281 309 68 1 15 0 0 0 -1 -1.000000 -1.000000
316 835 457 63 1 21 0 0 0 -1 -1.000000 -1.000000
316 1384 219 61 1 25 0 0 0 -1 -1.000000 -1.000000
316 951 493 63 1 26 0 0 0 -1 -1.000000 -1.000000
317 838 407 63 1 21 0 0 0 -1 -1.000000 -1.000000
317 1382 207 61 1 25 0 0 0 -1 -1.000000 -1.000000
317 970 477 63 1 26 0 0 0 -1 -1.000000 -1.000000
318 841 356 63 1 21 0 0 0 -1 -1.000000 -1.000000
318 1378 196 61 1 25 0 0 0 -1 -1.000000 -1.000000
318 992 491 63 1 26 0 0 0 -1 -1.000000 -1.000000
319 868 318 63 1 21 0 0 0 -1 -1.000000 -1.000000
319 1007 492 63 1 26 0 0 0 -1 -1.000000 -1.000000
320 880 293 63 1 21 0 0 0 -1 -1.000000 -1.000000
320 1056 506 63 1 26 0 0 0 -1 -1.000000 -1.000000
321 890 271 63 1 21 0 0 0 -1 -1.000000 -1.000000
321 1119 528 63 1 26 0 0 0 -1 -1.000000 -1.000000
322 903 284 63 1 21 0 0 0 -1 -1.000000 -1.000000
322 1153 514 63 1 26 0 0 0 -1 -1.000000 -1.000000
323 918 313 63 1 21 0 0 0 -1 -1.000000 -1.000000
323 1168 491 59 1 26 0 0 0 -1 -1.000000 -1.000000
324 941 334 63 1 21 0 0 0 -1 -1.000000 -1.000000
324 1173 499 58 1 26 0 0 0 -1 -1.000000 -1.000000
325 963 345 63 1 21 0 0 0 -1 -1.000000 -1.000000
325 1188 505 58 1 26 0 0 0 -1 -1.000000 -1.000000
326 1007 346 63 1 21 0 0 0 -1 -1.000000 -1.000000
326 1188 505 58 1 26 0 0 0 -1 -1.000000 -1.000000
327 1041 349 63 1 21 0 0 0 -1 -1.000000 -1.000000
327 1191 523 58 1 26 0 0 0 -1 -1.000000 -1.000000
328 1066 364 63 1 21 0 0 0 -1 -1.000000 -1.000000
328 1187 520 58 1 26 0 0 0 -1 -1.000000 -1.000000
329 1084 400 63 1 21 0 0 0 -1 -1.000000 -1.000000
329 1186 523 58 1 26 0 0 0 -1 -1.000000 -1.000000
330 1102 427 63 1 21 0 0 0 -1 -1.000000 -1.000000
330 1187 524 58 1 26 0 0 0 -1 -1.000000 -1.000000
331 1092 425 63 1 21 0 0 0 -1 -1.000000 -1.000000
331 1187 517 58 1 26 0 0 0 -1 -1.000000 -1.000000
332 1077 405 63 1 21 0 0 0 -1 -1.000000 -1.000000
332 1185 521 58 1 26 0 0 0 -1 -1.000000 -1.000000
333 1078 379 63 1 21 0 0 0 -1 -1.000000 -1.000000
333 1181 521 58 1 26 0 0 0 -1 -1.000000 -1.000000
334 1094 363 63 1 21 0 0 0 -1 -1.000000 -1.000000
334 1179 521 61 1 26 0 0 0 -1 -1.000000 -1.000000
335 1129 370 63 1 21 0 0 0 -1 -1.000000 -1.000000
335 1182 531 61 1 26 0 0 0 -1 -1.000000 -1.000000
335 343 103 71 1 28 0 0 0 -1 -1.000000 -1.000000
336 1165 381 63 1 21 0 0 0 -1 -1.000000 -1.000000
336 1183 525 61 1 26 0 0 0 -1 -1.000000 -1.000000
336 402 169 75 1 28 0 0 0 -1 -1.000000 -1.000000
337 1202 389 60 1 21 0 0 0 -1 -1.000000 -1.000000
337 1192 536 61 1 26 0 0 0 -1 -1.000000 -1.000000
337 447 258 75 1 28 0 0 0 -1 -1.000000 -1.000000
338 1232 383 60 1 21 0 0 0 -1 -1.000000 -1.000000
338 1188 530 61 1 26 0 0 0 -1 -1.000000 -1.000000
338 473 330 75 1 28 0 0 0 -1 -1.000000 -1.000000
339 1236 371 60 1 21 0 0 0 -1 -1.000000 -1.000000
339 1190 528 61 1 26 0 0 0 -1 -1.000000 -1.000000
339 496 369 75 1 28 0 0 0 -1 -1.000000 -1.000000
340 1226 361 57 1 21 0 0 0 -1 -1.000000 -1.000000
340 1204 532 70 1 26 0 0 0 -1 -1.000000 -1.000000
340 151 316 70 1 27 0 0 0 -1 -1.000000 -1.000000
340 507 385 78 1 28 0 0 0 -1 -1.000000 -1.000000
341 1228 336 57 1 21 0 0 0 -1 -1.000000 -1.000000
341 1215 537 70 1 26 0 0 0 -1 -1.000000 -1.000000
341 223 358 70 1 27 0 0 0 -1 -1.000000 -1.000000
341 535 411 78 1 28 0 0 0 -1 -1.000000 -1.000000
342 1244 314 57 1 21 0 0 0 -1 -1.000000 -1.000000
342 1233 532 70 1 26 0 0 0 -1 -1.000000 -1.000000
342 310 362 70 1 27 0 0 0 -1 -1.000000 -1.000000
342 572 483 78 1 28 0 0 0 -1 -1.000000 -1.000000
343 1243 292 57 1 21 0 0 0 -1 -1.000000 -1.000000
343 1244 529 70 1 26 0 0 0 -1 -1.000000 -1.000000
343 375 323 74 1 27 0 0 0 -1 -1.000000 -1.000000
343 624 564 78 1 28 0 0 0 -1 -1.000000 -1.000000
344 1222 265 57 1 21 0 0 0 -1 -1.000000 -1.000000
344 1249 527 70 1 26 0 0 0 -1 -1.000000 -1.000000
344 451 271 74 1 27 0 0 0 -1 -1.000000 -1.000000
344 676 607 72 1 28 0 0 0 -1 -1.000000 -1.000000
345 1204 251 57 1 21 0 0 0 -1 -1.000000 -1.000000
345 1262 527 70 1 26 0 0 0 -1 -1.000000 -1.000000
345 550 248 77 1 27 0 0 0 -1 -1.000000 -1.000000
345 715 612 72 1 28 0 0 0 -1 -1.000000 -1.000000
346 1189 235 57 1 21 0 0 0 -1 -1.000000 -1.000000
346 1272 529 70 1 26 0 0 0 -1 -1.000000 -1.000000
346 657 276 77 1 27 0 0 0 -1 -1.000000 -1.000000
346 742 577 72 1 28 0 0 0 -1 -1.000000 -1.000000
347 1180 229 57 1 21 0 0 0 -1 -1.000000 -1.000000
347 1282 523 70 1 26 0 0 0 -1 -1.000000 -1.000000
347 743 535 68 1 28 0 0 0 -1 -1.000000 -1.000000
348 1177 259 57 1 21 0 0 0 -1 -1.000000 -1.000000
348 1294 524 70 1 26 0 0 0 -1 -1.000000 -1.000000
348 856 441 77 1 27 0 0 0 -1 -1.000000 -1.000000
348 749 509 68 1 28 0 0 0 -1 -1.000000 -1.000000
349 1168 301 57 1 21 0 0 0 -1 -1.000000 -1.000000
349 1306 521 70 1 26 0 0 0 -1 -1.000000 -1.000000
349 890 491 70 1 27 0 0 0 -1 -1.000000 -1.000000
349 771 525 68 1 28 0 0 0 -1 -1.000000 -1.000000
350 1158 323 57 1 21 0 0 0 -1 -1.000000 -1.000000
350 1316 515 70 1 26 0 0 0 -1 -1.000000 -1.000000
350 925 527 70 1 27 0 0 0 -1 -1.000000 -1.000000
350 807 573 68 1 28 0 0 0 -1 -1.000000 -1.000000
351 1159 328 60 1 21 0 0 0 -1 -1.000000 -1.000000
351 1323 521 70 1 26 0 0 0 -1 -1.000000 -1.000000
351 973 585 70 1 27 0 0 0 -1 -1.000000 -1.000000
351 872 647 68 1 28 0 0 0 -1 -1.000000 -1.000000
352 1155 319 60 1 21 0 0 0 -1 -1.000000 -1.000000
352 1325 523 70 1 26 0 0 0 -1 -1.000000 -1.000000
352 1034 635 70 1 27 0 0 0 -1 -1.000000 -1.000000
352 958 720 68 1 28 0 0 0 -1 -1.000000 -1.000000
353 1149 304 60 1 21 0 0 0 -1 -1.000000 -1.000000
353 1345 524 70 1 26 0 0 0 -1 -1.000000 -1.000000
353 1084 648 70 1 27 0 0 0 -1 -1.000000 -1.000000
353 1041 753 68 1 28 0 0 0 -1 -1.000000 -1.000000
354 1136 296 66 1 21 0 0 0 -1 -1.000000 -1.000000
354 1349 523 70 1 26 0 0 0 -1 -1.000000 -1.000000
354 1132 628 70 1 27 0 0 0 -1 -1.000000 -1.000000
354 1080 737 64 1 28 0 0 0 -1 -1.000000 -1.000000
354 300 702 75 1 29 0 0 0 -1 -1.000000 -1.000000
355 1140 291 62 1 21 0 0 0 -1 -1.000000 -1.000000
355 1342 508 70 1 26 0 0 0 -1 -1.000000 -1.000000
355 1201 615 67 1 27 0 0 0 -1 -1.000000 -1.000000
355 1075 709 64 1 28 0 0 0 -1 -1.000000 -1.000000
355 347 627 85 1 29 0 0 0 -1 -1.000000 -1.000000
356 1136 280 62 1 21 0 0 0 -1 -1.000000 -1.000000
356 1355 514 70 1 26 0 0 0 -1 -1.000000 -1.000000
356 1235 623 67 1 27 0 0 0 -1 -1.000000 -1.000000
356 1062 694 64 1 28 0 0 0 -1 -1.000000 -1.000000
356 375 548 85 1 29 0 0 0 -1 -1.000000 -1.000000
357 1121 284 58 1 21 0 0 0 -1 -1.000000 -1.000000
357 1363 508 70 1 26 0 0 0 -1 -1.000000 -1.000000
357 1242 627 67 1 27 0 0 0 -1 -1.000000 -1.000000
357 1037 657 64 1 28 0 0 0 -1 -1.000000 -1.000000
357 393 459 85 1 29 0 0 0 -1 -1.000000 -1.000000
358 1084 289 55 1 21 0 0 0 -1 -1.000000 -1.000000
358 1373 511 70 1 26 0 0 0 -1 -1.000000 -1.000000
358 1254 624 67 1 27 0 0 0 -1 -1.000000 -1.000000
358 1005 616 64 1 28 0 0 0 -1 -1.000000 -1.000000
358 387 402 85 1 29 0 0 0 -1 -1.000000 -1.000000
359 1378 511 70 1 26 0 0 0 -1 -1.000000 -1.000000
359 1274 621 67 1 27 0 0 0 -1 -1.000000 -1.000000
359 964 557 64 1 28 0 0 0 -1 -1.000000 -1.000000
359 371 358 85 1 29 0 0 0 -1 -1.000000 -1.000000
359 498 220 57 1 31 0 0 0 -1 -1.000000 -1.000000
360 956 301 55 1 21 0 0 0 -1 -1.000000 -1.000000
360 1386 509 70 1 26 0 0 0 -1 -1.000000 -1.000000
360 1293 617 67 1 27 0 0 0 -1 -1.000000 -1.000000
360 931 490 64 1 28 0 0 0 -1 -1.000000 -1.000000
360 367 313 85 1 29 0 0 0 -1 -1.000000 -1.000000
360 570 228 55 1 31 0 0 0 -1 -1.000000 -1.000000
361 884 296 55 1 21 0 0 0 -1 -1.000000 -1.000000
361 1399 514 70 1 26 0 0 0 -1 -1.000000 -1.000000
361 1305 622 67 1 27 0 0 0 -1 -1.000000 -1.000000
361 891 411 64 1 28 0 0 0 -1 -1.000000 -1.000000
361 373 297 85 1 29 0 0 0 -1 -1.000000 -1.000000
362 1317 613 67 1 27 0 0 0 -1 -1.000000 -1.000000
362 391 279 85 1 29 0 0 0 -1 -1.000000 -1.000000
363 815 283 62 1 21 0 0 0 -1 -1.000000 -1.000000
363 1341 605 67 1 27 0 0 0 -1 -1.000000 -1.000000
363 412 265 82 1 29 0 0 0 -1 -1.000000 -1.000000
363 673 371 55 1 31 0 0 0 -1 -1.000000 -1.000000
364 796 281 62 1 21 0 0 0 -1 -1.000000 -1.000000
364 1361 610 67 1 27 0 0 0 -1 -1.000000 -1.000000
364 846 182 64 1 28 0 0 0 -1 -1.000000 -1.000000
364 417 259 74 1 29 0 0 0 -1 -1.000000 -1.000000
364 689 397 53 1 31 0 0 0 -1 -1.000000 -1.000000
365 751 279 62 1 21 0 0 0 -1 -1.000000 -1.000000
365 1376 603 67 1 27 0 0 0 -1 -1.000000 -1.000000
365 843 113 64 1 28 0 0 0 -1 -1.000000 -1.000000
365 431 247 74 1 29 0 0 0 -1 -1.000000 -1.000000
365 699 393 53 1 31 0 0 0 -1 -1.000000 -1.000000
366 677 309 62 1 21 0 0 0 -1 -1.000000 -1.000000
366 1382 596 67 1 27 0 0 0 -1 -1.000000 -1.000000
366 838 53 64 1 28 0 0 0 -1 -1.000000 -1.000000
366 454 234 69 1 29 0 0 0 -1 -1.000000 -1.000000
367 609 367 71 1 21 0 0 0 -1 -1.000000 -1.000000
367 1392 594 67 1 27 0 0 0 -1 -1.000000 -1.000000
367 478 219 58 1 29 0 0 0 -1 -1.000000 -1.000000
367 790 286 55 1 31 0 0 0 -1 -1.000000 -1.000000
368 569 433 71 1 21 0 0 0 -1 -1.000000 -1.000000
368 1397 596 67 1 27 0 0 0 -1 -1.000000 -1.000000
368 505 213 58 1 29 0 0 0 -1 -1.000000 -1.000000
369 566 500 80 1 21 0 0 0 -1 -1.000000 -1.000000
369 1395 603 67 1 27 0 0 0 -1 -1.000000 -1.000000
369 521 206 58 1 29 0 0 0 -1 -1.000000 -1.000000
370 573 542 85 1 21 0 0 0 -1 -1.000000 -1.000000
370 1390 615 67 1 27 0 0 0 -1 -1.000000 -1.000000
370 535 206 58 1 29 0 0 0 -1 -1.000000 -1.000000
370 965 756 192 0 -1 0 0 0 -1 -1.000000 -1.000000
370 1645 227 192 0 -1 0 0 0 -1 -1.000000 -1.000000
371 606 570 85 1 21 0 0 0 -1 -1.000000 -1.000000
371 1404 619 67 1 27 0 0 0 -1 -1.000000 -1.000000
371 561 207 58 1 29 0 0 0 -1 -1.000000 -1.000000
372 664 581 85 1 21 0 0 0 -1 -1.000000 -1.000000
372 1408 621 67 1 27 0 0 0 -1 -1.000000 -1.000000
372 602 214 58 1 29 0 0 0 -1 -1.000000 -1.000000
372 260 428 192 0 -1 0 0 0 -1 -1.000000 -1.000000
373 752 586 87 1 21 0 0 0 -1 -1.000000 -1.000000
373 1412 621 67 1 27 0 0 0 -1 -1.000000 -1.000000
373 647 224 55 1 29 0 0 0 -1 -1.000000 -1.000000
373 1340 482 55 1 31 0 0 0 -1 -1.000000 -1.000000
374 832 592 79 1 21 0 0 0 -1 -1.000000 -1.000000
374 1428 628 67 1 27 0 0 0 -1 -1.000000 -1.000000
374 695 227 55 1 29 0 0 0 -1 -1.000000 -1.000000
374 1357 503 58 1 31 0 0 0 -1 -1.000000 -1.000000
375 896 607 79 1 21 0 0 0 -1 -1.000000 -1.000000
375 1444 622 67 1 27 0 0 0 -1 -1.000000 -1.000000
375 755 240 55 1 29 0 0 0 -1 -1.000000 -1.000000
375 215 183 64 1 30 0 0 0 -1 -1.000000 -1.000000
375 1370 515 63 1 31 0 0 0 -1 -1.000000 -1.000000
376 946 618 79 1 21 0 0 0 -1 -1.000000 -1.000000
376 1449 623 67 1 27 0 0 0 -1 -1.000000 -1.000000
376 816 250 55 1 29 0 0 0 -1 -1.000000 -1.000000
376 291 251 69 1 30 0 0 0 -1 -1.000000 -1.000000
376 1380 517 63 1 31 0 0 0 -1 -1.000000 -1.000000
377 979 645 79 1 21 0 0 0 -1 -1.000000 -1.000000
377 1447 617 67 1 27 0 0 0 -1 -1.000000 -1.000000
377 873 262 55 1 29 0 0 0 -1 -1.000000 -1.000000
377 348 314 69 1 30 0 0 0 -1 -1.000000 -1.000000
377 1390 507 66 1 31 0 0 0 -1 -1.000000 -1.000000
378 1019 664 79 1 21 0 0 0 -1 -1.000000 -1.000000
378 929 279 55 1 29 0 0 0 -1 -1.000000 -1.000000
378 387 344 69 1 30 0 0 0 -1 -1.000000 -1.000000
378 1403 513 66 1 31 0 0 0 -1 -1.000000 -1.000000
379 1045 660 76 1 21 0 0 0 -1 -1.000000 -1.000000
379 979 300 55 1 29 0 0 0 -1 -1.000000 -1.000000
379 400 335 69 1 30 0 0 0 -1 -1.000000 -1.000000
379 1422 517 66 1 31 0 0 0 -1 -1.000000 -1.000000
380 1065 640 73 1 21 0 0 0 -1 -1.000000 -1.000000
380 1021 318 55 1 29 0 0 0 -1 -1.000000 -1.000000
380 425 289 69 1 30 0 0 0 -1 -1.000000 -1.000000
380 1418 519 66 1 31 0 0 0 -1 -1.000000 -1.000000
381 1105 621 73 1 21 0 0 0 -1 -1.000000 -1.000000
381 1059 345 55 1 29 0 0 0 -1 -1.000000 -1.000000
381 446 242 69 1 30 0 0 0 -1 -1.000000 -1.000000
381 1420 519 66 1 31 0 0 0 -1 -1.000000 -1.000000
382 1143 603 73 1 21 0 0 0 -1 -1.000000 -1.000000
382 1092 371 55 1 29 0 0 0 -1 -1.000000 -1.000000
382 479 223 69 1 30 0 0 0 -1 -1.000000 -1.000000
382 1423 511 66 1 31 0 0 0 -1 -1.000000 -1.000000
383 1169 598 73 1 21 0 0 0 -1 -1.000000 -1.000000
383 1120 404 55 1 29 0 0 0 -1 -1.000000 -1.000000
383 528 229 71 1 30 0 0 0 -1 -1.000000 -1.000000
383 1426 516 66 1 31 0 0 0 -1 -1.000000 -1.000000
384 1178 609 73 1 21 0 0 0 -1 -1.000000 -1.000000
384 1156 430 55 1 29 0 0 0 -1 -1.000000 -1.000000
384 593 260 71 1 30 0 0 0 -1 -1.000000 -1.000000
384 1431 513 66 1 31 0 0 0 -1 -1.000000 -1.000000
385 1198 624 73 1 21 0 0 0 -1 -1.000000 -1.000000
385 1181 446 58 1 29 0 0 0 -1 -1.000000 -1.000000
385 1425 506 66 1 31 0 0 0 -1 -1.000000 -1.000000
385 666 312 59 1 33 0 0 0 -1 -1.000000 -1.000000
386 1218 657 73 1 21 0 0 0 -1 -1.000000 -1.000000
386 1215 458 58 1 29 0 0 0 -1 -1.000000 -1.000000
386 1427 510 66 1 31 0 0 0 -1 -1.000000 -1.000000
386 729 381 59 1 33 0 0 0 -1 -1.000000 -1.000000
386 834 265 64 1 42 0 0 0 -1 -1.000000 -1.000000
387 1246 699 73 1 21 0 0 0 -1 -1.000000 -1.000000
387 1253 462 58 1 29 0 0 0 -1 -1.000000 -1.000000
387 1425 512 66 1 31 0 0 0 -1 -1.000000 -1.000000
387 760 445 59 1 33 0 0 0 -1 -1.000000 -1.000000
387 893 323 64 1 42 0 0 0 -1 -1.000000 -1.000000
388 1276 707 73 1 21 0 0 0 -1 -1.000000 -1.000000
388 1274 455 61 1 29 0 0 0 -1 -1.000000 -1.000000
388 1427 519 66 1 31 0 0 0 -1 -1.000000 -1.000000
388 772 465 59 1 33 0 0 0 -1 -1.000000 -1.000000
388 948 359 64 1 42 0 0 0 -1 -1.000000 -1.000000
388 1472 391 55 1 44 0 0 0 -1 -1.000000 -1.000000
389 1326 719 73 1 21 0 0 0 -1 -1.000000 -1.000000
389 1284 459 64 1 29 0 0 0 -1 -1.000000 -1.000000
389 1435 516 66 1 31 0 0 0 -1 -1.000000 -1.000000
389 791 431 65 1 33 0 0 0 -1 -1.000000 -1.000000
389 1017 375 64 1 42 0 0 0 -1 -1.000000 -1.000000
389 1471 390 55 1 44 0 0 0 -1 -1.000000 -1.000000
390 1367 718 73 1 21 0 0 0 -1 -1.000000 -1.000000
390 1290 463 64 1 29 0 0 0 -1 -1.000000 -1.000000
390 1425 512 66 1 31 0 0 0 -1 -1.000000 -1.000000
390 821 353 65 1 33 0 0 0 -1 -1.000000 -1.000000
390 1088 375 64 1 42 0 0 0 -1 -1.000000 -1.000000
390 1476 388 55 1 44 0 0 0 -1 -1.000000 -1.000000
391 1369 728 73 1 21 0 0 0 -1 -1.000000 -1.000000
391 1296 466 64 1 29 0 0 0 -1 -1.000000 -1.000000
391 1443 512 66 1 31 0 0 0 -1 -1.000000 -1.000000
391 863 281 65 1 33 0 0 0 -1 -1.000000 -1.000000
391 1169 361 64 1 42 0 0 0 -1 -1.000000 -1.000000
391 1475 384 55 1 44 0 0 0 -1 -1.000000 -1.000000
392 1385 728 73 1 21 0 0 0 -1 -1.000000 -1.000000
392 1306 464 64 1 29 0 0 0 -1 -1.000000 -1.000000
392 664 586 192 0 -1 0 0 0 -1 -1.000000 -1.000000
392 1440 517 66 1 31 0 0 0 -1 -1.000000 -1.000000
392 910 238 70 1 33 0 0 0 -1 -1.000000 -1.000000
392 1252 368 64 1 42 0 0 0 -1 -1.000000 -1.000000
392 1475 383 66 1 44 0 0 0 -1 -1.000000 -1.000000
393 1396 723 73 1 21 0 0 0 -1 -1.000000 -1.000000
393 1308 462 64 1 29 0 0 0 -1 -1.000000 -1.000000
393 1436 524 65 1 31 0 0 0 -1 -1.000000 -1.000000
393 969 232 70 1 33 0 0 0 -1 -1.000000 -1.000000
393 1467 386 66 1 44 0 0 0 -1 -1.000000 -1.000000
394 1393 726 73 1 21 0 0 0 -1 -1.000000 -1.000000
394 1312 462 64 1 29 0 0 0 -1 -1.000000 -1.000000
394 1433 524 65 1 31 0 0 0 -1 -1.000000 -1.000000
394 1039 244 70 1 33 0 0 0 -1 -1.000000 -1.000000
394 1459 385 66 1 44 0 0 0 -1 -1.000000 -1.000000
395 1401 728 71 1 21 0 0 0 -1 -1.000000 -1.000000
395 1323 461 64 1 29 0 0 0 -1 -1.000000 -1.000000
395 1081 240 70 1 33 0 0 0 -1 -1.000000 -1.000000
395 1463 378 72 1 44 0 0 0 -1 -1.000000 -1.000000
396 1419 721 76 1 21 0 0 0 -1 -1.000000 -1.000000
396 1334 451 64 1 29 0 0 0 -1 -1.000000 -1.000000
396 1103 257 70 1 33 0 0 0 -1 -1.000000 -1.000000
396 1459 377 72 1 44 0 0 0 -1 -1.000000 -1.000000
397 1420 727 76 1 21 0 0 0 -1 -1.000000 -1.000000
397 1349 451 64 1 29 0 0 0 -1 -1.000000 -1.000000
397 1124 322 70 1 33 0 0 0 -1 -1.000000 -1.000000
397 1455 362 72 1 44 0 0 0 -1 -1.000000 -1.000000
398 1426 728 76 1 21 0 0 0 -1 -1.000000 -1.000000
398 1357 449 64 1 29 0 0 0 -1 -1.000000 -1.000000
398 1150 391 70 1 33 0 0 0 -1 -1.000000 -1.000000
398 1460 353 72 1 44 0 0 0 -1 -1.000000 -1.000000
399 1438 729 76 1 21 0 0 0 -1 -1.000000 -1.000000
399 1368 451 64 1 29 0 0 0 -1 -1.000000 -1.000000
399 1202 414 70 1 33 0 0 0 -1 -1.000000 -1.000000
399 1457 339 72 1 44 0 0 0 -1 -1.000000 -1.000000
400 1441 731 74 1 21 0 0 0 -1 -1.000000 -1.000000
400 1380 451 64 1 29 0 0 0 -1 -1.000000 -1.000000
400 1247 398 70 1 33 0 0 0 -1 -1.000000 -1.000000
400 1458 325 72 1 44 0 0 0 -1 -1.000000 -1.000000
401 1441 737 74 1 21 0 0 0 -1 -1.000000 -1.000000
401 1381 451 64 1 29 0 0 0 -1 -1.000000 -1.000000
401 1296 388 70 1 33 0 0 0 -1 -1.000000 -1.000000
401 1440 286 72 1 44 0 0 0 -1 -1.000000 -1.000000
401 117 536 76 1 45 0 0 0 -1 -1.000000 -1.000000
401 660 507 425 0 -1 1 1 1 -1 -1.000000 -1.000000
402 1446 739 74 1 21 0 0 0 -1 -1.000000 -1.000000
402 1383 454 64 1 29 0 0 0 -1 -1.000000 -1.000000
402 1402 211 72 1 44 0 0 0 -1 -1.000000 -1.000000
402 221 615 76 1 45 0 0 0 -1 -1.000000 -1.000000
403 1443 732 74 1 21 0 0 0 -1 -1.000000 -1.000000
403 338 696 76 1 45 0 0 0 -1 -1.000000 -1.000000
404 1460 736 74 1 21 0 0 0 -1 -1.000000 -1.000000
404 422 794 76 1 45 0 0 0 -1 -1.000000 -1.000000
405 1469 737 72 1 21 0 0 0 -1 -1.000000 -1.000000
405 505 919 76 1 45 0 0 0 -1 -1.000000 -1.000000
406 1465 734 65 1 21 0 0 0 -1 -1.000000 -1.000000
407 1474 743 65 1 21 0 0 0 -1 -1.000000 -1.000000
408 1480 751 65 1 21 0 0 0 -1 -1.000000 -1.000000
409 1474 754 65 1 21 0 0 0 -1 -1.000000 -1.000000
409 1453 359 57 1 34 0 0 0 -1 -1.000000 -1.000000
410 1476 758 65 1 21 0 0 0 -1 -1.000000 -1.000000
410 660 1013 85 1 32 0 0 0 -1 -1.000000 -1.000000
410 1453 363 57 1 34 0 0 0 -1 -1.000000 -1.000000
411 1478 757 65 1 21 0 0 0 -1 -1.000000 -1.000000
411 686 921 89 1 32 0 0 0 -1 -1.000000 -1.000000
411 1393 476 70 1 33 0 0 0 -1 -1.000000 -1.000000
411 1451 347 57 1 34 0 0 0 -1 -1.000000 -1.000000
412 1469 755 65 1 21 0 0 0 -1 -1.000000 -1.000000
412 729 844 89 1 32 0 0 0 -1 -1.000000 -1.000000
412 1379 460 70 1 33 0 0 0 -1 -1.000000 -1.000000
412 1454 335 57 1 34 0 0 0 -1 -1.000000 -1.000000
413 1467 751 65 1 21 0 0 0 -1 -1.000000 -1.000000
413 803 750 89 1 32 0 0 0 -1 -1.000000 -1.000000
413 1355 435 70 1 33 0 0 0 -1 -1.000000 -1.000000
413 1452 329 57 1 34 0 0 0 -1 -1.000000 -1.000000
414 1454 741 65 1 21 0 0 0 -1 -1.000000 -1.000000
414 864 689 89 1 32 0 0 0 -1 -1.000000 -1.000000
414 1363 416 70 1 33 0 0 0 -1 -1.000000 -1.000000
414 1453 327 57 1 34 0 0 0 -1 -1.000000 -1.000000
414 245 849 82 1 35 0 0 0 -1 -1.000000 -1.000000
415 1450 739 71 1 21 0 0 0 -1 -1.000000 -1.000000
415 904 669 89 1 32 0 0 0 -1 -1.000000 -1.000000
415 1388 445 82 1 33 0 0 0 -1 -1.000000 -1.000000
415 1445 323 57 1 34 0 0 0 -1 -1.000000 -1.000000
415 335 780 89 1 35 0 0 0 -1 -1.000000 -1.000000
416 1443 736 71 1 21 0 0 0 -1 -1.000000 -1.000000
416 917 648 84 1 32 0 0 0 -1 -1.000000 -1.000000
416 1441 333 57 1 34 0 0 0 -1 -1.000000 -1.000000
416 444 691 89 1 35 0 0 0 -1 -1.000000 -1.000000
417 1444 728 71 1 21 0 0 0 -1 -1.000000 -1.000000
417 890 612 84 1 32 0 0 0 -1 -1.000000 -1.000000
417 1445 334 57 1 34 0 0 0 -1 -1.000000 -1.000000
417 580 615 89 1 35 0 0 0 -1 -1.000000 -1.000000
418 1449 731 74 1 21 0 0 0 -1 -1.000000 -1.000000
418 837 582 84 1 32 0 0 0 -1 -1.000000 -1.000000
418 1309 482 62 1 33 0 0 0 -1 -1.000000 -1.000000
418 1438 339 57 1 34 0 0 0 -1 -1.000000 -1.000000
418 694 591 63 1 35 0 0 0 -1 -1.000000 -1.000000
419 1441 728 74 1 21 0 0 0 -1 -1.000000 -1.000000
419 871 572 77 1 32 0 0 0 -1 -1.000000 -1.000000
419 1238 434 62 1 33 0 0 0 -1 -1.000000 -1.000000
419 1436 333 57 1 34 0 0 0 -1 -1.000000 -1.000000
419 772 582 63 1 35 0 0 0 -1 -1.000000 -1.000000
420 1443 730 74 1 21 0 0 0 -1 -1.000000 -1.000000
420 655 307 192 0 -1 0 0 0 -1 -1.000000 -1.000000
420 351 843 192 0 -1 0 0 0 -1 -1.000000 -1.000000
420 1218 366 62 1 33 0 0 0 -1 -1.000000 -1.000000
420 1421 320 57 1 34 0 0 0 -1 -1.000000 -1.000000
420 822 607 63 1 35 0 0 0 -1 -1.000000 -1.000000
421 1444 726 74 1 21 0 0 0 -1 -1.000000 -1.000000
421 1418 327 57 1 34 0 0 0 -1 -1.000000 -1.000000
421 902 625 82 1 35 0 0 0 -1 -1.000000 -1.000000
422 1447 723 74 1 21 0 0 0 -1 -1.000000 -1.000000
422 1414 330 57 1 34 0 0 0 -1 -1.000000 -1.000000
422 987 625 76 1 35 0 0 0 -1 -1.000000 -1.000000
423 1456 722 74 1 21 0 0 0 -1 -1.000000 -1.000000
423 1263 463 77 1 32 0 0 0 -1 -1.000000 -1.000000
423 1078 142 62 1 33 0 0 0 -1 -1.000000 -1.000000
423 1411 334 57 1 34 0 0 0 -1 -1.000000 -1.000000
423 1058 619 71 1 35 0 0 0 -1 -1.000000 -1.000000
424 1456 716 74 1 21 0 0 0 -1 -1.000000 -1.000000
424 1277 376 73 1 32 0 0 0 -1 -1.000000 -1.000000
424 1013 156 62 1 33 0 0 0 -1 -1.000000 -1.000000
424 1418 325 57 1 34 0 0 0 -1 -1.000000 -1.000000
424 1092 606 71 1 35 0 0 0 -1 -1.000000 -1.000000
425 1464 701 74 1 21 0 0 0 -1 -1.000000 -1.000000
425 1258 300 71 1 32 0 0 0 -1 -1.000000 -1.000000
425 996 180 62 1 33 0 0 0 -1 -1.000000 -1.000000
425 1420 319 55 1 34 0 0 0 -1 -1.000000 -1.000000
425 1079 585 71 1 35 0 0 0 -1 -1.000000 -1.000000
426 1478 691 74 1 21 0 0 0 -1 -1.000000 -1.000000
426 1207 232 71 1 32 0 0 0 -1 -1.000000 -1.000000
426 983 245 59 1 33 0 0 0 -1 -1.000000 -1.000000
426 1406 310 55 1 34 0 0 0 -1 -1.000000 -1.000000
426 1074 540 71 1 35 0 0 0 -1 -1.000000 -1.000000
427 1493 675 74 1 21 0 0 0 -1 -1.000000 -1.000000
427 1158 197 71 1 32 0 0 0 -1 -1.000000 -1.000000
427 1085 548 71 1 35 0 0 0 -1 -1.000000 -1.000000
428 1105 141 71 1 32 0 0 0 -1 -1.000000 -1.000000
428 953 432 59 1 33 0 0 0 -1 -1.000000 -1.000000
428 1123 585 71 1 35 0 0 0 -1 -1.000000 -1.000000
429 922 483 59 1 33 0 0 0 -1 -1.000000 -1.000000
429 1185 648 71 1 35 0 0 0 -1 -1.000000 -1.000000
430 911 485 59 1 33 0 0 0 -1 -1.000000 -1.000000
430 1239 687 71 1 35 0 0 0 -1 -1.000000 -1.000000
431 893 457 59 1 33 0 0 0 -1 -1.000000 -1.000000
431 1272 680 71 1 35 0 0 0 -1 -1.000000 -1.000000
432 847 418 59 1 33 0 0 0 -1 -1.000000 -1.000000
432 706 174 68 1 34 0 0 0 -1 -1.000000 -1.000000
432 1324 679 71 1 35 0 0 0 -1 -1.000000 -1.000000
433 794 422 59 1 33 0 0 0 -1 -1.000000 -1.000000
433 681 84 68 1 34 0 0 0 -1 -1.000000 -1.000000
433 1344 699 71 1 35 0 0 0 -1 -1.000000 -1.000000
433 1500 556 68 1 37 0 0 0 -1 -1.000000 -1.000000
434 730 449 59 1 33 0 0 0 -1 -1.000000 -1.000000
434 633 21 68 1 34 0 0 0 -1 -1.000000 -1.000000
434 1364 728 71 1 35 0 0 0 -1 -1.000000 -1.000000
434 1500 553 68 1 37 0 0 0 -1 -1.000000 -1.000000
435 677 499 70 1 33 0 0 0 -1 -1.000000 -1.000000
435 598 12 68 1 34 0 0 0 -1 -1.000000 -1.000000
435 1382 744 71 1 35 0 0 0 -1 -1.000000 -1.000000
435 1495 560 68 1 37 0 0 0 -1 -1.000000 -1.000000
436 644 601 70 1 33 0 0 0 -1 -1.000000 -1.000000
436 598 71 80 1 34 0 0 0 -1 -1.000000 -1.000000
436 1399 750 79 1 35 0 0 0 -1 -1.000000 -1.000000
436 1497 542 62 1 37 0 0 0 -1 -1.000000 -1.000000
437 1428 754 79 1 35 0 0 0 -1 -1.000000 -1.000000
437 1484 451 66 1 36 0 0 0 -1 -1.000000 -1.000000
437 1498 552 62 1 37 0 0 0 -1 -1.000000 -1.000000
438 816 148 80 1 34 0 0 0 -1 -1.000000 -1.000000
438 1455 746 79 1 35 0 0 0 -1 -1.000000 -1.000000
438 1483 442 69 1 36 0 0 0 -1 -1.000000 -1.000000
438 1504 545 62 1 37 0 0 0 -1 -1.000000 -1.000000
439 871 973 74 1 33 0 0 0 -1 -1.000000 -1.000000
439 866 110 80 1 34 0 0 0 -1 -1.000000 -1.000000
439 1464 752 79 1 35 0 0 0 -1 -1.000000 -1.000000
439 1492 431 69 1 36 0 0 0 -1 -1.000000 -1.000000
439 1494 550 62 1 37 0 0 0 -1 -1.000000 -1.000000
440 933 1023 74 1 33 0 0 0 -1 -1.000000 -1.000000
440 903 80 68 1 34 0 0 0 -1 -1.000000 -1.000000
440 1483 784 79 1 35 0 0 0 -1 -1.000000 -1.000000
440 1490 427 69 1 36 0 0 0 -1 -1.000000 -1.000000
440 1499 548 62 1 37 0 0 0 -1 -1.000000 -1.000000
441 989 1027 74 1 33 0 0 0 -1 -1.000000 -1.000000
441 913 65 63 1 34 0 0 0 -1 -1.000000 -1.000000
441 1516 803 79 1 35 0 0 0 -1 -1.000000 -1.000000
441 1491 440 69 1 36 0 0 0 -1 -1.000000 -1.000000
441 1505 546 62 1 37 0 0 0 -1 -1.000000 -1.000000
442 1030 1002 74 1 33 0 0 0 -1 -1.000000 -1.000000
442 1519 817 79 1 35 0 0 0 -1 -1.000000 -1.000000
442 1493 445 69 1 36 0 0 0 -1 -1.000000 -1.000000
442 1507 564 62 1 37 0 0 0 -1 -1.000000 -1.000000
443 1041 952 74 1 33 0 0 0 -1 -1.000000 -1.000000
443 1521 812 79 1 35 0 0 0 -1 -1.000000 -1.000000
443 1492 454 69 1 36 0 0 0 -1 -1.000000 -1.000000
443 1514 558 62 1 37 0 0 0 -1 -1.000000 -1.000000
444 1029 959 74 1 33 0 0 0 -1 -1.000000 -1.000000
444 1536 818 79 1 35 0 0 0 -1 -1.000000 -1.000000
444 1499 450 69 1 36 0 0 0 -1 -1.000000 -1.000000
444 1509 563 62 1 37 0 0 0 -1 -1.000000 -1.000000
445 998 946 74 1 33 0 0 0 -1 -1.000000 -1.000000
445 1541 818 79 1 35 0 0 0 -1 -1.000000 -1.000000
445 1502 449 69 1 36 0 0 0 -1 -1.000000 -1.000000
445 1513 564 62 1 37 0 0 0 -1 -1.000000 -1.000000
446 984 901 74 1 33 0 0 0 -1 -1.000000 -1.000000
446 1551 817 79 1 35 0 0 0 -1 -1.000000 -1.000000
446 1500 445 69 1 36 0 0 0 -1 -1.000000 -1.000000
446 1522 557 62 1 37 0 0 0 -1 -1.000000 -1.000000
447 976 823 74 1 33 0 0 0 -1 -1.000000 -1.000000
447 1562 820 79 1 35 0 0 0 -1 -1.000000 -1.000000
447 1503 439 69 1 36 0 0 0 -1 -1.000000 -1.000000
447 1522 564 65 1 37 0 0 0 -1 -1.000000 -1.000000
448 937 753 74 1 33 0 0 0 -1 -1.000000 -1.000000
448 1572 820 79 1 35 0 0 0 -1 -1.000000 -1.000000
448 1505 436 69 1 36 0 0 0 -1 -1.000000 -1.000000
448 1517 557 65 1 37 0 0 0 -1 -1.000000 -1.000000
449 871 681 74 1 33 0 0 0 -1 -1.000000 -1.000000
449 1586 815 73 1 35 0 0 0 -1 -1.000000 -1.000000
449 1507 435 70 1 36 0 0 0 -1 -1.000000 -1.000000
449 1513 562 65 1 37 0 0 0 -1 -1.000000 -1.000000
450 841 634 67 1 33 0 0 0 -1 -1.000000 -1.000000
450 1510 440 70 1 36 0 0 0 -1 -1.000000 -1.000000
450 1532 572 65 1 37 0 0 0 -1 -1.000000 -1.000000
451 818 547 67 1 33 0 0 0 -1 -1.000000 -1.000000
451 1514 439 70 1 36 0 0 0 -1 -1.000000 -1.000000
451 1524 577 70 1 37 0 0 0 -1 -1.000000 -1.000000
452 1516 437 76 1 36 0 0 0 -1 -1.000000 -1.000000
452 1522 582 70 1 37 0 0 0 -1 -1.000000 -1.000000
453 720 400 62 1 33 0 0 0 -1 -1.000000 -1.000000
453 1518 426 78 1 36 0 0 0 -1 -1.000000 -1.000000
453 1523 586 70 1 37 0 0 0 -1 -1.000000 -1.000000
454 696 397 65 1 33 0 0 0 -1 -1.000000 -1.000000
454 1517 427 78 1 36 0 0 0 -1 -1.000000 -1.000000
454 1523 581 70 1 37 0 0 0 -1 -1.000000 -1.000000
455 717 387 65 1 33 0 0 0 -1 -1.000000 -1.000000
455 1520 416 78 1 36 0 0 0 -1 -1.000000 -1.000000
455 1518 585 70 1 37 0 0 0 -1 -1.000000 -1.000000
456 747 359 65 1 33 0 0 0 -1 -1.000000 -1.000000
456 1521 410 78 1 36 0 0 0 -1 -1.000000 -1.000000
456 1515 589 70 1 37 0 0 0 -1 -1.000000 -1.000000
457 765 334 65 1 33 0 0 0 -1 -1.000000 -1.000000
457 1511 395 78 1 36 0 0 0 -1 -1.000000 -1.000000
457 1498 601 70 1 37 0 0 0 -1 -1.000000 -1.000000
458 810 310 65 1 33 0 0 0 -1 -1.000000 -1.000000
458 1506 393 78 1 36 0 0 0 -1 -1.000000 -1.000000
458 1494 647 70 1 37 0 0 0 -1 -1.000000 -1.000000
458 658 113 46 1 38 0 0 0 -1 -1.000000 -1.000000
459 850 270 57 1 33 0 0 0 -1 -1.000000 -1.000000
459 1512 378 76 1 36 0 0 0 -1 -1.000000 -1.000000
459 1506 642 70 1 37 0 0 0 -1 -1.000000 -1.000000
459 661 127 46 1 38 0 0 0 -1 -1.000000 -1.000000
459 153 1006 66 1 40 0 0 0 -1 -1.000000 -1.000000
460 884 214 57 1 33 0 0 0 -1 -1.000000 -1.000000
460 1515 368 76 1 36 0 0 0 -1 -1.000000 -1.000000
460 1514 624 70 1 37 0 0 0 -1 -1.000000 -1.000000
460 671 141 46 1 38 0 0 0 -1 -1.000000 -1.000000
460 257 956 73 1 40 0 0 0 -1 -1.000000 -1.000000
461 893 169 57 1 33 0 0 0 -1 -1.000000 -1.000000
461 1518 356 69 1 36 0 0 0 -1 -1.000000 -1.000000
461 1526 613 70 1 37 0 0 0 -1 -1.000000 -1.000000
461 684 161 46 1 38 0 0 0 -1 -1.000000 -1.000000
461 161 333 66 1 39 0 0 0 -1 -1.000000 -1.000000
461 344 891 79 1 40 0 0 0 -1 -1.000000 -1.000000
462 897 162 57 1 33 0 0 0 -1 -1.000000 -1.000000
462 1519 334 65 1 36 0 0 0 -1 -1.000000 -1.000000
462 1525 600 70 1 37 0 0 0 -1 -1.000000 -1.000000
462 685 187 46 1 38 0 0 0 -1 -1.000000 -1.000000
462 127 377 66 1 39 0 0 0 -1 -1.000000 -1.000000
462 419 828 79 1 40 0 0 0 -1 -1.000000 -1.000000
463 882 201 57 1 33 0 0 0 -1 -1.000000 -1.000000
463 1516 325 65 1 36 0 0 0 -1 -1.000000 -1.000000
463 1523 589 74 1 37 0 0 0 -1 -1.000000 -1.000000
463 684 216 46 1 38 0 0 0 -1 -1.000000 -1.000000
463 123 395 66 1 39 0 0 0 -1 -1.000000 -1.000000
463 507 816 79 1 40 0 0 0 -1 -1.000000 -1.000000
464 1515 328 65 1 36 0 0 0 -1 -1.000000 -1.000000
464 1526 593 74 1 37 0 0 0 -1 -1.000000 -1.000000
464 679 254 46 1 38 0 0 0 -1 -1.000000 -1.000000
464 137 421 78 1 39 0 0 0 -1 -1.000000 -1.000000
464 617 875 79 1 40 0 0 0 -1 -1.000000 -1.000000
464 461 27 74 1 41 0 0 0 -1 -1.000000 -1.000000
465 1514 324 65 1 36 0 0 0 -1 -1.000000 -1.000000
465 1530 584 74 1 37 0 0 0 -1 -1.000000 -1.000000
465 661 293 46 1 38 0 0 0 -1 -1.000000 -1.000000
465 163 448 78 1 39 0 0 0 -1 -1.000000 -1.000000
465 712 949 79 1 40 0 0 0 -1 -1.000000 -1.000000
465 510 118 74 1 41 0 0 0 -1 -1.000000 -1.000000
466 1514 311 65 1 36 0 0 0 -1 -1.000000 -1.000000
466 1540 571 74 1 37 0 0 0 -1 -1.000000 -1.000000
466 650 341 46 1 38 0 0 0 -1 -1.000000 -1.000000
466 185 481 78 1 39 0 0 0 -1 -1.000000 -1.000000
466 771 981 79 1 40 0 0 0 -1 -1.000000 -1.000000
466 797 561 67 1 33 0 0 0 -1 -1.000000 -1.000000
466 579 247 74 1 41 0 0 0 -1 -1.000000 -1.000000
467 1516 287 61 1 36 0 0 0 -1 -1.000000 -1.000000
467 1538 556 74 1 37 0 0 0 -1 -1.000000 -1.000000
467 235 528 78 1 39 0 0 0 -1 -1.000000 -1.000000
467 817 980 79 1 40 0 0 0 -1 -1.000000 -1.000000
467 815 605 67 1 33 0 0 0 -1 -1.000000 -1.000000
467 643 363 74 1 41 0 0 0 -1 -1.000000 -1.000000
468 1519 288 67 1 36 0 0 0 -1 -1.000000 -1.000000
468 1546 549 74 1 37 0 0 0 -1 -1.000000 -1.000000
468 307 583 78 1 39 0 0 0 -1 -1.000000 -1.000000
468 866 953 79 1 40 0 0 0 -1 -1.000000 -1.000000
468 837 627 70 1 33 0 0 0 -1 -1.000000 -1.000000
468 705 443 67 1 41 0 0 0 -1 -1.000000 -1.000000
469 1521 277 72 1 36 0 0 0 -1 -1.000000 -1.000000
469 1546 534 74 1 37 0 0 0 -1 -1.000000 -1.000000
469 680 441 46 1 38 0 0 0 -1 -1.000000 -1.000000
469 376 612 68 1 39 0 0 0 -1 -1.000000 -1.000000
469 922 925 79 1 40 0 0 0 -1 -1.000000 -1.000000
469 839 671 70 1 33 0 0 0 -1 -1.000000 -1.000000
469 744 496 74 1 41 0 0 0 -1 -1.000000 -1.000000
470 1523 270 72 1 36 0 0 0 -1 -1.000000 -1.000000
470 1555 528 74 1 37 0 0 0 -1 -1.000000 -1.000000
470 760 421 50 1 38 0 0 0 -1 -1.000000 -1.000000
470 451 644 68 1 39 0 0 0 -1 -1.000000 -1.000000
470 1015 915 79 1 40 0 0 0 -1 -1.000000 -1.000000
470 832 743 80 1 33 0 0 0 -1 -1.000000 -1.000000
470 780 518 74 1 41 0 0 0 -1 -1.000000 -1.000000
471 1529 279 72 1 36 0 0 0 -1 -1.000000 -1.000000
471 1558 530 74 1 37 0 0 0 -1 -1.000000 -1.000000
471 809 403 50 1 38 0 0 0 -1 -1.000000 -1.000000
471 530 670 68 1 39 0 0 0 -1 -1.000000 -1.000000
471 1140 941 79 1 40 0 0 0 -1 -1.000000 -1.000000
471 820 788 80 1 33 0 0 0 -1 -1.000000 -1.000000
471 819 536 74 1 41 0 0 0 -1 -1.000000 -1.000000
472 1528 292 75 1 36 0 0 0 -1 -1.000000 -1.000000
472 1557 539 74 1 37 0 0 0 -1 -1.000000 -1.000000
472 820 398 55 1 38 0 0 0 -1 -1.000000 -1.000000
472 597 695 68 1 39 0 0 0 -1 -1.000000 -1.000000
472 1243 981 79 1 40 0 0 0 -1 -1.000000 -1.000000
472 809 816 80 1 33 0 0 0 -1 -1.000000 -1.000000
472 850 505 74 1 41 0 0 0 -1 -1.000000 -1.000000
473 1525 296 75 1 36 0 0 0 -1 -1.000000 -1.000000
473 1552 548 67 1 37 0 0 0 -1 -1.000000 -1.000000
473 811 394 55 1 38 0 0 0 -1 -1.000000 -1.000000
473 643 712 68 1 39 0 0 0 -1 -1.000000 -1.000000
473 1317 1035 79 1 40 0 0 0 -1 -1.000000 -1.000000
473 797 859 80 1 33 0 0 0 -1 -1.000000 -1.000000
473 873 462 74 1 41 0 0 0 -1 -1.000000 -1.000000
474 1526 304 75 1 36 0 0 0 -1 -1.000000 -1.000000
474 1551 557 65 1 37 0 0 0 -1 -1.000000 -1.000000
474 808 399 55 1 38 0 0 0 -1 -1.000000 -1.000000
474 688 717 68 1 39 0 0 0 -1 -1.000000 -1.000000
474 808 926 80 1 33 0 0 0 -1 -1.000000 -1.000000
474 898 409 74 1 41 0 0 0 -1 -1.000000 -1.000000
475 1529 305 75 1 36 0 0 0 -1 -1.000000 -1.000000
475 1564 559 65 1 37 0 0 0 -1 -1.000000 -1.000000
475 816 433 57 1 38 0 0 0 -1 -1.000000 -1.000000
475 717 727 68 1 39 0 0 0 -1 -1.000000 -1.000000
475 1454 1030 79 1 40 0 0 0 -1 -1.000000 -1.000000
475 836 994 80 1 33 0 0 0 -1 -1.000000 -1.000000
475 904 344 74 1 41 0 0 0 -1 -1.000000 -1.000000
476 1529 304 75 1 36 0 0 0 -1 -1.000000 -1.000000
476 1560 569 65 1 37 0 0 0 -1 -1.000000 -1.000000
476 834 477 57 1 38 0 0 0 -1 -1.000000 -1.000000
476 754 742 68 1 39 0 0 0 -1 -1.000000 -1.000000
476 1496 1021 79 1 40 0 0 0 -1 -1.000000 -1.000000
476 883 1014 80 1 33 0 0 0 -1 -1.000000 -1.000000
476 914 268 74 1 41 0 0 0 -1 -1.000000 -1.000000
477 1541 288 75 1 36 0 0 0 -1 -1.000000 -1.000000
477 1560 567 65 1 37 0 0 0 -1 -1.000000 -1.000000
477 873 500 57 1 38 0 0 0 -1 -1.000000 -1.000000
477 807 737 63 1 39 0 0 0 -1 -1.000000 -1.000000
477 1541 1006 79 1 40 0 0 0 -1 -1.000000 -1.000000
477 931 965 80 1 33 0 0 0 -1 -1.000000 -1.000000
477 913 213 74 1 41 0 0 0 -1 -1.000000 -1.000000
478 1538 272 66 1 36 0 0 0 -1 -1.000000 -1.000000
478 1568 562 65 1 37 0 0 0 -1 -1.000000 -1.000000
478 925 525 57 1 38 0 0 0 -1 -1.000000 -1.000000
478 847 743 63 1 39 0 0 0 -1 -1.000000 -1.000000
478 1532 1015 79 1 40 0 0 0 -1 -1.000000 -1.000000
478 978 865 74 1 33 0 0 0 -1 -1.000000 -1.000000
478 893 156 70 1 41 0 0 0 -1 -1.000000 -1.000000
479 1530 276 66 1 36 0 0 0 -1 -1.000000 -1.000000
479 1569 552 65 1 37 0 0 0 -1 -1.000000 -1.000000
479 1001 529 57 1 38 0 0 0 -1 -1.000000 -1.000000
479 864 761 63 1 39 0 0 0 -1 -1.000000 -1.000000
479 1534 1020 79 1 40 0 0 0 -1 -1.000000 -1.000000
479 976 740 74 1 33 0 0 0 -1 -1.000000 -1.000000
479 874 112 70 1 41 0 0 0 -1 -1.000000 -1.000000
480 1532 264 66 1 36 0 0 0 -1 -1.000000 -1.000000
480 1554 547 65 1 37 0 0 0 -1 -1.000000 -1.000000
480 1061 517 57 1 38 0 0 0 -1 -1.000000 -1.000000
480 882 795 63 1 39 0 0 0 -1 -1.000000 -1.000000
480 1533 1020 79 1 40 0 0 0 -1 -1.000000 -1.000000
480 901 650 74 1 33 0 0 0 -1 -1.000000 -1.000000
480 842 65 70 1 41 0 0 0 -1 -1.000000 -1.000000
481 1533 267 66 1 36 0 0 0 -1 -1.000000 -1.000000
481 1551 549 65 1 37 0 0 0 -1 -1.000000 -1.000000
481 1099 500 57 1 38 0 0 0 -1 -1.000000 -1.000000
481 897 829 63 1 39 0 0 0 -1 -1.000000 -1.000000
481 1536 1014 79 1 40 0 0 0 -1 -1.000000 -1.000000
481 844 583 74 1 33 0 0 0 -1 -1.000000 -1.000000
481 798 27 65 1 41 0 0 0 -1 -1.000000 -1.000000
482 1527 263 66 1 36 0 0 0 -1 -1.000000 -1.000000
482 1534 547 65 1 37 0 0 0 -1 -1.000000 -1.000000
482 1123 511 57 1 38 0 0 0 -1 -1.000000 -1.000000
482 906 856 63 1 39 0 0 0 -1 -1.000000 -1.000000
482 1535 1016 79 1 40 0 0 0 -1 -1.000000 -1.000000
482 788 523 74 1 33 0 0 0 -1 -1.000000 -1.000000
483 1526 253 66 1 36 0 0 0 -1 -1.000000 -1.000000
483 1540 548 65 1 37 0 0 0 -1 -1.000000 -1.000000
483 1157 542 57 1 38 0 0 0 -1 -1.000000 -1.000000
483 935 847 63 1 39 0 0 0 -1 -1.000000 -1.000000
483 1536 1013 79 1 40 0 0 0 -1 -1.000000 -1.000000
483 761 429 74 1 33 0 0 0 -1 -1.000000 -1.000000
484 1535 231 66 1 36 0 0 0 -1 -1.000000 -1.000000
484 1541 534 65 1 37 0 0 0 -1 -1.000000 -1.000000
484 1214 578 57 1 38 0 0 0 -1 -1.000000 -1.000000
484 969 809 63 1 39 0 0 0 -1 -1.000000 -1.000000
484 1560 1003 79 1 40 0 0 0 -1 -1.000000 -1.000000
484 723 332 79 1 33 0 0 0 -1 -1.000000 -1.000000
485 1539 219 66 1 36 0 0 0 -1 -1.000000 -1.000000
485 1545 526 65 1 37 0 0 0 -1 -1.000000 -1.000000
485 1262 595 57 1 38 0 0 0 -1 -1.000000 -1.000000
485 981 771 63 1 39 0 0 0 -1 -1.000000 -1.000000
485 1566 991 79 1 40 0 0 0 -1 -1.000000 -1.000000
485 681 208 79 1 33 0 0 0 -1 -1.000000 -1.000000
486 1530 210 63 1 36 0 0 0 -1 -1.000000 -1.000000
486 1536 530 65 1 37 0 0 0 -1 -1.000000 -1.000000
486 1301 595 57 1 38 0 0 0 -1 -1.000000 -1.000000
486 964 720 63 1 39 0 0 0 -1 -1.000000 -1.000000
486 1577 992 79 1 40 0 0 0 -1 -1.000000 -1.000000
487 1517 206 63 1 36 0 0 0 -1 -1.000000 -1.000000
487 1491 539 65 1 37 0 0 0 -1 -1.000000 -1.000000
487 1334 584 57 1 38 0 0 0 -1 -1.000000 -1.000000
487 962 686 63 1 39 0 0 0 -1 -1.000000 -1.000000
487 1585 986 79 1 40 0 0 0 -1 -1.000000 -1.000000
488 1519 193 63 1 36 0 0 0 -1 -1.000000 -1.000000
488 975 622 63 1 39 0 0 0 -1 -1.000000 -1.000000
488 1599 975 79 1 40 0 0 0 -1 -1.000000 -1.000000
489 1527 179 63 1 36 0 0 0 -1 -1.000000 -1.000000
489 1389 633 62 1 38 0 0 0 -1 -1.000000 -1.000000
489 1009 553 63 1 39 0 0 0 -1 -1.000000 -1.000000
489 1628 967 79 1 40 0 0 0 -1 -1.000000 -1.000000
490 1534 178 63 1 36 0 0 0 -1 -1.000000 -1.000000
490 1425 666 62 1 38 0 0 0 -1 -1.000000 -1.000000
490 1046 484 63 1 39 0 0 0 -1 -1.000000 -1.000000
491 1529 184 63 1 36 0 0 0 -1 -1.000000 -1.000000
491 774 462 68 1 37 0 0 0 -1 -1.000000 -1.000000
491 1457 685 62 1 38 0 0 0 -1 -1.000000 -1.000000
491 1072 446 63 1 39 0 0 0 -1 -1.000000 -1.000000
492 1527 180 63 1 36 0 0 0 -1 -1.000000 -1.000000
492 635 378 73 1 37 0 0 0 -1 -1.000000 -1.000000
492 1464 691 62 1 38 0 0 0 -1 -1.000000 -1.000000
492 1109 421 63 1 39 0 0 0 -1 -1.000000 -1.000000
493 1521 183 63 1 36 0 0 0 -1 -1.000000 -1.000000
493 511 314 67 1 37 0 0 0 -1 -1.000000 -1.000000
493 1458 698 62 1 38 0 0 0 -1 -1.000000 -1.000000
493 1156 420 63 1 39 0 0 0 -1 -1.000000 -1.000000
494 1515 183 63 1 36 0 0 0 -1 -1.000000 -1.000000
494 385 252 68 1 37 0 0 0 -1 -1.000000 -1.000000
494 1452 699 62 1 38 0 0 0 -1 -1.000000 -1.000000
494 1201 447 60 1 39 0 0 0 -1 -1.000000 -1.000000
494 271 55 51 1 -1 0 0 0 -1 -1.000000 -1.000000
495 1509 192 63 1 36 0 0 0 -1 -1.000000 -1.000000
495 335 210 59 1 37 0 0 0 -1 -1.000000 -1.000000
495 1448 710 62 1 38 0 0 0 -1 -1.000000 -1.000000
495 1227 488 60 1 39 0 0 0 -1 -1.000000 -1.000000
495 288 88 51 1 -1 0 0 0 -1 -1.000000 -1.000000
496 1493 198 63 1 36 0 0 0 -1 -1.000000 -1.000000
496 1427 714 66 1 38 0 0 0 -1 -1.000000 -1.000000
496 1241 539 60 1 39 0 0 0 -1 -1.000000 -1.000000
497 1485 201 63 1 36 0 0 0 -1 -1.000000 -1.000000
497 303 97 59 1 37 0 0 0 -1 -1.000000 -1.000000
497 1439 711 66 1 38 0 0 0 -1 -1.000000 -1.000000
497 1257 561 60 1 39 0 0 0 -1 -1.000000 -1.000000
498 1495 197 63 1 36 0 0 0 -1 -1.000000 -1.000000
498 347 62 59 1 37 0 0 0 -1 -1.000000 -1.000000
498 1437 708 66 1 38 0 0 0 -1 -1.000000 -1.000000
498 1275 544 60 1 39 0 0 0 -1 -1.000000 -1.000000
498 338 201 51 1 43 0 0 0 -1 -1.000000 -1.000000
499 1500 191 63 1 36 0 0 0 -1 -1.000000 -1.000000
499 1436 699 66 1 38 0 0 0 -1 -1.000000 -1.000000
499 1298 527 60 1 39 0 0 0 -1 -1.000000 -1.000000
499 344 229 51 1 43 0 0 0 -1 -1.000000 -1.000000
500 1487 181 63 1 36 0 0 0 -1 -1.000000 -1.000000
500 1436 700 66 1 38 0 0 0 -1 -1.000000 -1.000000
500 1334 511 60 1 39 0 0 0 -1 -1.000000 -1.000000
500 332 246 51 1 43 0 0 0 -1 -1.000000 -1.000000
501 1488 173 63 1 36 0 0 0 -1 -1.000000 -1.000000
501 1436 691 66 1 38 0 0 0 -1 -1.000000 -1.000000
501 1366 553 62 1 39 0 0 0 -1 -1.000000 -1.000000
501 327 262 51 1 43 0 0 0 -1 -1.000000 -1.000000
502 1492 173 63 1 36 0 0 0 -1 -1.000000 -1.000000
502 687 90 71 1 37 0 0 0 -1 -1.000000 -1.000000
502 1436 691 66 1 38 0 0 0 -1 -1.000000 -1.000000
502 1386 566 62 1 39 0 0 0 -1 -1.000000 -1.000000
502 346 299 51 1 43 0 0 0 -1 -1.000000 -1.000000
503 1490 167 63 1 36 0 0 0 -1 -1.000000 -1.000000
503 777 100 71 1 37 0 0 0 -1 -1.000000 -1.000000
503 1429 685 66 1 38 0 0 0 -1 -1.000000 -1.000000
503 1386 563 62 1 39 0 0 0 -1 -1.000000 -1.000000
503 388 347 51 1 43 0 0 0 -1 -1.000000 -1.000000
504 1479 154 63 1 36 0 0 0 -1 -1.000000 -1.000000
504 845 110 71 1 37 0 0 0 -1 -1.000000 -1.000000
504 1414 678 66 1 38 0 0 0 -1 -1.000000 -1.000000
504 1381 562 67 1 39 0 0 0 -1 -1.000000 -1.000000
504 457 384 55 1 43 0 0 0 -1 -1.000000 -1.000000
505 1421 128 63 1 36 0 0 0 -1 -1.000000 -1.000000
505 883 117 71 1 37 0 0 0 -1 -1.000000 -1.000000
505 1406 682 66 1 38 0 0 0 -1 -1.000000 -1.000000
505 1388 559 67 1 39 0 0 0 -1 -1.000000 -1.000000
505 527 406 55 1 43 0 0 0 -1 -1.000000 -1.000000
506 900 140 71 1 37 0 0 0 -1 -1.000000 -1.000000
506 1408 688 66 1 38 0 0 0 -1 -1.000000 -1.000000
506 1379 563 67 1 39 0 0 0 -1 -1.000000 -1.000000
506 605 431 55 1 43 0 0 0 -1 -1.000000 -1.000000
507 894 167 68 1 37 0 0 0 -1 -1.000000 -1.000000
507 1402 690 66 1 38 0 0 0 -1 -1.000000 -1.000000
507 1379 572 61 1 39 0 0 0 -1 -1.000000 -1.000000
507 672 449 64 1 43 0 0 0 -1 -1.000000 -1.000000
508 871 228 63 1 37 0 0 0 -1 -1.000000 -1.000000
508 1406 697 72 1 38 0 0 0 -1 -1.000000 -1.000000
508 1379 576 61 1 39 0 0 0 -1 -1.000000 -1.000000
508 773 489 64 1 43 0 0 0 -1 -1.000000 -1.000000
509 827 271 63 1 37 0 0 0 -1 -1.000000 -1.000000
509 1422 701 72 1 38 0 0 0 -1 -1.000000 -1.000000
509 1390 572 61 1 39 0 0 0 -1 -1.000000 -1.000000
509 859 493 64 1 43 0 0 0 -1 -1.000000 -1.000000
