bee 0.2869791666666667 0.7101851851851851 0.40260416666666665 0.8898148148148148
bee 0.7130208333333333 0.6675925925925926 0.8307291666666666 0.8314814814814815
bee 0.0005208333333333333 0.6111111111111112 0.057291666666666664 0.8046296296296296
bee 0.834375 0.7138888888888889 0.915625 0.8805555555555555
bee 0.17760416666666667 0.5583333333333333 0.2859375 0.700925925925926
bee 0.509375 0.4601851851851852 0.5942708333333333 0.625
bee 0.4 0.1388888888888889 0.5130208333333334 0.3175925925925926
bee 0.5833333333333334 0.08518518518518518 0.6828125 0.24722222222222223
bee 0.553125 0.4527777777777778 0.6208333333333333 0.6055555555555555
bee 0.9171875 0.562962962962963 0.9984375 0.7296296296296296
bee 0.9197916666666667 0.7212962962962963 0.9979166666666667 0.8472222222222222
