bee 0.11979166666666667 0.7981481481481482 0.20260416666666667 0.9111111111111111
bee 0.28489583333333335 0.7185185185185186 0.40260416666666665 0.8953703703703704
bee 0.709375 0.6657407407407407 0.8307291666666666 0.8222222222222222
bee 0.06979166666666667 0.5675925925925925 0.16510416666666666 0.7907407407407407
bee 0.921875 0.5814814814814815 1.0 0.725925925925926
bee 0.196875 0.5481481481481482 0.30364583333333334 0.7231481481481481
bee 0.5458333333333333 0.4398148148148148 0.6317708333333333 0.6129629629629629
bee 0.46927083333333336 0.4064814814814815 0.553125 0.5925925925925926
bee 0.39739583333333334 0.15185185185185185 0.49375 0.3175925925925926
bee 0.35 0.000925925925925926 0.42604166666666665 0.06574074074074074
bee 0.9182291666666667 0.7157407407407408 1.0 0.8416666666666667
