bee 0.296875 0.7194444444444444 0.40572916666666664 0.8925925925925926
bee 0.7041666666666667 0.6564814814814814 0.8197916666666667 0.7870370370370371
bee 0.10572916666666667 0.612037037037037 0.1765625 0.7898148148148149
bee 0.21927083333333333 0.537962962962963 0.315625 0.7212962962962963
bee 0.9322916666666666 0.4842592592592593 1.0 0.6064814814814815
bee 0.5494791666666666 0.3972222222222222 0.6463541666666667 0.5898148148148148
bee 0.40260416666666665 0.18425925925925926 0.49166666666666664 0.36574074074074076
bee 0.4890625 0.000925925925925926 0.6010416666666667 0.14629629629629629
bee 0.3458333333333333 0.3611111111111111 0.4395833333333333 0.5157407407407407
bee 0.31197916666666664 0.2824074074074074 0.4005208333333333 0.38333333333333336
bee 0.6229166666666667 0.42777777777777776 0.7072916666666667 0.575925925925926
bee 0.9213541666666667 0.5796296296296296 1.0 0.725925925925926
bee 0.9333333333333333 0.700925925925926 1.0 0.8472222222222222
bee 0.1203125 0.7564814814814815 0.20520833333333333 0.9074074074074074
