bee 0.8234375 0.7574074074074074 0.9 0.8796296296296297
bee 0.2942708333333333 0.6861111111111111 0.40208333333333335 0.8611111111111112
bee 0.7057291666666666 0.637962962962963 0.8130208333333333 0.8296296296296296
bee 0.921875 0.5768518518518518 1.0 0.7138888888888889
bee 0.11875 0.5546296296296296 0.19739583333333333 0.7342592592592593
bee 0.6286458333333333 0.5351851851851852 0.725 0.700925925925926
bee 0.5385416666666667 0.48055555555555557 0.6265625 0.6472222222222223
bee 0.39895833333333336 0.15 0.5135416666666667 0.3111111111111111
bee 0.146875 0.5361111111111111 0.25 0.6703703703703704
bee 0.921875 0.7 1.0 0.837037037037037
