bee 0.28854166666666664 0.7101851851851851 0.3848958333333333 0.8824074074074074
bee 0.7125 0.6555555555555556 0.7973958333333333 0.825925925925926
bee 0.025520833333333333 0.5861111111111111 0.09322916666666667 0.7712962962962963
bee 0.9244791666666666 0.5851851851851851 1.0 0.7203703703703703
bee 0.16145833333333334 0.5481481481481482 0.26875 0.6944444444444444
bee 0.5552083333333333 0.48518518518518516 0.6369791666666667 0.6453703703703704
bee 0.4083333333333333 0.15462962962962962 0.5130208333333334 0.3138888888888889
bee 0.5911458333333334 0.09722222222222222 0.7098958333333333 0.19444444444444445
bee 0.7890625 0.7462962962962963 0.8848958333333333 0.8722222222222222
bee 0.9244791666666666 0.7 1.0 0.8351851851851851
