bee 0.7458333333333333 0.7805555555555556 0.8130208333333333 0.8898148148148148
bee 0.31145833333333334 0.7777777777777778 0.4005208333333333 0.9018518518518519
bee 0.5875 0.8027777777777778 0.6515625 0.8842592592592593
bee 0.7036458333333333 0.6481481481481481 0.8119791666666667 0.787962962962963
bee 0.22395833333333334 0.5212962962962963 0.32447916666666665 0.7175925925925926
bee 0.921875 0.5268518518518519 1.0 0.6861111111111111
bee 0.5723958333333333 0.475 0.6848958333333334 0.6240740740740741
bee 0.9927083333333333 0.3111111111111111 1.0 0.34629629629629627
bee 0.06875 0.287962962962963 0.14739583333333334 0.5194444444444445
bee 0.4078125 0.2222222222222222 0.48802083333333335 0.42777777777777776
bee 0.27708333333333335 0.16666666666666666 0.3375 0.3435185185185185
bee 0.5151041666666667 0.000925925925925926 0.5802083333333333 0.1527777777777778
bee 0.4859375 0.31296296296296294 0.5661458333333333 0.5185185185185185
bee 0.13072916666666667 0.30277777777777776 0.19427083333333334 0.47685185185185186
bee 0.9640625 0.6898148148148148 1.0 0.8379629629629629
