bee 0.11145833333333334 0.7722222222222223 0.2078125 0.9027777777777778
bee 0.2875 0.725 0.40208333333333335 0.8972222222222223
bee 0.7114583333333333 0.675 0.8255208333333334 0.8138888888888889
bee 0.028645833333333332 0.5916666666666667 0.11666666666666667 0.8027777777777778
bee 0.22135416666666666 0.5694444444444444 0.31145833333333334 0.7194444444444444
bee 0.9369791666666667 0.5601851851851852 1.0 0.8305555555555556
bee 0.5463541666666667 0.4166666666666667 0.6489583333333333 0.6092592592592593
bee 0.3484375 0.387037037037037 0.43385416666666665 0.5287037037037037
bee 0.4786458333333333 0.15 0.5583333333333333 0.29814814814814816
bee 0.5822916666666667 0.000925925925925926 0.6427083333333333 0.07777777777777778
bee 0.39479166666666665 0.15555555555555556 0.4796875 0.3537037037037037
bee 0.35885416666666664 0.20277777777777778 0.4322916666666667 0.3194444444444444
