bee 0.7489583333333333 0.7935185185185185 0.815625 0.8972222222222223
bee 0.30364583333333334 0.7675925925925926 0.4010416666666667 0.9
bee 0.7114583333333333 0.6592592592592592 0.809375 0.7981481481481482
bee 0.2203125 0.5185185185185185 0.3125 0.7166666666666667
bee 0.925 0.537962962962963 1.0 0.6851851851851852
bee 0.5682291666666667 0.4648148148148148 0.6791666666666667 0.6333333333333333
bee 0.10416666666666667 0.5194444444444445 0.18229166666666666 0.6990740740740741
bee 0.95625 0.36944444444444446 1.0 0.4925925925925926
bee 0.3953125 0.21574074074074073 0.48854166666666665 0.4101851851851852
bee 0.2713541666666667 0.22962962962962963 0.3651041666666667 0.42685185185185187
bee 0.48125 0.000925925925925926 0.5265625 0.12962962962962962
bee 0.06927083333333334 0.39166666666666666 0.1421875 0.5537037037037037
bee 0.95 0.6925925925925925 1.0 0.8351851851851851
