bee 0.2869791666666667 0.7055555555555556 0.39010416666666664 0.8972222222222223
bee 0.7166666666666667 0.662962962962963 0.7994791666666666 0.8203703703703704
bee 0.0046875 0.5935185185185186 0.07239583333333334 0.7907407407407407
bee 0.9229166666666667 0.5851851851851851 1.0 0.7296296296296296
bee 0.1671875 0.5416666666666666 0.2786458333333333 0.7018518518518518
bee 0.4010416666666667 0.14907407407407408 0.5171875 0.31574074074074077
bee 0.5734375 0.13333333333333333 0.6927083333333334 0.26481481481481484
bee 0.809375 0.7222222222222222 0.8921875 0.8796296296296297
bee 0.9229166666666667 0.6935185185185185 1.0 0.8379629629629629
bee 0.5302083333333333 0.47129629629629627 0.6333333333333333 0.6472222222222223
