bee 0.8135416666666667 0.7546296296296297 0.8942708333333333 0.8824074074074074
bee 0.28072916666666664 0.687962962962963 0.4015625 0.8601851851851852
bee 0.7052083333333333 0.6537037037037037 0.8119791666666667 0.825
bee 0.921875 0.5722222222222222 1.0 0.7240740740740741
bee 0.11822916666666666 0.5546296296296296 0.21145833333333333 0.7546296296296297
bee 0.6442708333333333 0.5296296296296297 0.721875 0.6777777777777778
bee 0.5296875 0.4787037037037037 0.6307291666666667 0.6648148148148149
bee 0.40729166666666666 0.14907407407407408 0.5166666666666667 0.31296296296296294
bee 0.921875 0.700925925925926 1.0 0.8527777777777777
bee 0.121875 0.5296296296296297 0.23645833333333333 0.6324074074074074
