bee 0.2833333333333333 0.6898148148148148 0.4 0.8731481481481481
bee 0.709375 0.65 0.7958333333333333 0.8185185185185185
bee 0.9234375 0.5842592592592593 1.0 0.7324074074074074
bee 0.14322916666666666 0.5574074074074075 0.2515625 0.6972222222222222
bee 0.5421875 0.4675925925925926 0.615625 0.6509259259259259
bee 0.40572916666666664 0.15185185185185185 0.5109375 0.28703703703703703
bee 0.6145833333333334 0.5231481481481481 0.70625 0.6814814814814815
bee 0.8052083333333333 0.7407407407407407 0.8921875 0.8851851851851852
bee 0.9234375 0.6916666666666667 1.0 0.8398148148148148
bee 0.07760416666666667 0.55 0.1671875 0.7333333333333333
