bee 0.28541666666666665 0.7138888888888889 0.39739583333333334 0.899074074074074
bee 0.7145833333333333 0.6694444444444444 0.825 0.8222222222222222
bee 0.0005208333333333333 0.6092592592592593 0.06666666666666667 0.7962962962962963
bee 0.9088541666666666 0.5648148148148148 1.0 0.7194444444444444
bee 0.190625 0.5574074074074075 0.30104166666666665 0.7157407407407408
bee 0.5046875 0.45555555555555555 0.5760416666666667 0.6027777777777777
bee 0.4005208333333333 0.15185185185185185 0.5083333333333333 0.32222222222222224
bee 0.5515625 0.000925925925925926 0.6505208333333333 0.1685185185185185
bee 0.5515625 0.4527777777777778 0.6296875 0.6287037037037037
bee 0.9036458333333334 0.7175925925925926 0.971875 0.8490740740740741
bee 0.940625 0.7166666666666667 1.0 0.850925925925926
