bee 0.30104166666666665 0.774074074074074 0.39947916666666666 0.9018518518518519
bee 0.7380208333333333 0.7907407407407407 0.8119791666666667 0.899074074074074
bee 0.7078125 0.6509259259259259 0.8083333333333333 0.7962962962962963
bee 0.22135416666666666 0.5277777777777778 0.309375 0.7231481481481481
bee 0.91875 0.5416666666666666 0.9994791666666667 0.6962962962962963
bee 0.5635416666666667 0.47685185185185186 0.6838541666666667 0.6231481481481481
bee 0.04791666666666667 0.34814814814814815 0.1296875 0.5796296296296296
bee 0.4005208333333333 0.225 0.4791666666666667 0.42314814814814816
bee 0.25625 0.18981481481481483 0.34479166666666666 0.3861111111111111
bee 0.48854166666666665 0.000925925925925926 0.5432291666666667 0.14351851851851852
bee 0.11979166666666667 0.39537037037037037 0.18489583333333334 0.5842592592592593
bee 0.4625 0.27314814814814814 0.5166666666666667 0.4305555555555556
bee 0.9666666666666667 0.6916666666666667 1.0 0.825
