bee 0.3020833333333333 0.7620370370370371 0.40208333333333335 0.8907407407407407
bee 0.70625 0.6601851851851852 0.8192708333333333 0.7768518518518519
bee 0.11302083333333333 0.6074074074074074 0.19010416666666666 0.7972222222222223
bee 0.22291666666666668 0.5296296296296297 0.31666666666666665 0.7351851851851852
bee 0.5536458333333333 0.4324074074074074 0.68125 0.6240740740740741
bee 0.12708333333333333 0.43425925925925923 0.1890625 0.6351851851851852
bee 0.9083333333333333 0.41388888888888886 1.0 0.5574074074074075
bee 0.4088541666666667 0.2064814814814815 0.47708333333333336 0.3888888888888889
bee 0.4671875 0.000925925925925926 0.5161458333333333 0.15185185185185185
bee 0.32864583333333336 0.2740740740740741 0.41354166666666664 0.44166666666666665
bee 0.371875 0.21944444444444444 0.409375 0.3824074074074074
bee 0.7083333333333334 0.7777777777777778 0.7921875 0.8805555555555555
bee 0.9286458333333333 0.5537037037037037 1.0 0.7037037037037037
bee 0.9505208333333334 0.700925925925926 1.0 0.8481481481481481
