bee 0.3072916666666667 0.7407407407407407 0.4041666666666667 0.8888888888888888
bee 0.1125 0.7027777777777777 0.2078125 0.8490740740740741
bee 0.7125 0.65 0.8166666666666667 0.7944444444444444
bee 0.225 0.5259259259259259 0.3171875 0.7240740740740741
bee 0.1484375 0.4740740740740741 0.22083333333333333 0.6814814814814815
bee 0.5510416666666667 0.3990740740740741 0.6744791666666666 0.6037037037037037
bee 0.8927083333333333 0.45185185185185184 1.0 0.5824074074074074
bee 0.3109375 0.2740740740740741 0.38229166666666664 0.43425925925925923
bee 0.409375 0.19444444444444445 0.4796875 0.38425925925925924
bee 0.44583333333333336 0.017592592592592594 0.5015625 0.1814814814814815
bee 0.3802083333333333 0.287962962962963 0.4583333333333333 0.46296296296296297
bee 0.6848958333333334 0.6314814814814815 0.7385416666666667 0.7833333333333333
bee 0.9260416666666667 0.5722222222222222 1.0 0.7018518518518518
bee 0.9442708333333333 0.7092592592592593 1.0 0.8453703703703703
