bee 0.10885416666666667 0.7527777777777778 0.21197916666666666 0.8972222222222223
bee 0.28854166666666664 0.725925925925926 0.4171875 0.9018518518518519
bee 0.7109375 0.6685185185185185 0.821875 0.7962962962962963
bee 0.04635416666666667 0.6111111111111112 0.12760416666666666 0.8138888888888889
bee 0.21666666666666667 0.5425925925925926 0.31302083333333336 0.7175925925925926
bee 0.9244791666666666 0.5694444444444444 1.0 0.725925925925926
bee 0.3328125 0.3638888888888889 0.4276041666666667 0.5287037037037037
bee 0.5458333333333333 0.4148148148148148 0.6578125 0.6046296296296296
bee 0.40625 0.1638888888888889 0.4901041666666667 0.35185185185185186
bee 0.5583333333333333 0.000925925925925926 0.615625 0.11388888888888889
bee 0.9375 0.7092592592592593 1.0 0.8611111111111112
bee 0.5307291666666667 0.3074074074074074 0.6416666666666667 0.4351851851851852
bee 0.34791666666666665 0.24722222222222223 0.42552083333333335 0.3537037037037037
