bee 0.9988918 0.8265858 0.7535498 0.90130574 0.88216126
bee 0.99864084 0.5394666 0.46902287 0.62183034 0.65912956
bee 0.99753785 0.69834757 0.6401741 0.803252 0.83640033
bee 0.99728024 0.1482867 0.5185448 0.24213848 0.68250227
bee 0.99618787 0.63537073 0.5305042 0.7248094 0.68795574
bee 0.99318427 0.2934755 0.68557394 0.40422213 0.88651687
bee 0.99045336 0.40296018 0.14945069 0.5067081 0.29877943
bee 0.9410337 0.92167115 0.5652812 0.9978353 0.73369277
bee 0.8734064 0.10978626 0.55291003 0.18319713 0.7331632
bee 0.46196705 0.9377019 0.6808444 1.0 0.8527208
