bee 0.9994276 0.7179312 0.6542988 0.79973763 0.82529885
bee 0.99873143 0.15315154 0.535534 0.2679069 0.6969441
bee 0.99751043 0.54269886 0.4554313 0.65708673 0.6696818
bee 0.99699855 0.39939332 0.14872012 0.5059719 0.31669775
bee 0.9930433 0.30165088 0.7013162 0.39503092 0.8920537
bee 0.9905043 0.014204185 0.5810483 0.0984083 0.7824941
bee 0.9775878 0.5907811 0.08286712 0.7019621 0.20190324
bee 0.95985776 0.92295 0.57112586 0.99860513 0.7412229
bee 0.9286236 0.8010639 0.74192095 0.89030814 0.88766795
bee 0.537699 0.9312725 0.67794997 0.999516 0.83842105
