bee 0.9996716 0.716406 0.65882605 0.7996732 0.82484317
bee 0.9991015 0.542811 0.46664053 0.61818296 0.63642657
bee 0.99702966 0.14406204 0.53618294 0.2568459 0.69989043
bee 0.9969704 0.30075365 0.6925569 0.39438617 0.8954438
bee 0.99695265 0.044932067 0.56617284 0.1276081 0.75490177
bee 0.99625 0.39942122 0.14992428 0.5057762 0.31400177
bee 0.9956435 0.5847729 0.51642495 0.6796171 0.672073
bee 0.9839892 0.7977749 0.74566156 0.8859571 0.88087773
bee 0.9692536 0.9224989 0.57288074 0.99980575 0.74112064
bee 0.7104923 0.6086973 0.0 0.7145473 0.0860313
bee 0.5862098 0.9359177 0.6696848 1.0 0.8358157
