bee 0.9989208 0.40284494 0.18184592 0.4885951 0.38817322
bee 0.99828523 0.21496473 0.533232 0.3097078 0.7144932
bee 0.9976031 0.7006378 0.66124564 0.8079524 0.7984083
bee 0.9974974 0.46192378 0.019459063 0.5198803 0.1605955
bee 0.9961242 0.38299367 0.317323 0.45145437 0.48646197
bee 0.9955285 0.5496026 0.41982725 0.6668881 0.61525315
bee 0.9953715 0.30563042 0.73905456 0.40679643 0.88960606
bee 0.9947811 0.28585058 0.3064872 0.37985224 0.4356671
bee 0.9946036 0.6562132 0.54509574 0.7253521 0.68011385
bee 0.9945122 0.14060964 0.554302 0.20932795 0.77602977
bee 0.97661114 0.1111379 0.751961 0.20317006 0.908121
bee 0.8163689 0.91359884 0.46012655 0.99598306 0.60634506
bee 0.7111019 0.9174053 0.53935504 1.0 0.72320044
bee 0.37144014 0.93640727 0.67344266 1.0 0.8594451
