bee 0.99916685 0.10868986 0.4031895 0.18294801 0.58193964
bee 0.99843735 0.45728415 0.26637873 0.5259518 0.44306913
bee 0.99822813 0.21933626 0.5330582 0.31843907 0.72815645
bee 0.99793506 0.5705887 0.47112098 0.6813904 0.6316336
bee 0.99769574 0.2578505 0.19674636 0.3374857 0.37437883
bee 0.9966606 0.39796495 0.21638441 0.4816531 0.42240408
bee 0.99406344 0.04296074 0.37020424 0.13194281 0.5646633
bee 0.9922091 0.73994035 0.76314133 0.8319976 0.8997859
bee 0.9711122 0.29745263 0.77093494 0.3932683 0.912493
bee 0.81429905 0.49631232 0.0 0.5405137 0.117293306
bee 0.66551083 0.92830247 0.5248933 1.0 0.6946867
