bee 0.9990369 0.539569 0.31449604 0.6260799 0.44924587
bee 0.9989158 0.70424074 0.65617526 0.81105965 0.80424005
bee 0.99868065 0.30785552 0.727725 0.39880058 0.8938972
bee 0.997879 0.55093116 0.45297894 0.65956646 0.6084647
bee 0.9978175 0.21328878 0.5400386 0.3076908 0.71140176
bee 0.9972052 0.40206173 0.16592702 0.49097487 0.36040673
bee 0.99685234 0.3344844 0.37588733 0.4250403 0.5399726
bee 0.9956955 0.042839844 0.614002 0.12900846 0.81373096
bee 0.99175113 0.34694487 0.24634388 0.41529864 0.34131777
bee 0.94993985 0.105144605 0.75260437 0.20219503 0.90240884
bee 0.8884797 0.5681776 0.000371125 0.6186594 0.11581189
bee 0.6766277 0.9298539 0.55695415 0.9993738 0.7344177
bee 0.40256223 0.9318677 0.69216794 0.99919534 0.8575783
