bee 0.9986755 0.21649642 0.5329006 0.3094937 0.7159904
bee 0.9984413 0.45231393 0.015966449 0.5066382 0.17007346
bee 0.9982967 0.5524705 0.41410437 0.67551893 0.61444443
bee 0.9982022 0.3119633 0.2720851 0.3856866 0.43673468
bee 0.99807894 0.15092039 0.4847631 0.21757758 0.7123558
bee 0.9966936 0.41299787 0.18985838 0.49693522 0.39264065
bee 0.99594325 0.37149525 0.27181315 0.45183766 0.45413938
bee 0.98225635 0.109915644 0.6904316 0.19561493 0.8649481
bee 0.98068476 0.30046967 0.7450892 0.4041932 0.89717144
bee 0.89213234 0.89667016 0.45116657 0.99638397 0.60198486
bee 0.77366227 0.92262304 0.55290896 1.0 0.72524333
bee 0.61765254 0.68808615 0.6426998 0.807165 0.79618317
bee 0.40429804 0.94493127 0.6692129 0.9992006 0.851017
