bee 0.99894613 0.719213 0.665574 0.8121786 0.8250353
bee 0.9989293 0.5098249 0.45469284 0.58271754 0.61299545
bee 0.9987196 0.5510844 0.4419128 0.6306639 0.62404406
bee 0.99801445 0.39985472 0.14701141 0.501241 0.3204647
bee 0.99790406 0.1850311 0.5491707 0.2907653 0.7173772
bee 0.99555135 0.30592257 0.7084314 0.39260584 0.8933874
bee 0.93042123 0.15230829 0.8067737 0.2027801 0.9081319
bee 0.8880876 0.925405 0.56991625 0.9967805 0.7406086
bee 0.69722515 0.5570255 0.0 0.65094954 0.16144374
bee 0.6260422 0.8986334 0.69787705 1.0 0.86126643
bee 0.5287023 0.00028440356 0.59929425 0.07574095 0.80328804
