bee 0.99884737 0.39846754 0.20355456 0.49534667 0.40576386
bee 0.99851936 0.55864024 0.43984288 0.6757493 0.6249817
bee 0.9983937 0.21709742 0.5280682 0.30861115 0.71566653
bee 0.99633634 0.12237948 0.42971534 0.1958994 0.6321903
bee 0.9957075 0.31394392 0.24516493 0.41263878 0.4328778
bee 0.9810563 0.10548695 0.6017045 0.18864289 0.77157116
bee 0.9793746 0.2990565 0.7627271 0.39461228 0.90080863
bee 0.9620229 0.71495354 0.7544223 0.7972324 0.8887041
bee 0.95856285 0.69609267 0.65076625 0.82290846 0.7771455
bee 0.9115466 0.4737989 0.0 0.517059 0.14832725
bee 0.8384571 0.9071302 0.42141646 0.9979101 0.5682643
bee 0.81901515 0.6046325 0.8233207 0.65377283 0.88615966
bee 0.6967188 0.9297689 0.54389256 1.0 0.71513176
bee 0.5586464 0.35271037 0.22536138 0.42621917 0.38494092
bee 0.3693631 0.94814175 0.66540015 0.99915415 0.8509781
bee 0.30065927 0.93471646 0.58088917 1.0 0.7620227
