bee 0.9985416 0.71948415 0.66197217 0.8128751 0.82938606
bee 0.99805546 0.17457843 0.5572885 0.2861183 0.7038646
bee 0.99798137 0.50698406 0.4451281 0.6200791 0.64252365
bee 0.9970387 0.3985187 0.1458911 0.50123715 0.31934682
bee 0.9963018 0.58853394 0.0771379 0.68058914 0.23898274
bee 0.9950584 0.30060643 0.7022349 0.3937679 0.8935372
bee 0.9949574 0.8450132 0.71721524 0.92111427 0.87016636
bee 0.9393431 0.92495656 0.57369906 0.99839115 0.73821115
bee 0.4777367 0.93062764 0.6861282 1.0 0.8349551
bee 0.41530195 0.0018784162 0.5985028 0.053044528 0.8022706
