bee 0.9993376 0.7215302 0.6569543 0.80077064 0.82805884
bee 0.9988153 0.16253452 0.54188746 0.28058988 0.70145965
bee 0.9982047 0.53090096 0.44718996 0.63282025 0.6602474
bee 0.99769634 0.40041074 0.14956608 0.50490737 0.3165349
bee 0.9969639 0.5812029 0.12319182 0.6850881 0.25601542
bee 0.9960995 0.29976016 0.6976155 0.39290547 0.8956975
bee 0.9956578 0.8197687 0.727452 0.8986247 0.8777415
bee 0.9443368 0.9245499 0.5738986 0.99694806 0.73839694
bee 0.75573003 0.0 0.59235066 0.074616835 0.80869305
bee 0.4120539 0.9304731 0.6795673 1.0 0.8386847
