bee 0.9991646 0.7145928 0.66679955 0.8151908 0.8196009
bee 0.9986136 0.39990127 0.1573607 0.50034994 0.3264519
bee 0.9981439 0.5493091 0.44960043 0.631244 0.61842334
bee 0.9978295 0.47503966 0.41842794 0.54267436 0.58788496
bee 0.99768364 0.19611268 0.54887766 0.30233952 0.71248704
bee 0.99449337 0.0756761 0.5855696 0.16669248 0.792972
bee 0.98814094 0.14122118 0.78691065 0.19540857 0.9087681
bee 0.9840739 0.29210067 0.7170915 0.3995583 0.89645547
bee 0.9121314 0.9286016 0.57101923 0.99794245 0.7354113
bee 0.61994976 0.9259185 0.6722957 0.99949557 0.8404053
bee 0.42715576 0.35202068 0.0 0.42837596 0.071065
