bee 0.9988148 0.19240257 0.5525965 0.2999514 0.71509117
bee 0.9987153 0.5532335 0.44741276 0.6301775 0.6267188
bee 0.998201 0.5069533 0.44174707 0.56660634 0.5975753
bee 0.99808854 0.71637267 0.667286 0.81818205 0.8243105
bee 0.99755126 0.40247983 0.15806305 0.49983096 0.32476467
bee 0.9970294 0.03868209 0.59131396 0.14081168 0.7969909
bee 0.9865921 0.2991981 0.71520126 0.39865464 0.89687145
bee 0.97169524 0.14185795 0.7900449 0.19922242 0.91083443
bee 0.8604315 0.9260013 0.57429653 0.99697495 0.7407054
bee 0.59175 0.9226642 0.690622 0.99945813 0.86433065
bee 0.4013349 0.5425699 0.0 0.61910534 0.08714286
