bee 0.99834216 0.5472393 0.42298785 0.65086246 0.60852987
bee 0.99829406 0.4035895 0.15893574 0.48217076 0.3473722
bee 0.99797267 0.30305824 0.72539043 0.39866933 0.89412814
bee 0.9975878 0.2077378 0.5472303 0.30685467 0.71118623
bee 0.9973133 0.7055149 0.6603697 0.8126278 0.8103686
bee 0.9965418 0.47437888 0.1652462 0.5627257 0.30403012
bee 0.9958746 0.3535176 0.38495106 0.45146942 0.54985744
bee 0.99485284 0.025726322 0.5976516 0.12052086 0.800134
bee 0.96831614 0.1062139 0.7528265 0.20535728 0.90469384
bee 0.8680158 0.5804227 0.0 0.6400077 0.075753346
bee 0.7782216 0.9290339 0.5541502 0.99688506 0.7388654
bee 0.56562346 0.93204033 0.6828638 0.99882245 0.8405011
