bee 0.9991208 0.54120195 0.46735278 0.6167548 0.6376415
bee 0.998912 0.29428142 0.68903863 0.4013911 0.89716804
bee 0.99886775 0.7077643 0.65302926 0.7995303 0.8155875
bee 0.9978988 0.15144059 0.5396054 0.24953112 0.69929874
bee 0.9972996 0.6141589 0.527314 0.7062984 0.69146305
bee 0.9955823 0.810561 0.7500876 0.8917931 0.8804081
bee 0.99425197 0.08968529 0.5487151 0.16018705 0.7352817
bee 0.9825608 0.39738283 0.15557773 0.5049495 0.30128208
bee 0.9785745 0.9216406 0.5698195 1.0 0.7445336
bee 0.5746856 0.9397024 0.6818258 1.0 0.84430057
