bee 0.9991673 0.5713331 0.45352498 0.6774842 0.63720137
bee 0.9989932 0.2187234 0.53124166 0.30829448 0.72537166
bee 0.99837446 0.06946682 0.39307722 0.15733466 0.5769209
bee 0.9979698 0.10196321 0.5338315 0.18229096 0.6850034
bee 0.99734265 0.743603 0.78976995 0.8132353 0.90360916
bee 0.9970854 0.39534992 0.21224761 0.4946676 0.41959134
bee 0.9970387 0.2691779 0.23200136 0.36226463 0.41620323
bee 0.9432285 0.30008662 0.7667298 0.39088178 0.90832204
bee 0.7811031 0.4815171 0.0 0.5226834 0.12052332
bee 0.7376153 0.69993925 0.651221 0.82150364 0.7897911
bee 0.57758343 0.93177146 0.52604854 0.9990621 0.70389175
bee 0.3566618 0.95280886 0.6610881 0.99982166 0.84885204
