bee 0.99952745 0.54635406 0.4436423 0.63856757 0.6161954
bee 0.9993395 0.7131334 0.6681148 0.81491894 0.81248814
bee 0.99895835 0.19836737 0.5461537 0.30389455 0.7122243
bee 0.9985261 0.40845734 0.39376035 0.50209653 0.55116147
bee 0.99788326 0.404955 0.1455244 0.49757627 0.34255517
bee 0.99404526 0.30273098 0.72468644 0.3967228 0.8952435
bee 0.9897042 0.05565677 0.5829937 0.14140227 0.79238164
bee 0.9872184 0.39629194 0.016728308 0.4870703 0.13028681
bee 0.9565271 0.12432716 0.7648075 0.19430041 0.9114162
bee 0.9431114 0.35199237 0.117131814 0.42630935 0.22914702
bee 0.8625348 0.9276495 0.5646699 0.99962664 0.74516803
bee 0.5638258 0.9262128 0.69210106 0.99953187 0.8364739
