bee 0.99945754 0.12281437 0.291786 0.19719492 0.47972623
bee 0.9983529 0.27338105 0.16775462 0.33575803 0.335968
bee 0.9982262 0.41120636 0.22674139 0.48880076 0.43278363
bee 0.9973091 0.22249034 0.53221035 0.32111964 0.72659355
bee 0.997232 0.06632127 0.29861322 0.14528488 0.52408755
bee 0.9965767 0.7548275 0.77839017 0.8177167 0.9001823
bee 0.99641454 0.5717188 0.4637341 0.6861706 0.62952846
bee 0.9861438 0.29599014 0.7755852 0.39054993 0.9088261
bee 0.9843789 0.4926138 0.3102533 0.56168354 0.5290913
bee 0.79742855 0.69114256 0.66705936 0.80654657 0.7743438
bee 0.7010115 0.52251905 0.0 0.58173865 0.15071017
bee 0.4913148 0.9265096 0.5196224 1.0 0.6916403
