bee 0.9993018 0.40350205 0.18099822 0.49193412 0.3771707
bee 0.99913675 0.30746275 0.73297703 0.40324277 0.8933488
bee 0.9985322 0.21453246 0.539022 0.3081229 0.7105898
bee 0.9983942 0.7086328 0.6559036 0.81055737 0.8001602
bee 0.99618655 0.09898397 0.60903937 0.18046564 0.8071798
bee 0.989874 0.31386924 0.2774408 0.40620524 0.42187625
bee 0.9897363 0.11390124 0.7474377 0.20227437 0.9037625
bee 0.9491093 0.3442665 0.375959 0.43681464 0.5209054
bee 0.8463742 0.52088374 0.0 0.567246 0.13393447
bee 0.8097489 0.5575045 0.4129025 0.6803059 0.6137544
bee 0.72537965 0.92988276 0.5667215 1.0 0.73349315
bee 0.5252135 0.9353019 0.4817816 0.99833155 0.6250152
bee 0.347938 0.93637997 0.69290286 0.9974622 0.85740536
