bee 0.9994486 0.33241987 0.0010112375 0.38548625 0.13548192
bee 0.9994118 0.5632511 0.80449545 0.61757547 0.8868203
bee 0.9979802 0.63444936 0.7270902 0.71987975 0.8557475
bee 0.9890591 0.33086672 0.7607698 0.4044824 0.89826125
bee 0.58659106 0.3893053 0.3755253 0.47078168 0.55491036
bee 0.03223718 0.353408 0.7868892 0.41632655 0.9013684
bee 0.01509366 0.0024330644 0.80816185 0.019043855 0.91791093
bee 0.005532559 0.005761314 0.87003416 0.030565161 0.97067016
bee 0.0037511291 0.72830564 0.0048158765 1.0 0.6425053
bee 0.0017645855 0.8344794 0.23922512 1.0 0.8431158
bee 0.0016530062 0.010482304 0.0853304 0.1555759 0.6311258
bee 0.0014452683 0.7456765 0.16459781 1.0 0.81019104
bee 0.0012153335 0.0 0.2586718 0.15882671 0.87847984
bee 0.001115579 0.022100866 0.0 0.91910535 1.0
bee 0.0010987719 0.27865615 0.0 0.79373443 1.0
bee 0.0010856848 0.003741833 0.76107246 0.015369331 0.9165165
bee 0.0010824925 0.0 0.18066555 1.0 0.8166479
bee 0.0010695838 0.5247778 0.031298935 0.79898673 0.50058466
bee 0.000927169 0.011847751 0.9278783 0.056004107 0.99493426
bee 0.0009028401 0.542079 0.070972815 1.0 0.5157484
bee 0.00082739803 0.058515042 0.07984799 0.35476616 0.6076326
bee 0.00064793526 0.83250594 0.0 1.0 0.5604147
bee 0.00061694335 0.41604698 0.0 1.0 0.85237515
bee 0.0006152539 0.0 0.0 0.5006249 0.76923996
bee 0.0005690191 0.67112505 0.0 1.0 0.43130016
bee 0.0005649533 0.638394 0.13614026 0.8621627 0.6632788
bee 0.000524936 0.011005968 0.888186 0.23275878 0.9959116
bee 0.00050679897 0.087256044 0.013528764 0.4146944 0.35503185
bee 0.0004934853 0.7735518 0.08436893 0.9832959 0.5768696
bee 0.00048573516 0.163035 0.0 1.0 0.5809742
bee 0.00048493297 0.4716868 0.06791511 0.6433553 0.379523
bee 0.0004845074 0.53159094 0.29162952 1.0 0.69514287
bee 0.00048243915 0.4947318 0.0 0.92567265 0.39573872
bee 0.00046432193 0.028014183 0.06760362 0.26338953 0.6527232
bee 0.00044297578 0.49111152 0.29253006 1.0 1.0
bee 0.00044153904 0.20659047 0.0 0.8089617 0.2705698
bee 0.00039722826 0.4468097 0.013059989 0.67909366 0.4002725
bee 0.00037640514 0.042967662 0.22337064 0.26515293 0.8660884
bee 0.00036086002 0.0 0.0 0.37721598 0.1445178
bee 0.00035306544 0.0 0.4984486 1.0 0.87290287
bee 0.00035137765 0.3832854 0.0 1.0 0.27828145
bee 0.00034829433 0.3636253 0.0 0.6524228 0.49469927
bee 0.00034731516 0.43988872 0.08110538 0.58954024 0.367571
bee 0.00034038068 0.6086774 0.13615957 1.0 0.7631688
bee 0.00032507675 0.0 0.42570785 0.7913124 0.9722401
bee 0.00031863683 0.0 0.0 0.3791831 0.50836897
bee 0.00030776742 0.0076205535 0.66190034 0.014966219 0.91163427
bee 0.0003029324 0.0 0.0 0.82824624 0.3729927
bee 0.0002956937 0.0 0.54573965 0.36389473 0.7519177
bee 0.0002950055 0.2576728 0.035151497 0.7367864 0.48808652
bee 0.00028923448 0.30853015 0.23536956 1.0 0.7094016
bee 0.0002797636 0.34386843 0.030522972 0.74379426 0.2601492
bee 0.00027050005 0.46516788 0.07874845 0.69922495 0.5385055
bee 0.00026786714 0.0 0.0 0.30151367 0.2618094
bee 0.00026360273 0.35648096 0.15929177 0.651574 0.79610896
bee 0.00025804873 0.047281623 0.75078064 0.35085073 0.96167296
bee 0.0002573836 0.0 0.19635946 0.39043298 0.86920387
bee 0.00025431588 0.3996516 0.03268531 0.76782113 0.38193095
bee 0.00024348273 0.7593512 0.023630068 0.95828825 0.459652
bee 0.000242441 0.41669858 0.009059556 0.69883025 0.1498616
bee 0.00023474875 0.084242746 0.2248181 0.49043196 0.7028465
bee 0.00023379631 0.0315893 0.6448066 0.37445337 0.8584347
bee 0.00022984284 0.0 0.010460675 0.20419171 0.52854735
bee 0.00022893804 0.15025471 0.13761854 0.41793674 0.76147926
bee 0.00022547867 0.56351525 0.0 0.8699401 0.58777124
bee 0.00022108496 0.010945782 0.22926526 0.38894296 0.44390863
bee 0.00021706497 0.0 0.2808531 0.68562776 0.6986
bee 0.00021112768 0.45402053 0.2276344 0.8571937 0.46587756
bee 0.00021089512 0.1700958 0.19196147 0.76473176 0.7803081
bee 0.00020570004 0.21615684 0.35576075 0.7624023 0.665394
bee 0.0002002497 0.37514073 0.37687996 0.5315843 0.54479635
bee 0.00019939594 0.0 0.0 0.5905702 0.26831725
bee 0.00019786794 0.03914839 0.45662874 0.33151326 0.8525868
bee 0.00019375113 0.0 0.11967438 0.3707792 0.3265462
bee 0.00019203038 0.21017545 0.23601918 0.34690332 0.51158094
bee 0.00018578256 0.0 0.44529277 0.3567912 0.64312273
bee 0.00018548837 0.20345181 0.6023021 1.0 0.99762976
bee 0.00017692301 0.07625979 0.024570584 0.49213743 0.50159466
bee 0.0001751886 0.3526477 0.037167013 0.5668744 0.40410045
bee 0.00017334468 0.007768549 0.92619145 0.15412733 0.99615276
bee 0.0001719961 0.4723953 0.55821854 1.0 0.8454402
bee 0.00017161228 0.0 0.6272561 0.5986567 1.0
bee 0.00017018497 0.26461598 0.66920304 0.7955184 1.0
bee 0.0001585848 0.10531165 0.60018635 0.34515274 0.8910835
bee 0.00015628623 0.29038835 0.023580223 0.5840621 0.3102224
bee 0.00015497424 0.0 0.0 0.1471306 0.40214103
bee 0.0001510281 0.3152746 0.44403332 0.6396015 0.9000067
bee 0.00014895904 0.3290288 0.15118352 0.9790028 0.483582
bee 0.00014685147 0.0 0.7769111 0.43836024 1.0
bee 0.00014285841 0.6506963 0.42577025 0.9495958 1.0
bee 0.00013900598 0.31470275 0.2799906 0.6818698 0.7129407
bee 0.0001371561 0.0 0.41213065 0.2506374 0.7025141
bee 0.00013625184 0.015212727 0.59818053 0.024002258 0.87950015
bee 0.00013341417 0.0 0.57403994 0.3680757 1.0
bee 0.00013332197 0.12058341 0.34714147 0.33683917 0.7972925
bee 0.00013218497 0.13289389 0.051323265 0.35716677 0.40332422
bee 0.0001266579 0.5394474 0.45198947 0.861027 0.9181207
bee 0.00012601532 0.5364337 0.22085866 0.7731478 0.68267906
bee 0.00012568771 0.6510196 0.28550813 0.88224137 0.792451
bee 0.00012556721 0.022106774 0.4307679 0.25421 0.92792463
