bee 0.9981914 0.703134 0.6591882 0.8074778 0.80549115
bee 0.997292 0.123630464 0.7558234 0.19591475 0.9001106
bee 0.9950051 0.31344137 0.71891963 0.3921648 0.89830315
bee 0.9937132 0.35112348 0.38329032 0.45918384 0.54748833
bee 0.9448739 0.04157281 0.60089934 0.11943644 0.78157663
bee 0.92034954 0.47088805 0.15135387 0.55603814 0.3115185
bee 0.9023451 0.5410957 0.41185752 0.6463879 0.6002835
bee 0.74056125 0.9270106 0.6975314 0.9956667 0.84703535
bee 0.5878354 0.20989808 0.5488868 0.30073717 0.7097554
bee 0.519163 0.92180663 0.5595172 0.9974956 0.7195913
bee 0.30046943 0.5768334 0.00777955 0.63243574 0.073510215
bee 0.28151473 0.36874843 0.17671964 0.45907044 0.34547654
bee 0.015743995 0.0 0.028412908 0.18561062 0.6253401
bee 0.0101882415 0.5843601 0.9082108 0.6393182 0.96047455
bee 0.005404967 0.6182609 0.8933204 0.68713397 0.9558905
bee 0.002924523 1.5589409e-05 0.79103285 0.008170825 0.9165446
bee 0.0018903995 0.66701525 0.8972775 0.74408585 0.9614835
bee 0.0012115551 0.7718931 0.09046087 0.99007255 0.55594873
bee 0.001203177 0.76871705 0.0033006817 0.97137976 0.44278783
bee 0.00092160434 0.0 0.22811472 0.3941343 0.44896996
bee 0.00080963323 0.43616304 0.15588416 0.575494 0.3133341
bee 0.00068510923 0.07817626 0.0 0.9003175 1.0
bee 0.00063464063 0.93978554 0.6587798 1.0 0.828492
bee 0.00057753554 0.0 0.18374977 1.0 0.7950425
bee 0.0005008004 0.07925764 0.76184106 0.12946117 0.8778125
bee 0.0004050624 0.0 0.18015528 0.24066818 0.50095266
bee 0.00038326826 0.0 0.0 0.1666628 0.40236586
bee 0.00038077397 0.3986706 0.012997583 0.6709469 0.3160193
bee 0.00037568595 0.015110731 0.7607311 0.3280665 0.9610734
bee 0.00036197924 0.0 0.0045109987 0.36217654 0.63581544
bee 0.00035000837 0.5020153 0.011687264 0.77132624 0.3229727
bee 0.00032906045 0.0 0.13367575 0.35293382 0.33837298
bee 0.00032814973 0.0052958876 0.20249727 0.24170782 0.7127907
bee 0.00031397902 0.37204257 0.0 1.0 0.27202514
bee 0.00031323277 0.0 0.01608558 0.2563396 0.48157644
bee 0.00031184903 0.13689151 0.0 0.48345885 0.43360716
bee 0.00030557116 0.014391482 0.0 0.49113584 0.8287364
bee 0.00029883496 0.0 0.649069 0.61928517 1.0
bee 0.00029396557 0.5502111 0.046346888 0.758461 0.42094898
bee 0.0002915493 0.45689172 0.0 1.0 0.6420561
bee 0.00028900956 0.0 0.46708208 1.0 0.9142466
bee 0.00028789524 0.1591371 0.0 0.76116025 0.33291224
bee 0.00027198394 0.0 0.3483648 0.35228395 0.5626008
bee 0.00025997072 0.6703686 0.0 1.0 0.32683438
bee 0.00025712803 0.0 0.6625427 0.3111299 0.8648133
bee 0.0002568984 0.5017698 0.0 0.9261693 0.3769901
bee 0.00025021395 0.17130122 0.0 0.74718964 0.5426863
bee 0.00024896275 8.904934e-05 0.43944106 0.3182358 0.6666218
bee 0.00024384772 0.68099296 0.03324753 1.0 0.48676908
bee 0.00024280189 0.18695119 0.21867847 0.8053951 0.7900759
bee 0.00024202322 0.62502646 0.1550386 1.0 0.7762164
bee 0.00024046515 0.4469031 0.028696448 0.6486689 0.39335585
bee 0.00023947077 0.33403113 0.0 0.67526734 0.41520876
bee 0.00023913466 0.45260972 0.81919634 0.9181965 1.0
bee 0.00023418671 0.43032563 0.041811503 0.8085872 0.25875562
bee 0.00023393345 0.051831663 0.25971025 0.6935842 1.0
bee 0.00022088607 0.36524817 0.3485099 1.0 1.0
bee 0.00021720865 0.0 0.23266634 0.3878224 0.89240646
bee 0.00020949202 0.56827545 0.0 0.94614387 0.7936557
bee 0.00020891953 0.0 0.4663914 0.30383593 0.9227787
bee 0.00020840406 0.0023508817 0.5570802 0.32032764 0.76424414
bee 0.00020832598 0.0 0.0 0.44853324 0.35129526
bee 0.00020657702 0.0 0.0 0.2946191 0.26740134
bee 0.0002054517 0.21441567 0.6170681 1.0 0.9960441
bee 0.00020341283 0.24441817 0.0 0.45511928 0.3613091
bee 0.0002015469 0.0 0.0 0.37611857 0.14818114
bee 0.00020153921 0.56622803 0.0 0.86880004 0.54172957
bee 0.00019871231 0.21968395 0.029487416 1.0 0.4214816
bee 0.00018543568 0.3322661 0.1670542 0.4756205 0.33681646
bee 0.00018503086 0.6576235 0.13296396 0.8729124 0.6826393
bee 0.00018298478 0.0 0.47368446 0.49293298 1.0
bee 0.00017601339 0.23438875 0.5288454 0.72705394 0.8783282
bee 0.0001754914 0.6371696 0.09290196 0.80266523 0.43373084
bee 0.00017319186 0.35090372 0.02575621 0.5495758 0.38898164
bee 0.000170444 0.3187387 0.048053056 0.7159648 0.25364476
bee 0.00016819233 0.49729675 0.5548631 1.0 0.8361789
bee 0.00016386904 0.26718137 0.66447 0.8079556 1.0
bee 0.00016298254 0.65094835 0.42735043 0.94937855 1.0
bee 0.00016031344 0.0 0.7766199 0.42668247 1.0
bee 0.00015926686 0.0 0.28630018 0.74446654 0.70259786
bee 0.00015515005 0.3527736 0.17328537 0.6481435 0.79436857
bee 0.00015217226 0.013749801 0.2594657 0.14959893 0.74742496
bee 0.00015179589 0.3260762 0.024495393 0.6739817 0.9211472
bee 0.00014860732 0.13121241 0.110122845 0.35122985 0.5633514
bee 0.00014760986 0.381479 0.72905433 0.99101186 1.0
bee 0.00014418809 0.32829416 0.23360226 1.0 0.7043929
bee 0.00014219248 0.57063353 0.001951687 0.636927 0.096399724
bee 0.00014213 0.0 0.33308405 0.3771277 0.67245644
bee 0.00014080103 0.0 0.0 0.8836184 0.3881303
bee 0.00013840487 0.0 0.6439215 0.32374692 1.0
bee 0.00013787507 0.0 0.29966983 0.26285297 0.619215
bee 0.00013708026 0.21638162 0.19092774 0.4555331 0.5084205
bee 0.00013391851 0.5411321 0.282662 1.0 0.6758902
bee 0.00013187087 0.27555764 0.49640116 0.64553314 1.0
bee 0.00012842388 0.215931 0.35811096 0.75484645 0.65285236
bee 0.00012498317 0.0 0.5442978 0.44541922 0.83224845
bee 0.00012363355 0.0 0.66888666 0.16876729 1.0
bee 0.00012353952 0.25559485 0.031574428 0.6079971 0.3197018
bee 0.00011813788 0.024783969 0.35998303 0.5704961 0.6491949
bee 0.000116869174 0.090874985 0.04798001 0.46815258 0.25363111
