bee 0.9999466 0.79182565 0.73707736 0.8785262 0.8805493
bee 0.9997938 0.40027928 0.15465438 0.5027744 0.2975976
bee 0.9997384 0.1606463 0.54523534 0.2739007 0.69124407
bee 0.99488175 0.16383734 0.83548725 0.2100062 0.9051081
bee 0.9937826 0.5841511 0.09504257 0.6959401 0.20947354
bee 0.9658164 0.3170498 0.7044104 0.39155072 0.87651473
bee 0.9049335 0.7119524 0.6550681 0.79433626 0.8166626
bee 0.86923975 0.54383016 0.45466772 0.64130926 0.6503308
bee 0.85693073 0.9191458 0.57062525 0.9949652 0.7184667
bee 0.77870333 0.93282574 0.68561465 0.99525934 0.84392697
bee 0.60252243 0.018264897 0.58781666 0.092186004 0.7693228
bee 0.025631877 0.0 0.014945477 0.1797847 0.60773313
bee 0.005572213 0.0027820137 0.80647063 0.013907637 0.92643404
bee 0.0034768723 0.22199701 0.21989116 0.3431812 0.5159373
bee 0.0016997552 0.0 0.22453171 0.3842698 0.44361484
bee 0.0013374749 0.00854536 0.6161337 0.04783103 0.7972479
bee 0.0012019342 0.57856774 0.897083 0.6430094 0.97010607
bee 0.0010796953 0.0021263007 0.75565267 0.009780122 0.9236444
bee 0.0008946446 0.53122973 0.46801135 0.6020522 0.64024234
bee 0.00068138115 0.07719943 0.0 0.888638 1.0
bee 0.0005801813 0.0 0.18734258 0.2545542 0.5013156
bee 0.00057699764 0.011063793 0.87173134 0.03170815 0.9603732
bee 0.0005167681 0.0 0.17144325 1.0 0.7864591
bee 0.0004377855 0.0 0.0 0.3446614 0.6353699
bee 0.00042321245 0.0 0.44010133 0.34526223 0.65526694
bee 0.0004200407 0.00044346554 0.692218 0.009526033 0.8647209
bee 0.00039542723 0.0 0.1306 0.35727262 0.33809158
bee 0.00036915968 0.015789479 0.0 0.49780878 0.81205434
bee 0.00036386086 0.0 0.653485 0.33052936 0.8611862
bee 0.0003235429 0.041673183 0.27156943 0.7045901 1.0
bee 0.000311627 0.0 0.0 0.168823 0.39212447
bee 0.00030852505 0.016117722 0.7650485 0.33358875 0.9664588
bee 0.00030318782 0.9261297 0.8133757 0.9697356 0.86158943
bee 0.00029856642 0.0 0.5001789 0.805114 0.93258446
bee 0.0002948666 0.5302183 0.52544594 0.588348 0.6492629
bee 0.0002878804 0.0 0.13317531 0.39545363 0.48968917
bee 0.00028573663 0.020248279 0.5383084 0.3653311 0.7491007
bee 0.00028036328 0.7537731 0.0006159246 0.9831984 0.5384406
bee 0.00027650778 0.03003817 0.03211391 0.23857182 0.62771034
bee 0.00026693076 0.16772792 0.0 0.8055818 0.26709452
bee 0.00026655436 0.044334352 0.0 0.733638 0.6678184
bee 0.0002648197 0.5005279 0.0 1.0 0.6303623
bee 0.00025513896 0.6197187 0.8870368 0.68911314 0.9627789
bee 0.0002499443 0.20714414 0.6188357 1.0 0.99232817
bee 0.00024265955 0.40337974 0.3619024 1.0 1.0
bee 0.00023718008 0.0 0.082260504 0.27044553 0.3771218
bee 0.00023312186 0.0 0.21629 0.38896132 0.8883631
bee 0.00023074925 0.1923326 0.0 0.90293574 0.39097515
bee 0.00022723027 0.0 0.33952093 0.36498457 0.5622155
bee 0.00022648188 0.14321354 0.0 1.0 0.5931585
bee 0.00022211013 0.13657746 0.0 0.47123316 0.4330724
bee 0.0002214111 0.0 0.5483535 0.5189485 0.98189324
bee 0.00021626572 0.0 0.0 0.61900777 0.41041893
bee 0.00021534758 0.5215229 0.023777544 0.9530053 1.0
bee 0.00021098963 0.17147061 0.20988172 0.7949467 0.7597779
bee 0.00020268158 0.13273802 0.10904059 0.36879262 0.5647733
bee 0.00019871819 0.29340675 0.0 0.6744909 0.5624958
bee 0.00019408541 0.0 0.19444773 0.2290409 0.7108294
bee 0.00018306906 0.17998642 0.43384108 0.8841613 1.0
bee 0.00017944258 0.020511739 0.92845815 0.060551956 0.99049956
bee 0.00017145052 0.39165735 0.72361135 0.97962534 1.0
bee 0.00017044676 0.36736786 0.0 0.9899585 0.2682383
bee 0.00016926107 0.014935911 0.58435404 0.17009547 0.75615954
bee 0.00016589413 0.92680615 0.6265767 1.0 0.8181401
bee 0.00016549016 0.0 0.0 0.29013425 0.2625869
bee 0.00016343305 0.595667 0.17016527 1.0 0.77235234
bee 0.00016035595 0.6331998 0.5713335 1.0 1.0
bee 0.00015951415 0.0 0.2873984 0.7211011 0.70161295
bee 0.00015875818 0.014580935 0.2592588 0.14193943 0.7397442
bee 0.00015554318 0.0017272532 0.5875559 0.16751683 0.97385645
bee 0.00015465406 0.2153759 0.15923725 0.75339043 0.46136808
bee 0.00014780773 0.02420342 0.5216483 0.28286767 0.80461574
bee 0.00014692922 0.0060599595 0.0 0.38023752 0.1479603
bee 0.00014525867 0.20781326 0.1920636 0.4520597 0.5424143
bee 0.00013734704 0.26829314 0.50563776 0.64531636 1.0
bee 0.00013243804 0.038490005 0.41933495 0.24506873 0.8610986
bee 0.00013068231 0.514876 0.5552511 1.0 0.82875204
bee 0.00013038109 0.0 0.35619628 0.5617455 0.65573096
bee 0.00012953396 0.33543155 0.054882854 0.6666728 0.8960167
bee 0.00012535055 0.75385576 0.7370346 0.89348775 0.8884862
bee 0.00012527598 0.0 0.65821147 0.31773353 1.0
bee 0.00012277429 0.56540996 0.27693474 0.8100155 0.64667845
bee 0.00012259846 0.30460256 0.29169118 0.5574127 0.6266045
bee 0.00012131714 0.0 0.78094727 0.42732003 1.0
bee 0.00012072479 0.27599967 0.24714424 0.70962894 0.67437834
bee 0.00011951217 0.080841914 0.2622672 0.5100248 0.69677246
bee 0.0001176446 0.14242917 0.16518408 0.42590338 0.7964347
bee 0.00011371816 0.24433602 0.25223616 0.45708162 0.63040006
bee 0.000111845424 0.28303474 0.24070206 1.0 0.6818359
bee 0.000111512636 0.54239947 0.0 0.87202805 0.44035348
bee 0.000110949324 0.0 0.0 0.42769057 0.30361906
bee 0.0001104339 0.060749575 0.45012012 0.37286496 0.714159
bee 0.000110304034 0.95039356 0.74498016 0.99764216 0.8397451
bee 0.0001068414 0.5173611 0.7249508 0.7874897 1.0
bee 0.00010430062 0.45629722 0.039625317 0.81207484 0.27090612
bee 0.00010415342 0.6586695 0.0 1.0 0.32937744
bee 0.000101287056 0.017534148 0.544368 0.054132063 0.72242045
bee 9.508421e-05 0.66363305 0.088027194 0.877871 0.5021939
bee 9.3816816e-05 0.55528975 0.0741978 0.75462735 0.4660366
bee 9.329225e-05 0.31688374 0.6578857 0.67712575 1.0
