bee 0.9998894 0.80952907 0.74956363 0.88882935 0.87604314
bee 0.99859303 0.60523856 0.50965476 0.693583 0.68688
bee 0.9963737 0.40346947 0.15764552 0.5067117 0.28914526
bee 0.99468035 0.31296304 0.68968326 0.39540133 0.86804515
bee 0.9719782 0.15958893 0.53088003 0.25778922 0.69558483
bee 0.95386624 0.70583665 0.6577444 0.7915828 0.8154584
bee 0.8653528 0.9213055 0.56779504 0.99391705 0.7236041
bee 0.8343441 0.08445361 0.5487708 0.16668737 0.71995354
bee 0.81721985 0.940012 0.6859856 0.9954051 0.84311384
bee 0.550792 0.5372266 0.45527977 0.6068521 0.64725095
bee 0.32134885 0.16582192 0.85085493 0.22520189 0.90594715
bee 0.015032191 0.0 0.04708582 0.15317515 0.6716754
bee 0.0144330105 0.5858348 0.9031576 0.6398042 0.966426
bee 0.013049536 0.0040079895 0.8080151 0.020304946 0.9224783
bee 0.007500494 0.011665441 0.87903655 0.04243969 0.96130645
bee 0.006653112 0.624017 0.8889073 0.6864058 0.9610052
bee 0.004021722 0.028286785 0.8923122 0.13375081 0.96122104
bee 0.003969545 0.22813872 0.2319712 0.3396468 0.50420237
bee 0.002430085 0.0 0.073538095 0.24417844 0.6145122
bee 0.0022538612 0.008258372 0.61702067 0.023355395 0.8559846
bee 0.0021371788 0.0 0.24208537 0.3887989 0.44963643
bee 0.001729886 0.08372204 0.8871305 0.1900072 0.9484117
bee 0.0016613345 0.00058439374 0.2047092 0.1244168 0.8215617
bee 0.0014608038 0.004280455 0.6781584 0.01602386 0.87574446
bee 0.0012476952 0.10333414 0.849053 0.17975143 0.91067195
bee 0.0010476934 0.5939124 0.07785387 0.76353556 0.39424598
bee 0.0009224816 0.10299778 0.6993092 0.16168854 0.8316657
bee 0.0008517336 0.0 0.13092509 0.37029204 0.34730878
bee 0.00082982087 0.3846054 0.08636574 0.5088865 0.27419752
bee 0.0006875379 0.0 0.003587097 0.17528675 0.41260338
bee 0.0006570529 0.101305574 0.0 0.8840802 1.0
bee 0.00065340195 0.0 0.19993477 0.28068897 0.48711914
bee 0.0006483664 0.003943159 0.75111765 0.014209786 0.9147138
bee 0.0005847352 0.5633032 0.031485617 0.80896336 0.47895944
bee 0.000575331 0.0 0.10305926 1.0 0.7952142
bee 0.0004975511 0.76626277 0.07899512 0.9774431 0.53708446
bee 0.0004770649 0.008000581 0.505448 0.04824783 0.8391694
bee 0.00044710163 0.47049588 0.021876454 0.8403955 0.37180087
bee 0.00042893973 0.0 0.08248599 0.27322972 0.37294996
bee 0.00042234382 0.020076111 0.0 0.49239177 0.8330531
bee 0.000416376 0.65752715 0.14325535 0.88372236 0.7078197
bee 0.00038752067 0.007091857 0.5194427 0.018742288 0.8033726
bee 0.00038444894 0.20549375 0.0 0.8245544 0.27949983
bee 0.00036376828 0.013988286 0.92270577 0.06426356 0.9937079
bee 0.0003512745 0.6985236 0.0 1.0 0.5514651
bee 0.0003375085 0.0 0.13133033 0.41555846 0.5017375
bee 0.00033182136 0.38950124 0.0 1.0 0.27604753
bee 0.00031936372 0.054804087 0.26268554 0.711661 1.0
bee 0.00031719715 0.25463805 0.30269873 0.32147864 0.4961028
bee 0.00030931705 0.0 0.4991936 0.79957867 0.9420753
bee 0.0003030497 0.021552935 0.7613777 0.3356706 0.9638529
bee 0.0002971066 0.42629698 0.0 1.0 0.9274282
bee 0.0002969452 0.0 0.0 0.6952835 0.594344
bee 0.00029153234 0.0 0.0 0.35990167 0.41510257
bee 0.00029134867 0.16199484 0.0 1.0 0.5941272
bee 0.00029121566 0.21213003 0.0492139 0.46542817 0.42884493
bee 0.00028002134 0.0 0.0 0.38266546 0.14511642
bee 0.00026720957 0.0 0.0 0.62426805 0.2768978
bee 0.00026393723 0.3483998 0.0384415 0.7196567 0.25680125
bee 0.00024927792 0.0 0.0 0.29493284 0.2620279
bee 0.00024175592 0.29930705 0.0 0.67323923 0.5427888
bee 0.0002319824 0.0 0.5500357 0.51054966 0.98351705
bee 0.00023054563 0.21606004 0.6236715 1.0 0.9938652
bee 0.0002289151 0.01820445 0.43432593 0.3815033 0.67407215
bee 0.00022879205 0.07050873 0.0 0.4834383 0.4088908
bee 0.00022742337 0.6126391 0.1769839 1.0 0.7814351
bee 0.00022689102 0.02153702 0.18744555 0.2546637 0.71504235
bee 0.00022667242 0.662197 0.84765995 0.70307386 0.8984188
bee 0.0002225706 0.07894802 0.53703684 0.22710213 0.701335
bee 0.00021889767 0.5101638 0.28557748 1.0 1.0
bee 0.00021179325 0.006549731 0.55024 0.35170865 0.7659102
bee 0.00020959652 0.5827461 0.122805685 0.78207296 0.62394404
bee 0.00020522438 0.11115594 0.08570039 0.34271234 0.53199756
bee 0.00020110597 0.6704444 0.0 1.0 0.32234123
bee 0.00019966002 0.30843428 0.18955255 0.90221775 1.0
bee 0.00019889296 0.6410565 0.0 0.97122854 0.9585488
bee 0.00019613946 0.17751476 0.23263583 0.7836312 0.7755395
bee 0.00019382892 0.26149917 0.6733912 0.7955984 1.0
bee 0.00018930848 0.012510076 0.3405636 0.4001292 0.5532294
bee 0.00018315461 0.446373 0.0401157 0.66034436 0.3945443
bee 0.00018069698 0.0 0.25883812 0.55871874 0.78810495
bee 0.00017828832 0.16273867 0.0 0.44052804 0.5566863
bee 0.00017672256 0.011689454 0.6490196 0.33971068 0.8605292
bee 0.00017501513 0.64644533 0.4228661 0.95022327 1.0
bee 0.0001720627 0.060573407 0.8454855 0.12063109 0.9108086
bee 0.0001713598 0.40328902 0.7174381 0.9872976 1.0
bee 0.00017080356 0.0 0.0 1.0 0.38793805
bee 0.00016594175 0.50773 0.0 1.0 0.4290728
bee 0.0001634555 0.34691548 0.027710438 0.55288184 0.39106637
bee 0.00016184707 0.03802321 0.85675937 0.23928851 0.95544523
bee 0.00015729657 0.6416696 0.053476676 0.9070887 0.5531902
bee 0.0001466272 0.41638407 0.0069328547 0.6808423 0.15729094
bee 0.00014596207 0.17807287 0.2210928 0.31159115 0.5110865
bee 0.00014248239 0.0 0.0 0.3351846 1.0
bee 0.00014052434 0.21489054 0.15800273 0.7570125 0.4648503
bee 0.00013788255 0.48279336 0.46800923 0.6227665 0.64239097
bee 0.00013760044 0.004507154 0.36315116 0.578951 0.65760183
bee 0.00013732936 0.25428987 0.02896531 0.60585725 0.3283959
bee 0.0001364609 0.1252883 0.2531561 0.45799452 0.7204585
bee 0.00013358601 0.34410685 0.17074221 0.6400584 0.8185512
