bee 0.99988043 0.6755699 0.7739611 0.7732774 0.89001817
bee 0.9998455 0.34164402 0.7607979 0.41481116 0.8813115
bee 0.9995764 0.54812473 0.7782663 0.62245446 0.8849168
bee 0.859429 0.36020783 0.04374367 0.45814034 0.23150635
bee 0.006445876 0.0035175597 0.8068384 0.020044323 0.9119464
bee 0.004030546 0.83944416 0.2681404 1.0 0.83677876
bee 0.003371023 0.009560383 0.8772845 0.036469776 0.974915
bee 0.0032466487 0.015080392 0.055855155 0.16087417 0.611383
bee 0.0023568203 0.5302699 0.017490134 0.7759251 0.41644937
bee 0.0013850029 0.0025554895 0.030261874 0.2824154 0.61007684
bee 0.0013200382 0.7214926 0.0 1.0 0.61456907
bee 0.0012833482 0.0 0.19912711 1.0 0.82595885
bee 0.0012377806 0.04178843 0.0 0.901634 1.0
bee 0.0009998974 0.065942526 0.014283776 0.41426572 0.3634
bee 0.0009877045 0.28655317 0.0 0.7837266 1.0
bee 0.0009077641 0.0122524835 0.9215994 0.06283432 0.99391794
bee 0.0008798447 0.73359877 0.1885112 1.0 0.8389757
bee 0.0008545332 0.008502781 0.14682642 0.14079402 0.737537
bee 0.0006682525 0.012310684 0.0 0.520778 0.76799315
bee 0.00060754875 0.4374136 0.0 1.0 0.87886786
bee 0.00052188 0.0028379788 0.7610116 0.01203692 0.9109324
bee 0.0005131618 0.35171413 0.03757067 0.7513405 0.25906426
bee 0.00047616198 0.48425812 0.2862543 1.0 1.0
bee 0.0004517057 0.112902716 0.050479695 0.36650145 0.5138976
bee 0.00045160152 0.06530164 0.010887906 0.4910046 0.50094914
bee 0.00044117298 0.28230655 0.0 0.68065876 0.5321171
bee 0.00042266678 0.0003208816 0.54063827 0.36930814 0.7618503
bee 0.0004115037 0.0 0.525156 0.83644897 0.9668491
bee 0.00041091358 0.47723207 0.33077973 0.8688698 0.5695772
bee 0.0004072995 0.20903063 0.0 0.9364383 0.38035136
bee 0.00040484738 0.37729344 0.0 1.0 0.27917486
bee 0.00038242186 0.49637777 0.0 0.9202803 0.38635784
bee 0.00038218443 0.21480387 0.0 0.81652683 0.2716125
bee 0.00037590184 0.042648792 0.25550383 0.73190355 1.0
bee 0.00036775536 0.0 0.0 1.0 0.5177884
bee 0.00036563305 0.3936983 0.016731352 0.76971483 0.3479266
bee 0.0003652643 0.0 0.1290517 0.3940503 0.48614514
bee 0.0003647625 0.45966518 0.063109934 0.9595294 0.5198705
bee 0.00035281983 0.027789831 0.18408298 0.25766963 0.7665796
bee 0.00034836654 0.011506915 0.38012686 0.14138931 0.90182936
bee 0.0003460678 0.022394262 0.886768 0.25672886 0.9955833
bee 0.0003380463 0.043005273 0.23202606 0.49621403 0.71767247
bee 0.00033102543 0.0 0.0 0.62104523 0.4057098
bee 0.0003211535 0.53598166 0.08786103 0.77035844 0.5519304
bee 0.000320247 0.7276953 0.87696147 0.97203845 1.0
bee 0.00031483904 0.21561223 0.13938427 0.45348388 0.54658675
bee 0.0002968198 0.15274832 0.12675935 0.42295155 0.7946545
bee 0.00029564154 0.15737846 0.0 0.4268346 0.5931697
bee 0.00029472494 0.45113143 0.23396194 0.8579842 0.46617824
bee 0.00029421004 0.014156914 0.52661645 0.026013229 0.79957676
bee 0.00029230688 0.0 0.0 0.2990739 0.25844282
bee 0.00029221215 0.0 0.11973544 0.3842088 0.3380359
bee 0.00029198016 0.76239485 0.009208918 0.96763057 0.43169898
bee 0.00028647966 0.0 0.36241323 0.41205695 0.65719706
bee 0.00028075706 0.04066445 0.75174844 0.35196173 0.96293056
bee 0.00027956467 0.19702014 0.1532132 0.76784456 0.46003854
bee 0.00027474135 0.020799093 0.44312352 0.25053012 0.92561585
bee 0.00027264105 0.23425558 0.25032812 0.7413776 0.7081605
bee 0.00026703003 0.6642604 0.54359275 1.0 0.739085
bee 0.00026603058 0.61455345 0.1248011 1.0 0.7690302
bee 0.00026244792 0.6822002 0.0 1.0 0.38439786
bee 0.00025742876 0.0 0.53832483 0.5142255 0.9839659
bee 0.00025029006 0.2326271 0.069842204 0.45737332 0.42574632
bee 0.00024892736 0.44458538 0.01991807 0.6637003 0.39010888
bee 0.00024749158 0.3351769 0.22870721 1.0 0.7089362
bee 0.00024610024 0.0 0.213202 0.39623314 0.88751924
bee 0.00024161534 0.5281308 0.2911242 1.0 0.6915283
bee 0.00023331464 0.47472402 0.54970545 1.0 0.8415927
bee 0.00022989107 0.35275388 0.11651409 0.6535547 0.7748179
bee 0.00022506414 0.0 0.0 0.38644528 0.14192843
bee 0.00021616407 0.564029 0.0 0.86165845 0.5578207
bee 0.00020271639 0.040957764 0.64391494 0.3738374 0.85640466
bee 0.00020125962 0.0 0.5499818 0.43039486 0.8471492
bee 0.00020101338 0.22042495 0.6035017 1.0 1.0
bee 0.00019611046 0.066651106 0.88392735 0.35344848 1.0
bee 0.00019360709 0.0012563746 0.21974656 0.060105987 0.6766397
bee 0.00019077459 0.08043246 0.23121625 0.45147192 0.46827662
bee 0.00018868534 0.0 0.4169982 0.33198175 0.98328525
bee 0.00018135134 0.102275416 0.19080411 0.35968792 0.67079145
bee 0.00017920678 0.1157747 0.4088344 0.33881792 0.82435745
bee 0.00017878521 0.0048230067 0.92444915 0.15332034 0.9955862
bee 0.00017005017 0.2328967 0.0370515 0.62486255 0.24180368
bee 0.00016839533 0.62295896 0.26810718 0.9158829 0.6912562
bee 0.00016809677 0.6382977 0.010695264 0.94114006 0.50090283
bee 0.00016701914 0.36177567 0.3361575 0.74103713 0.57163286
bee 0.00016556686 0.44927007 0.4313016 0.8205672 0.674557
bee 0.00016378688 0.013212502 0.33889836 0.39062592 0.55485076
bee 0.00016281495 0.00700727 0.6644455 0.013752741 0.90864396
bee 0.00016223396 0.08238682 0.03791088 0.4392812 0.2482712
bee 0.00016183457 0.26719463 0.6656227 0.793779 1.0
bee 0.00015479024 0.07895808 0.44700658 0.50693595 0.88240933
bee 0.0001537901 0.20406479 0.5482675 0.7541258 0.8678001
bee 0.00015008693 0.3057976 0.29134572 0.58877385 0.6098902
bee 0.00014921148 0.65313596 0.4446515 0.9561992 1.0
bee 0.00014807987 0.24107309 0.34162685 0.6095977 0.5670681
bee 0.00014725067 0.69711363 0.40339807 1.0 0.901032
bee 0.00014554553 0.82350755 0.0 1.0 0.5328909
bee 0.00014429976 0.27522087 0.009608641 0.60008067 0.33116174
bee 0.00014354839 0.13423748 0.35242593 0.4207148 0.9710027
bee 0.00014197842 0.33987015 0.042872027 0.54428613 0.42399317
