bee 0.9996985 0.7972922 0.74423176 0.8813824 0.879275
bee 0.99956185 0.052814104 0.5618786 0.12961179 0.74998754
bee 0.9992943 0.3978027 0.15840429 0.5053827 0.29885942
bee 0.9990338 0.3169176 0.6908875 0.39004707 0.86820596
bee 0.98885685 0.15687087 0.52807 0.25892296 0.68216574
bee 0.9355712 0.712125 0.6581634 0.79590505 0.8281946
bee 0.9176458 0.16871794 0.8470365 0.21802343 0.9070157
bee 0.8240173 0.9355396 0.6798869 0.9956627 0.8441593
bee 0.7880674 0.9219813 0.57097906 0.9934179 0.7239353
bee 0.7087347 0.5756974 0.48827153 0.6760683 0.675934
bee 0.32604536 0.6077229 0.0030398667 0.7090155 0.10908661
bee 0.17904906 0.5360331 0.4557075 0.60565203 0.6397224
bee 0.010410564 0.0 0.0087996125 0.16550583 0.6141765
bee 0.0068716323 0.0026718182 0.8157618 0.013683033 0.92611086
bee 0.006687147 0.011883285 0.8718642 0.035187528 0.96002483
bee 0.004050366 0.23109555 0.22278808 0.34784824 0.50995517
bee 0.0010147479 0.0 0.751593 0.004775469 0.9150702
bee 0.00080117007 0.5817314 0.898598 0.6440223 0.9654798
bee 0.0007353552 0.0 0.22763023 0.3974556 0.4518359
bee 0.0006367131 0.0 0.091397345 0.98536056 0.822378
bee 0.00059906207 0.58452916 0.0034663007 0.7457266 0.120000415
bee 0.0005582894 0.013961287 0.9255584 0.06660407 0.9941152
bee 0.0005087904 0.29447928 0.0 0.8388361 1.0
bee 0.00046845997 0.02036126 0.0 0.5046923 0.8061713
bee 0.00045370896 0.11688541 0.84277445 0.18061735 0.9104001
bee 0.0004400268 0.7536696 0.04713893 1.0 0.5944977
bee 0.0003907722 0.025351897 0.4407646 0.34584975 0.6654751
bee 0.0003815412 0.0 0.68793386 0.0021074845 0.8773009
bee 0.0003814579 0.07155886 0.0 0.478893 0.40185556
bee 0.0003698425 0.17848754 0.0 0.79156506 0.2744457
bee 0.00035811678 0.032093547 0.88460207 0.12607482 0.9622518
bee 0.0003355834 0.005023092 0.0 0.63095975 0.28789532
bee 0.000321024 0.0 0.49526668 0.79183817 0.9336786
bee 0.00031901893 0.0 0.0 0.6528075 0.5897071
bee 0.00031596905 0.0391109 0.2742514 0.6883166 1.0
bee 0.00031284272 0.49976787 0.0 1.0 0.6386484
bee 0.00031028048 0.09682135 0.8826575 0.17866956 0.9462483
bee 0.00029724912 0.0 0.0 0.29281664 0.2619923
bee 0.0002965067 0.019327924 0.6493788 0.35351664 0.8570702
bee 0.0002941307 0.62328655 0.8868241 0.6885906 0.95701784
bee 0.00029360564 0.5945778 0.0052665845 0.67451286 0.10968598
bee 0.00029358998 0.59427977 0.023934476 0.72796583 0.194873
bee 0.0002782378 0.19971848 0.0 0.91057694 0.39316645
bee 0.00026876817 0.15483156 0.0 1.0 0.5860946
bee 0.00026484067 0.0 0.017380446 0.34877378 0.62303245
bee 0.00026221958 0.34577549 0.0 0.632747 0.49489507
bee 0.0002529918 0.0026459321 0.15221767 0.065209106 0.62341785
bee 0.00025232285 0.0 0.13208453 0.37258497 0.34131867
bee 0.0002495326 0.024051502 0.75898606 0.33254993 0.9593789
bee 0.00024341869 0.0 0.027372748 0.24300301 0.7636225
bee 0.00024163333 0.0 0.5480985 0.5189382 0.97965187
bee 0.00023274987 0.5466198 0.459774 0.6522943 0.65911937
bee 0.00023084851 0.22015435 0.61943984 1.0 0.9943484
bee 0.00022995111 0.77574193 0.0136066675 0.9703083 0.41013902
bee 0.00022813423 0.022585154 0.5315697 0.36973453 0.737569
bee 0.00022508067 0.3613388 0.0 0.9922165 0.28599083
bee 0.00022377857 0.17072588 0.22276792 0.79486984 0.7712425
bee 0.00022058385 0.15941961 0.0 0.43861085 0.5576825
bee 0.00022047367 0.85367656 0.0 0.9187808 0.015921688
bee 0.00021907724 0.0 0.0 0.25720632 0.4471535
bee 0.00021439165 0.9297399 0.6244857 1.0 0.81974596
bee 0.0002090076 0.0 0.0 0.38141257 0.14610438
bee 0.00020784207 0.0 0.22911087 0.3825884 0.90641344
bee 0.000206644 0.40398207 0.35415915 1.0 1.0
bee 0.0002040988 0.8362076 0.0 1.0 0.53685373
bee 0.00020069067 0.0 0.34870067 0.38735938 0.6366148
bee 0.00020040729 0.51990104 0.04128337 0.963555 1.0
bee 0.00019900639 0.45357138 0.034012258 0.80919474 0.28922296
bee 0.00019275407 0.38951045 0.72006565 0.9816217 1.0
bee 0.00018827022 0.0 0.17914787 0.26331994 0.503791
bee 0.00018774568 0.26562566 0.66686505 0.80284756 1.0
bee 0.00017739466 0.49126723 0.28392446 1.0 0.6917302
bee 0.00017282317 0.17587575 0.45156375 0.8793484 1.0
bee 0.00017237404 0.44936103 0.18199664 1.0 0.8223308
bee 0.00017236106 0.0 0.0 0.18390346 0.31724247
bee 0.00017110886 0.49178788 0.4670166 0.636529 0.64385176
bee 0.00016739301 0.5560574 0.030207977 0.75664705 0.41742182
bee 0.00015726312 0.64891005 0.4337631 0.9482223 1.0
bee 0.00015719866 0.13304861 0.10143462 0.36561257 0.5475004
bee 0.00015509456 0.64697784 0.001182571 0.7411038 0.11029151
bee 0.00015273978 0.0038719699 0.560977 0.1831426 0.9640155
bee 0.00015103545 0.0 0.65663123 0.32030925 1.0
bee 0.00014934274 0.07266936 0.32864323 0.556082 0.6808423
bee 0.00014328174 0.39048022 0.029093832 0.6731675 0.29523924
bee 0.00014134894 0.54022545 0.0 0.8619397 0.4465677
bee 0.00014122554 0.0068946034 0.40305197 0.01962051 0.64013517
bee 0.00013983567 0.0 0.2879327 0.7152853 0.70384246
bee 0.00013948797 0.27312893 0.25519758 0.7128564 0.6855917
bee 0.00013871522 0.13817343 0.15221909 0.42430863 0.79765487
bee 0.00013768338 0.32939297 0.03475976 0.6695225 0.8982099
bee 0.00013337181 0.2645017 0.040313244 0.72234184 0.47435915
bee 0.00013327989 0.03732554 0.55620885 0.26637688 0.91399395
bee 0.00013298943 0.68239194 0.0 1.0 0.3180789
bee 0.0001293334 0.7737526 0.7501353 0.91756314 0.8844621
bee 0.00012858893 0.27230245 0.5076107 0.6460375 1.0
bee 0.00012812945 0.9036927 0.0002603894 0.9582305 0.021111075
bee 0.00012763657 0.0 0.7805778 0.43173248 1.0
bee 0.00012729393 0.017371587 0.2629941 0.15161332 0.7459133
bee 0.00012642803 0.5677997 0.66762495 1.0 1.0
bee 0.00012527312 0.053245902 0.13303632 0.22210383 0.6825134
