bee 0.9998173 0.6561968 0.75436044 0.71881145 0.8882327
bee 0.9899636 0.40493795 0.12799384 0.48989394 0.29932034
bee 0.9802601 0.3335445 0.77474135 0.42051244 0.8827655
bee 0.9664729 0.60289294 0.711879 0.6840485 0.86731267
bee 0.7487294 0.5387209 0.075673744 0.59339815 0.20940416
bee 0.57636327 0.62311023 0.7229467 0.69712585 0.8714085
bee 0.016122809 0.0009828452 0.8081499 0.017648077 0.91632813
bee 0.0037870058 0.014538504 0.0722481 0.15468031 0.61731505
bee 0.0037592514 0.0069298595 0.8698973 0.03632982 0.9721171
bee 0.001963281 0.7409322 0.018289417 1.0 0.6207526
bee 0.001650274 0.26229092 0.0 0.7641442 1.0
bee 0.0015296509 0.0 0.17398682 1.0 0.88089466
bee 0.0010298167 0.0 0.0024829805 0.33516276 0.60775745
bee 0.0008865395 0.031139076 0.05689335 0.25951296 0.64287066
bee 0.00074734143 0.00810881 0.27771953 0.14550705 0.85446036
bee 0.000737742 0.22128397 0.20887256 0.34677005 0.49754542
bee 0.00070439256 0.11015324 0.081774294 0.36977237 0.57541096
bee 0.0006871992 0.0009739951 0.75933975 0.008457893 0.92010874
bee 0.00065561914 0.0 0.5376142 0.36059853 0.75933385
bee 0.00062733033 0.012160411 0.9259947 0.064883 0.9937406
bee 0.00062167924 0.062028706 0.0036684275 0.4968047 0.5114149
bee 0.00057635986 0.414506 0.0 1.0 0.8897077
bee 0.0005088833 0.42991197 0.28778493 1.0 1.0
bee 0.0005070055 0.0 0.0 0.52416754 0.793816
bee 0.0004976367 0.026122484 0.8913255 0.15010987 0.97455347
bee 0.00047558747 0.012401938 0.25749528 0.7226925 1.0
bee 0.0004738286 0.018361844 0.44156355 0.24938557 0.9317593
bee 0.00041227878 0.0 0.5366091 0.8839273 0.948659
bee 0.00039478575 0.832752 0.0 1.0 0.52334034
bee 0.00039422445 0.5516656 0.012448847 0.769869 0.38002345
bee 0.0003844077 0.19270468 0.0 0.81484556 0.27135772
bee 0.00037574384 0.0 0.1216325 0.38690937 0.4906782
bee 0.00037326326 0.18548453 0.046125233 1.0 0.4253576
bee 0.00037182664 0.53656346 0.0 0.94631165 0.70990694
bee 0.00036770155 0.0 0.0 0.6010845 0.3992588
bee 0.00035045546 0.650637 0.3186026 0.86635536 0.8044554
bee 0.0003387738 0.15300511 0.0 0.43166006 0.6335566
bee 0.00032045468 0.29301488 0.0 0.68276435 0.55113524
bee 0.0003081356 0.0 0.0 0.29649633 0.2597256
bee 0.00028999712 0.51761746 0.1532815 0.7949376 0.5141908
bee 0.00028211073 0.037437707 0.23707247 0.52017105 0.6965361
bee 0.0002776903 0.0 0.0 0.27731213 0.43837264
bee 0.00027437566 0.73586535 0.19499892 1.0 0.83098763
bee 0.00027248956 0.040462464 0.7523249 0.3524948 0.96538585
bee 0.00026692465 0.48021108 0.030173793 0.8150324 0.35235476
bee 0.00026137618 0.01963298 0.64622766 0.36089402 0.8557512
bee 0.00026071735 0.0 0.21647051 0.39614707 0.8787588
bee 0.0002570023 0.3289847 0.050575756 0.7320944 0.24762136
bee 0.0002472786 0.0 0.53429943 0.50517344 0.9763883
bee 0.0002451055 0.6905862 0.0 1.0 0.4199738
bee 0.00024183822 0.8231661 0.32737502 1.0 0.8569348
bee 0.00024115785 0.3584722 0.0 1.0 0.2718117
bee 0.00023939979 0.4740954 0.072375596 0.97600347 0.53238434
bee 0.00023297385 0.003817996 0.14820167 0.058058985 0.63477373
bee 0.00023085532 0.44273907 0.026126832 0.66178244 0.39750144
bee 0.00023064016 0.3830763 0.020129457 0.7404696 0.3480987
bee 0.00022956623 0.0 0.3602233 0.4111372 0.65077686
bee 0.00022704662 0.0 0.1528092 0.60021245 0.46566814
bee 0.00022663482 0.0 0.0 0.38529485 0.14235015
bee 0.00021997433 0.22307867 0.16229671 0.45351183 0.5537506
bee 0.00021721177 0.18623182 0.18882787 0.76444924 0.7569246
bee 0.00021490638 0.5465551 0.0 0.8818036 0.44388473
bee 0.0002117038 0.51764405 0.29132843 1.0 0.68620974
bee 0.00020836173 0.018997587 0.8882651 0.24451411 0.9966077
bee 0.00020537316 0.006607011 0.21762112 0.40708244 0.44806358
bee 0.00020390742 0.0 0.20669925 0.26159543 0.7422168
bee 0.00018711964 0.0 0.0 0.4475609 0.29581028
bee 0.00017983961 0.0 0.7789499 0.4274872 1.0
bee 0.00017770955 0.1896224 0.15209587 0.7470908 0.46266484
bee 0.00017465804 0.7294113 0.8717347 0.9739018 1.0
bee 0.00017257633 0.072028875 0.44836056 0.50623584 0.888659
bee 0.0001679787 0.5383227 0.44867903 0.85013485 0.9116728
bee 0.00016675149 0.0075298357 0.35404652 0.016470825 0.6422039
bee 0.00016668679 0.43581903 0.34401357 0.8185102 0.57089454
bee 0.00016566808 0.003127886 0.27138424 0.06404187 0.7110534
bee 0.00016405244 0.0 0.47660226 0.32508612 1.0
bee 0.00016349167 0.23661557 0.25939122 0.90327847 0.6584494
bee 0.00016008341 0.22070773 0.07064892 0.45830852 0.43841952
bee 0.00015948754 0.43799385 0.24807662 0.8311181 0.47166115
bee 0.00015637417 0.0 0.12052707 0.37604177 0.33412096
bee 0.00015550402 0.13217561 0.35593763 0.42557806 0.9749446
bee 0.00015314069 0.47200012 0.29767352 0.8203505 0.6679965
bee 0.00015245445 0.23203659 0.59502554 1.0 1.0
bee 0.00014965008 0.0 0.0 0.14671022 0.40092856
bee 0.00014625114 0.27280846 0.66545147 0.7921244 1.0
bee 0.00014598656 0.3394052 0.15785116 0.5633569 0.5620696
bee 0.00013842809 0.01742658 0.33424592 0.39631575 0.55822736
bee 0.00013788007 0.007175454 0.6731063 0.012593548 0.9196849
bee 0.00013314893 0.36045206 0.5286879 0.8958887 0.8661124
bee 0.00013216984 0.4621424 0.47511786 0.9493136 0.9269002
bee 0.00013144364 0.35840878 0.13839427 0.6529186 0.8078022
bee 0.00012898436 0.0 0.9030917 0.16597024 1.0
bee 0.00012852115 0.16523828 0.24720132 0.5231922 0.47861105
bee 0.00012700185 0.18187004 0.5489744 0.7400069 0.8621423
bee 0.00012649025 0.39464173 0.72363126 0.99047756 1.0
bee 0.0001255587 0.64284456 0.17265011 0.85018134 0.62682813
bee 0.00012555116 0.6453235 0.44968033 0.96205544 1.0
bee 0.00012238738 0.34029895 0.02443412 0.55821425 0.40182012
bee 0.00012066645 0.010583801 0.4313274 0.020699432 0.6635882
bee 0.000117429736 0.30727383 0.15255453 0.9381423 0.47544235
