bee 0.9999943 0.34455332 0.78429294 0.41949037 0.88464475
bee 0.87194663 0.90028495 0.46601108 0.98554903 0.62451684
bee 0.8406848 0.5554118 0.79410446 0.61736095 0.8881837
bee 0.49647957 0.692117 0.77224904 0.76215065 0.8778681
bee 0.07889214 0.37742075 0.12576461 0.4824554 0.29662842
bee 0.011182913 0.00071603805 0.044459134 0.19142327 0.5993284
bee 0.009973814 0.0031054001 0.80687237 0.020925071 0.91339886
bee 0.0018458589 0.008130198 0.8742313 0.034105547 0.9692566
bee 0.0017154914 0.4748658 0.12459733 0.57207084 0.2996025
bee 0.001468563 0.0 0.18053961 1.0 0.9169526
bee 0.0013143815 0.26355994 0.0 0.755641 1.0
bee 0.0008199481 0.025613986 0.013775468 0.25223544 0.646736
bee 0.0007670216 0.0 0.21103328 0.38685974 0.43857223
bee 0.00068183517 0.7481759 0.0 1.0 0.55969477
bee 0.0006373464 0.5051073 0.015103117 0.76519454 0.31884277
bee 0.00063438655 0.0 0.11760268 0.3731721 0.34021875
bee 0.0006078763 0.64015436 0.2111072 0.85755944 0.68229043
bee 0.00054705335 0.0 0.0 0.501101 0.7703533
bee 0.00053112727 0.7304227 0.87047243 0.98377925 1.0
bee 0.000530045 0.012633847 0.92447144 0.06342162 0.9946764
bee 0.00046131617 0.65003026 0.07970931 0.7882372 0.34943193
bee 0.00039977237 0.054078907 0.2363888 0.71703196 1.0
bee 0.0003967174 0.12353085 0.10663763 0.3493914 0.62576556
bee 0.00037745648 0.36620685 0.0 1.0 0.27944553
bee 0.00037397505 0.0038769045 0.7612198 0.013679663 0.91580015
bee 0.00036970802 0.4414942 0.0 1.0 0.8990333
bee 0.00036019972 0.2106263 0.0 0.8365577 0.2743069
bee 0.00033003063 0.0 0.54154146 0.94078726 0.94799316
bee 0.00032700453 0.2833677 0.0 0.68706423 0.54930645
bee 0.0003255736 0.04554093 0.75072306 0.3663411 0.9610837
bee 0.00032305284 0.0 0.025224417 1.0 0.49614152
bee 0.00032244663 0.33631447 0.37685955 1.0 1.0
bee 0.00031099215 0.0 0.0 0.6112524 0.40123248
bee 0.00030820345 0.4201815 0.015918642 0.6933527 0.3055485
bee 0.00030090366 0.0 0.0 0.37704307 0.52970064
bee 0.0002914373 0.0 0.0 0.77483976 0.8503159
bee 0.00027113344 0.54683477 0.0 0.87694055 0.45123518
bee 0.00026731737 0.05750978 0.02674207 0.5027908 0.51081204
bee 0.00025053814 0.0 0.07798563 0.26693076 0.36937857
bee 0.00025014358 0.0 0.018133208 0.16964975 0.39756006
bee 0.00024947218 0.0 0.19598296 0.39370984 0.8717452
bee 0.00024260148 0.0 0.0 0.29959565 0.26119798
bee 0.00022341445 0.35845506 0.04986666 0.74706674 0.2507519
bee 0.00020949122 0.21659583 0.6115531 1.0 1.0
bee 0.00020879986 0.045492396 0.25018245 0.51132476 0.69791144
bee 0.00020159321 0.15129857 0.1302287 0.42810065 0.8007813
bee 0.00019773064 0.0 0.35670072 0.39835918 0.6445344
bee 0.00019590973 0.0 0.0 0.44166395 0.30078146
bee 0.00019130741 0.6546522 0.44899973 0.9524507 1.0
bee 0.00018474105 0.7225561 0.48110384 0.96025634 0.80674237
bee 0.0001824172 0.0 0.0 0.38703448 0.1430561
bee 0.00018127094 0.001579009 0.27122957 0.15228996 0.85636383
bee 0.00018094956 0.07389876 0.85183626 0.1971725 0.907939
bee 0.00017878403 0.6795897 0.0 1.0 0.32297853
bee 0.00017813197 0.04702106 0.27046242 0.26704025 0.85041916
bee 0.00017666478 0.0 0.17283915 0.24295852 0.49559784
bee 0.0001754611 0.0 0.5502329 0.501681 0.9827795
bee 0.0001741975 0.049903035 0.18969327 0.33377904 0.7130279
bee 0.0001716226 0.1612469 0.0 0.43235767 0.6248894
bee 0.00016906849 0.16244096 0.15556073 0.74010086 0.4732234
bee 0.00016436339 0.63851315 0.0 0.9576184 0.8740802
bee 0.00016247887 0.44108954 0.031739667 0.6474465 0.38475692
bee 0.00015933508 0.36793992 0.0 1.0 0.5232405
bee 0.00015367226 0.22721961 0.17052214 0.4680206 0.5596326
bee 0.00015295476 0.28654277 0.23523864 1.0 0.6775631
bee 0.00014422851 0.110458605 0.60211337 0.3587249 0.886873
bee 0.0001433964 0.007910111 0.6792583 0.014010181 0.91141015
bee 0.00014335006 0.22496718 0.2599505 0.8394018 0.9417268
bee 0.00014053089 0.56284004 0.25778115 1.0 0.7041998
bee 0.00013637415 0.8736476 0.9502801 0.9784471 1.0
bee 0.00013523048 0.018680125 0.8844976 0.26744992 0.99508554
bee 0.00013510391 0.0 0.77576697 0.43764696 1.0
bee 0.00013265228 0.33079517 0.14325428 0.5541245 0.53584653
bee 0.00013259385 0.64224285 0.39515266 0.86471325 0.8101287
bee 0.00013249868 0.02448839 0.64074534 0.37753922 0.8426445
bee 0.00013230224 0.0056788623 0.14985803 0.14870976 0.71075594
bee 0.00013107067 0.0 0.16398992 0.56743705 0.46857613
bee 0.00013025259 0.1723468 0.1765913 0.7560092 0.7644669
bee 0.00012868708 0.30243188 0.02598837 0.5688259 0.30316192
bee 0.00012755833 0.57091326 0.33112872 0.9349968 0.5680008
bee 0.00012677838 0.49355718 0.35197556 1.0 0.63183725
bee 0.00012652103 0.10164319 0.4862094 0.36365867 0.8254678
bee 0.00012483822 0.77841985 0.14937711 0.9819839 0.61085874
bee 0.00012251618 0.54479706 0.14052746 0.77829385 0.56387603
bee 0.00012100762 0.47072297 0.4758439 0.9424916 0.909649
bee 0.00012056971 0.30618808 0.0 0.72604454 0.3416552
bee 0.00012040359 0.0015740842 0.7331295 0.29257947 0.98204887
bee 0.0001184857 0.0 0.5008266 0.3222209 1.0
bee 0.000118176984 0.0 0.90093786 0.16453812 1.0
bee 0.00011565734 0.27452075 0.657027 0.79248536 1.0
bee 0.000115382936 0.0 0.8505597 0.38639468 1.0
bee 0.000111829424 0.35900873 0.1513052 0.6495481 0.8003291
bee 0.000111405825 0.08118358 0.45732164 0.5095304 0.88335955
bee 0.000110938636 0.06216654 0.88225913 0.353389 1.0
bee 0.00010975373 0.1317029 0.35878503 0.727122 0.6748718
bee 0.000107162494 0.109477416 0.0 0.52683204 0.33588904
bee 0.00010298697 0.0 0.71712565 0.17014948 1.0
bee 0.00010083124 0.21430932 0.056015864 0.6035473 0.25063068
bee 9.7312215e-05 0.13159025 0.34296706 0.4226244 1.0
bee 9.564047e-05 0.3972138 0.7146009 0.9844525 1.0
