bee 0.99999213 0.57972455 0.74055505 0.6442652 0.8785205
bee 0.99997556 0.7022211 0.77820504 0.7843904 0.88523483
bee 0.95152605 0.33341506 0.76178956 0.4130523 0.8864162
bee 0.84291023 0.19037831 0.0 0.24452263 0.106278956
bee 0.6805262 0.37025246 0.067692935 0.4754025 0.22694153
bee 0.011280212 0.6442487 0.80462515 0.7095734 0.8863174
bee 0.006326682 0.002193781 0.80543447 0.015428739 0.9172543
bee 0.0059208586 0.0 0.009013444 0.19802532 0.6231564
bee 0.002950272 0.5361321 0.017097041 0.77783906 0.39772683
bee 0.002192178 0.007584394 0.8715804 0.03190434 0.9756364
bee 0.0017774345 0.009551987 0.12303156 0.15824006 0.717328
bee 0.0014009973 0.019348204 0.0 0.90909034 1.0
bee 0.0011437825 0.27234492 0.0 0.7881099 1.0
bee 0.000833216 0.510966 0.10735929 0.8019369 0.5053213
bee 0.000788834 0.4418711 0.0 1.0 0.8915974
bee 0.0006899136 0.7250291 0.0 1.0 0.6239487
bee 0.0006657356 0.003718458 0.27569878 0.15382418 0.84588444
bee 0.0006493376 0.0 0.5357686 0.35791188 0.7473556
bee 0.00059794716 0.0 0.0 0.5067079 0.8262683
bee 0.0005589936 0.03082548 0.20594892 0.32898104 0.7130532
bee 0.0005472424 0.0020685345 0.04027745 0.26921606 0.76294076
bee 0.00054178335 0.002089956 0.759292 0.008949059 0.91731906
bee 0.0005307068 0.0 0.21082574 0.3915906 0.44960213
bee 0.0005226045 0.47080567 0.022052154 0.8209374 0.30596453
bee 0.0005060317 0.76458925 0.06552401 0.98132366 0.5396873
bee 0.00050409685 0.0 0.13090399 0.35184512 0.33851838
bee 0.00048143146 0.03478563 0.2503848 0.73483944 1.0
bee 0.00047541023 0.45301366 0.33692604 0.8414105 0.57065624
bee 0.0004740721 0.5028058 0.29687822 1.0 1.0
bee 0.0004634088 0.54852563 0.0 0.887997 0.4450372
bee 0.00043626328 0.3311422 0.039736837 0.72538745 0.25257394
bee 0.00042484104 0.24185139 0.029877514 0.74070215 0.4716207
bee 0.0004233404 0.0 0.5400502 0.85366946 0.9449882
bee 0.00041919327 0.0 0.0 0.6719947 0.58649445
bee 0.00041853587 0.20306897 0.0498033 1.0 0.4308303
bee 0.00040597163 0.20493686 0.0 0.8091707 0.2647305
bee 0.0004016939 0.39397803 0.0 1.0 0.27729458
bee 0.00037577178 0.0 0.3555921 0.40667248 0.6477432
bee 0.00037507154 0.20431668 0.23398422 0.3507064 0.51669884
bee 0.00036349994 0.012696797 0.9253051 0.058383502 0.9944501
bee 0.0003617178 0.6989953 0.20464322 1.0 0.7385888
bee 0.00035518696 0.0128098875 0.8834506 0.24356009 0.99807775
bee 0.00035474496 0.35697407 0.0 0.6494159 0.49192283
bee 0.00034992446 0.46610388 0.058423683 0.9684552 0.5164607
bee 0.00034879692 0.15244488 0.12580273 0.4266945 0.80212283
bee 0.00032444604 0.033289537 0.24914616 0.50250584 0.721119
bee 0.00031313096 0.3565011 0.34043986 0.7235875 0.57232153
bee 0.00030007688 0.0 0.0 0.29453355 0.48054913
bee 0.0002987942 0.52341485 0.28245 1.0 0.6801423
bee 0.00029810422 0.46491772 0.236369 0.8598135 0.4688614
bee 0.00028381354 0.39673594 0.055719458 0.5476776 0.21652734
bee 0.0002828233 0.637372 0.0 1.0 0.42420626
bee 0.00028168366 0.22337922 0.2566191 0.74975014 0.7104554
bee 0.0002637151 0.12196052 0.21896298 0.35818905 0.6594909
bee 0.0002622621 0.0 0.32179573 0.3731203 0.5512099
bee 0.00026011723 0.047779143 0.7515559 0.3620082 0.9612566
bee 0.00025781462 0.0 0.1894086 0.39435822 0.85843486
bee 0.00025705472 0.45781755 0.037284076 0.71779895 0.4097454
bee 0.00025496972 0.35605067 0.13401744 0.6540782 0.8067087
bee 0.00024497818 0.0 0.0 0.45670992 0.3705175
bee 0.0002428204 0.0 0.0 0.837304 0.37094384
bee 0.00024200177 0.004553929 0.47204828 0.2555018 0.9192729
bee 0.00023522372 0.0 0.0 0.304104 0.26039994
bee 0.00023207112 0.51138496 0.27293098 0.81458485 0.6419359
bee 0.00023071365 0.0 0.22833708 1.0 0.67780566
bee 0.00021847752 0.1510087 0.015935376 0.34872967 0.4115895
bee 0.00021813327 0.0 0.54175186 0.5003086 0.98301053
bee 0.00021756453 0.0 0.0 0.61580974 0.26824015
bee 0.00021491807 0.0 0.02356188 0.16884047 0.40300244
bee 0.00021303963 0.09705217 0.46077392 0.36580914 0.8227196
bee 0.00021054954 0.24718268 0.18648484 0.70162225 0.91302824
bee 0.00020687527 0.38633662 0.018712103 0.7606935 0.34038433
bee 0.000206246 0.0054338425 0.0 0.37682617 0.14439201
bee 0.00020539938 0.2191984 0.6074457 1.0 1.0
bee 0.00019939861 0.64634204 0.28236216 0.8615005 0.7710561
bee 0.00019832522 0.15640777 0.0 0.43137705 0.5195
bee 0.0001976494 0.113665 0.35269332 0.35417646 0.7608136
bee 0.00019255698 0.63460046 0.14142558 0.872539 0.6173707
bee 0.0001913835 0.7754195 0.13368192 1.0 0.8766686
bee 0.00019059553 0.6933595 0.42817712 1.0 0.88376594
bee 0.00018581054 0.8400221 0.25017995 1.0 0.8546111
bee 0.0001835016 0.0 0.4235919 0.27083445 0.7043269
bee 0.00018340959 0.5328101 0.23956484 0.7408968 0.71243036
bee 0.00018272028 0.23214805 0.34315556 0.60025567 0.57133126
bee 0.00017655968 0.6187741 0.16922447 1.0 0.908218
bee 0.0001760589 0.07552007 0.44741353 0.5015218 0.8872775
bee 0.00017305616 0.058866963 0.029876754 0.502341 0.48082495
bee 0.0001711756 0.03196831 0.4489643 0.39264655 0.67364615
bee 0.00016753226 0.13747406 0.3582156 0.42083353 0.97468984
bee 0.00015624301 0.0 0.41108513 0.35755217 0.9985944
bee 0.00015514679 0.35553056 0.22686857 0.74207157 0.4663061
bee 0.00015294965 0.4716767 0.552526 1.0 0.8442112
bee 0.00015189422 0.043346003 0.6373094 0.3816061 0.8481237
bee 0.0001500304 0.0 0.77782595 0.43228328 1.0
bee 0.00014852417 0.64986384 0.557132 1.0 1.0
bee 0.00014660523 0.26791072 0.65966344 0.783664 1.0
bee 0.00014408157 0.3341125 0.15511663 0.9654137 0.47035438
bee 0.00013611393 0.42543918 0.43953404 0.7977597 0.67129076
bee 0.00013549508 0.06810391 0.021053374 0.432787 0.28624758
bee 0.00013450414 0.41031748 0.13289322 0.7595441 0.5008388
