bee 0.9996927 0.59843224 0.7007951 0.6812205 0.8655941
bee 0.99041724 0.5409361 0.0012876987 0.5879649 0.14029534
bee 0.98987013 0.40811777 0.19461238 0.49605638 0.38541526
bee 0.36513963 0.3320991 0.7737701 0.41871014 0.8868828
bee 0.012840675 0.011472642 0.06398192 0.14940116 0.5942552
bee 0.012552235 0.002458598 0.80293065 0.017258212 0.9160339
bee 0.001730769 0.002739728 0.7525342 0.012455072 0.9218603
bee 0.0014153112 0.022133924 0.055839688 0.2576342 0.62959886
bee 0.0013445952 0.26137316 0.0 0.7633357 1.0
bee 0.0012404557 0.0 0.17498723 0.92313445 1.0
bee 0.0010664937 0.008687476 0.8733918 0.03283356 0.9682054
bee 0.0009333836 0.0030096676 0.11830899 0.06477667 0.622108
bee 0.00083253824 0.8329453 0.34448448 1.0 0.87851536
bee 0.00073157065 0.72453755 0.0 1.0 0.60547304
bee 0.00069546537 0.002288349 0.28588405 0.065758646 0.6900457
bee 0.0006581559 0.008282736 0.27602568 0.14143509 0.8284873
bee 0.00059009145 0.0007289648 0.14788413 0.16422379 0.7122536
bee 0.00052341283 0.0 0.22021678 0.39788446 0.45161262
bee 0.00050938077 0.0053647608 0.674278 0.012435563 0.9163817
bee 0.0004993023 0.001291588 0.53892016 0.3608848 0.76498973
bee 0.0004937144 0.0 0.0 0.5065157 0.79503196
bee 0.00045765782 0.02890265 0.21066618 0.25595075 0.73562425
bee 0.00042078932 0.0 0.12567106 0.37725207 0.34212905
bee 0.0004024482 0.052469626 0.03048563 0.44048095 0.35775217
bee 0.00037093164 0.765681 0.14070871 1.0 0.8776345
bee 0.00036032562 0.073008195 0.022655353 0.512374 0.5001533
bee 0.00034750727 0.0 0.0 0.39188224 0.61606884
bee 0.0003358361 0.014430786 0.9299864 0.061705522 0.993162
bee 0.00033527502 0.46351805 0.26177543 1.0 1.0
bee 0.0003298029 0.0 0.0 0.29647806 0.2590222
bee 0.0003137519 0.0071229786 0.43981946 0.3614427 0.6554619
bee 0.0003136673 0.013816133 0.34039938 0.3888772 0.5590168
bee 0.0003109655 0.4199245 0.0 1.0 0.6196393
bee 0.0003097334 0.051404864 0.75120854 0.36265212 0.96265686
bee 0.00030380324 0.0 0.0 0.6082629 0.40372974
bee 0.0003007026 0.051702023 0.238029 0.52180487 0.6858519
bee 0.00030023683 0.3921959 0.0 1.0 0.28414488
bee 0.00029563758 0.14760703 0.13317168 0.4309672 0.80701065
bee 0.0002930265 0.12327733 0.10022567 0.3713821 0.556926
bee 0.00029272717 0.0 0.48366064 1.0 0.85902435
bee 0.00029074043 0.0 0.35780704 0.42076206 0.64788985
bee 0.00028630247 0.18713605 0.0 0.8054061 0.27064192
bee 0.00028257156 0.5487476 0.043694317 0.7570651 0.40605512
bee 0.00027981962 0.011815026 0.48731756 0.024713024 0.72789955
bee 0.00027431888 0.010345578 0.42069113 0.021522641 0.66492474
bee 0.00027417144 0.0 0.0 0.2855162 0.4282905
bee 0.00027379947 0.0 0.0 0.74465007 0.65227944
bee 0.00027159083 0.026178218 0.45247126 0.26358575 0.9108801
bee 0.00027000793 0.0 0.4235996 0.75944805 0.9518856
bee 0.00026915257 0.54469705 0.0 0.93739164 0.75781053
bee 0.00026835565 0.0 0.013125479 1.0 0.49876267
bee 0.0002681587 0.28725845 0.0 0.6721053 0.52961797
bee 0.0002676859 0.6497052 0.2540724 0.8648759 0.78020585
bee 0.0002627173 0.0 0.017437577 0.16492508 0.39321113
bee 0.0002551183 0.20731977 0.0 0.92265606 0.38574478
bee 0.00025442723 0.054206416 0.18275282 0.2020951 0.5559306
bee 0.00024878833 0.51014674 0.0 0.93570054 0.3881638
bee 0.00024121508 0.5030247 0.026203021 0.77160144 0.31663322
bee 0.00023472548 0.0 0.3994652 0.1639395 0.8892621
bee 0.00022587998 0.0 0.539643 0.5025116 0.97467214
bee 0.00022024989 0.6849428 0.0 1.0 0.3892788
bee 0.00021117763 0.56260943 0.0 0.8664658 0.528065
bee 0.0002108557 0.0155429095 0.8866055 0.25412095 0.9968116
bee 0.00020788111 0.0 0.0 0.38593143 0.1410586
bee 0.00020457635 0.22164777 0.23693177 0.34476355 0.492461
bee 0.00019959187 0.46918812 0.33717525 0.8210802 0.56670153
bee 0.00019731912 0.0 0.31026486 0.2982071 0.6227838
bee 0.00019711885 0.53127944 0.056999475 1.0 0.5141814
bee 0.00018088538 0.010664195 0.2927577 0.022420943 0.5893983
bee 0.00018026144 0.23968546 0.12663081 0.7286949 0.47002283
bee 0.00018015626 0.5123043 0.29049376 1.0 0.6907954
bee 0.00017957573 0.48243704 0.5451686 1.0 0.84218997
bee 0.00017815219 0.046165034 0.041284904 0.3990296 0.24279775
bee 0.00017392979 0.0 0.21320188 0.38830575 0.8825735
bee 0.00017389032 0.16309753 0.18556386 0.75576293 0.7488166
bee 0.00017358782 0.04449375 0.64590424 0.3859144 0.8560044
bee 0.00017129854 0.0 0.17861384 0.26736483 0.50754184
bee 0.00016085227 0.20575513 0.25987494 0.47341228 0.5787655
bee 0.0001543469 0.24067137 0.25355935 0.83421564 0.92091346
bee 0.0001482429 0.0 0.41869527 0.33532584 0.98028547
bee 0.00014644874 0.0 0.2569561 0.24848592 0.9329679
bee 0.00014613768 0.63304085 0.11999014 1.0 0.73818946
bee 0.00014583685 0.0061386153 0.29737353 0.15622044 0.6537182
bee 0.00014556301 0.24699816 0.048566923 0.4507822 0.38669223
bee 0.00014449157 0.0 0.77833843 0.4279827 1.0
bee 0.0001437207 0.15289631 0.0 0.42811826 0.5694544
bee 0.00014120452 0.70087045 0.3898534 1.0 0.89364755
bee 0.00013896251 0.65326136 0.04384643 0.9381017 0.51024044
bee 0.00013853268 0.67244977 0.5445727 1.0 0.72885776
bee 0.00013727426 0.20657825 0.59475 1.0 1.0
bee 0.00013589632 0.45309782 0.013947174 0.65148807 0.39995003
bee 0.00013348032 0.5483868 0.5281338 0.7456691 0.9292615
bee 0.00013265469 0.075409874 0.22099766 0.39146572 0.6043128
bee 0.00012982367 0.52815884 0.2343986 0.76567 0.7204477
bee 0.0001219667 0.36953294 0.020573065 0.6984948 0.3332978
bee 0.00012185393 0.635309 0.14557719 0.8720788 0.62948984
bee 0.00012170971 0.07087609 0.44853026 0.5067003 0.8898404
bee 0.00012070961 0.002657771 0.1520565 0.5886617 0.46663773
bee 0.000119453034 0.5462598 0.14219712 0.7635996 0.5645073
bee 0.00011903482 0.26894894 0.6680975 0.7889013 1.0
