bee 0.9990715 0.77722377 0.71073836 0.853077 0.8768657
bee 0.939986 0.6119943 0.60722536 0.706204 0.82086533
bee 0.028854577 0.005335536 0.9134017 0.060166422 0.9932846
bee 0.019332353 0.0035448521 0.88907444 0.046583652 0.97731256
bee 0.01500884 0.0025301874 0.36338973 0.16045661 0.878646
bee 0.010407258 0.0054127984 0.80774295 0.033008218 0.911438
bee 0.009679002 0.009784415 0.055531263 0.14622484 0.64010286
bee 0.005585487 0.023269027 0.9005547 0.16989578 0.9715014
bee 0.0040885555 0.0058100224 0.75214285 0.022825677 0.89901346
bee 0.0039734566 0.42478707 0.012674153 0.8213037 0.3957409
bee 0.0034113473 0.02308885 0.07914442 0.27008283 0.63048416
bee 0.0030558493 0.010705657 0.41303718 0.2506048 0.9192234
bee 0.002960259 0.5455389 0.02240038 0.7714597 0.41129684
bee 0.002626059 0.0 0.11844173 0.07266956 0.5881727
bee 0.0024912995 0.012826487 0.9274327 0.18326387 0.9966313
bee 0.001851075 0.0 0.23174885 1.0 0.8126304
bee 0.001792678 0.0 0.0 0.93195856 1.0
bee 0.0017473026 0.0 0.5265339 0.40083012 0.7482042
bee 0.0017168851 0.30424243 0.0 0.80683464 1.0
bee 0.0016527245 0.013912976 0.22529261 0.3222816 0.70313865
bee 0.0015795354 0.83365023 0.0 1.0 0.589944
bee 0.0011367865 0.0 0.23312566 0.3988458 0.45297942
bee 0.0011083231 0.46304616 0.0 1.0 0.879277
bee 0.0010968032 0.8141242 0.34328687 1.0 0.8819488
bee 0.0010036698 0.0 0.43113443 0.39228833 0.649184
bee 0.0009573204 0.18097648 0.0 0.8426621 0.2868828
bee 0.00091337314 0.0 0.0 0.48051172 1.0
bee 0.0009115974 0.006759951 0.6840249 0.020511035 0.8978371
bee 0.0009019386 0.0060628355 0.23614359 0.6999743 1.0
bee 0.00089004904 0.50022006 0.28962004 1.0 1.0
bee 0.0008889253 0.0 0.54997057 0.81291103 0.9653447
bee 0.0008830438 0.0 0.0 0.70098114 0.670416
bee 0.0008572817 0.027318448 0.36825806 0.30709425 0.835373
bee 0.00081957586 0.100944236 0.36675543 0.3655203 0.7933585
bee 0.00081844983 0.4094395 0.0 0.69248 0.37197623
bee 0.00073889765 0.3656444 0.02646184 0.8070659 0.28106773
bee 0.0007365405 0.023269653 0.0 1.0 0.56331295
bee 0.00073279935 0.6184496 0.093882054 0.8608509 0.6700922
bee 0.00072342315 0.0 0.33550072 0.409486 0.5562035
bee 0.00071850757 0.018447153 0.31935233 0.2264083 0.8012555
bee 0.0007011868 0.46126527 0.08316374 0.9460165 0.5390274
bee 0.00067832065 0.0 0.13408187 0.23430917 0.75170004
bee 0.00067680835 0.024078384 0.87682307 0.21970324 0.9752513
bee 0.0006747294 0.011233475 0.42641664 0.0804314 0.85680294
bee 0.00065716996 0.6885392 0.0 1.0 0.5532038
bee 0.0006346046 0.3511888 0.3578919 0.5788781 0.8011732
bee 0.00063238 0.01353173 0.64205277 0.37194306 0.8544496
bee 0.0006218333 0.55050373 0.0 0.87261355 0.45334864
bee 0.00062136084 0.022390887 0.7499669 0.34844798 0.96280116
bee 0.0006130981 0.1617201 0.07034388 1.0 0.4193204
bee 0.00061001093 0.0 0.0 0.47353405 0.3701415
bee 0.00060168793 0.0 0.12121169 0.37945083 0.33218753
bee 0.0005901561 0.0 0.30131978 0.29075986 0.62816906
bee 0.00058900414 0.0 0.0 0.3793798 0.58099073
bee 0.0005733759 0.35615218 0.0 0.65509105 0.5054022
bee 0.0005707717 0.02444923 0.0 0.6521066 0.2758058
bee 0.0005593291 0.0 0.50205034 1.0 0.85899633
bee 0.0005497469 0.0 0.189335 0.2835684 0.5203964
bee 0.00054821454 0.24021313 0.04508859 0.75337684 0.4746461
bee 0.00054593163 0.0 0.0 0.7870535 0.37881413
bee 0.0005292789 0.28663325 0.0 0.73988676 0.3480302
bee 0.0005278036 0.0 0.0 0.2799693 0.43853164
bee 0.00050179934 0.008615829 0.5481682 0.14218965 0.8485514
bee 0.00048756192 0.03343432 0.83083355 0.13661999 0.9032881
bee 0.0004870946 0.0 0.2852291 0.5782435 0.69883853
bee 0.00047220493 0.13562948 0.13086256 0.3605618 0.6085025
bee 0.00044610398 0.0 0.53653395 0.49954978 0.9926945
bee 0.00044596448 0.0 0.23243159 0.3930497 0.9235539
bee 0.0004378863 0.0111891925 0.9057799 0.24990532 0.99123794
bee 0.00043564156 0.10577901 0.5508601 0.3694352 0.8664234
bee 0.00043075267 0.13498086 0.0 0.5013749 0.44928867
bee 0.0004137795 0.39509276 0.28313166 0.6560186 0.65268785
bee 0.0004098055 0.776689 0.16980392 1.0 0.80016476
bee 0.0004006241 0.0 0.45314816 0.32867277 1.0
bee 0.00039399997 0.5225517 0.11871515 0.7959339 0.54572237
bee 0.0003888032 0.6581092 0.05345896 0.8688818 0.44074413
bee 0.00038712373 0.3595218 0.0 1.0 0.50034094
bee 0.00038543844 0.24026848 0.34322518 0.49186242 0.76233
bee 0.0003757689 0.009768898 0.5398042 0.06647809 0.87028563
bee 0.00035569098 0.16303293 0.16700625 0.42261308 0.79962635
bee 0.00035308718 0.0 0.0 0.29860502 0.2577213
bee 0.00034721984 0.26730293 0.22148637 0.4169649 0.508514
bee 0.0003385983 0.31907052 0.23096834 0.45165503 0.5018741
bee 0.00033649022 0.33562475 0.1135525 0.7613955 0.34214476
bee 0.00033620675 0.6620926 0.0 1.0 0.3252064
bee 0.00032322007 0.31001145 0.025791049 0.60630095 0.38889664
bee 0.00032253118 0.21238527 0.29182288 0.46974048 0.6304827
bee 0.000313082 0.10193591 0.2596089 0.3779958 0.6472893
bee 0.00031167813 0.0 0.5445783 0.4477718 0.84655905
bee 0.0003049902 0.1993775 0.25714946 0.82735944 0.9524095
bee 0.0003001673 0.6064014 0.16684383 1.0 0.7721321
bee 0.0002981659 0.35039422 0.24726135 0.7309816 0.4656502
bee 0.00029239553 0.0 0.0 0.38015676 0.14236565
bee 0.00028470435 0.83695424 0.8258173 0.99877286 1.0
bee 0.0002820443 0.0020241216 0.01213415 0.06154956 0.48597562
bee 0.00026442032 0.0 0.7764302 0.44645178 1.0
bee 0.0002623899 0.33354145 0.33548108 0.70108 0.56308484
bee 0.00026027055 0.32131523 0.2356692 1.0 0.71462435
bee 0.0002591948 0.32700378 0.0 0.6790466 0.85511357
bee 0.00025624674 0.5546004 0.19812515 0.7850155 0.696666
