bee 0.9999765 0.6164573 0.74224615 0.7117968 0.85468113
bee 0.99973124 0.33441886 0.7629656 0.4121152 0.89284295
bee 0.9902332 0.5653944 0.8078003 0.6291642 0.88382804
bee 0.9333676 0.38851705 0.34322464 0.47507986 0.5330061
bee 0.28123638 0.007803429 0.0 0.060889866 0.16003175
bee 0.017556367 0.40974894 0.025807574 0.80199075 0.41649473
bee 0.016489753 0.0012526498 0.8043382 0.013725346 0.92537546
bee 0.0066148634 0.004599765 0.04926075 0.046126157 0.17796095
bee 0.0044580554 0.0051845536 0.86859834 0.025238952 0.9702054
bee 0.0039307615 0.0 0.002625309 0.06756358 0.21382195
bee 0.0034373784 0.7413188 0.010946989 1.0 0.5787556
bee 0.002636522 0.48566794 0.08016208 0.7882 0.4918715
bee 0.0018959481 0.34404784 0.0031223446 0.7485511 0.30838078
bee 0.0013756846 0.0019159522 0.000922326 0.048171163 0.10583283
bee 0.0013376652 0.16630882 0.0 0.8245596 0.2730696
bee 0.0012303465 0.0 0.15487915 1.0 0.8240491
bee 0.0011438761 0.53561497 0.38494772 0.93041146 0.836163
bee 0.0010892525 0.29549366 0.0 0.7970775 1.0
bee 0.00095944246 0.44478893 0.0 1.0 0.88554513
bee 0.00084796967 0.020209044 0.0 0.51551104 0.803919
bee 0.00075734925 0.24042985 0.039754257 0.75385153 0.47585416
bee 0.0007388853 0.459184 0.058456033 0.9248007 0.5422015
bee 0.00073436147 0.20752043 0.0 0.9199403 0.38652292
bee 0.00071310217 0.012356464 0.9269105 0.05569603 0.99465823
bee 0.00068143435 0.51257825 0.28470844 1.0 1.0
bee 0.0006563897 0.098127544 0.0 1.0 0.5568092
bee 0.00063041225 0.36243635 0.0 0.9897024 0.2790918
bee 0.00060780614 0.6345885 0.35790926 0.88320935 0.80689067
bee 0.00058660266 0.48377627 0.0 0.9112262 0.3858589
bee 0.0005751772 0.7571418 0.18554452 1.0 0.7732123
bee 0.0005671589 0.011891797 0.12871906 0.13431054 0.64260936
bee 0.0005616385 0.0 0.11260554 0.07503864 0.5531497
bee 0.0005602823 0.0017589431 0.7501713 0.008745887 0.9428705
bee 0.0005210678 0.0059909746 0.29263535 0.13397199 0.8466883
bee 0.0005209563 0.0 0.0 0.68987864 0.58026606
bee 0.00052025536 0.018660903 0.8891967 0.26094326 0.9938447
bee 0.0005185701 0.041260123 0.22466952 0.7291337 1.0
bee 0.00050689484 0.0 0.538885 0.78931063 0.96191347
bee 0.0005060879 0.003459543 0.0 0.6300589 0.26734883
bee 0.000497502 0.35526043 0.1008641 0.78601235 0.35646534
bee 0.0004641091 0.31765693 0.0 0.658246 0.55809087
bee 0.00043309978 0.05161199 0.019079164 0.31108287 0.3199169
bee 0.00040280557 0.4323573 0.2171274 0.8401818 0.46180898
bee 0.0004002265 2.9623508e-05 0.04532001 0.35928616 0.24473703
bee 0.0003968339 0.13082452 0.0 0.49134374 0.4304253
bee 0.00039145997 0.5395318 0.35463852 0.8106097 0.7879216
bee 0.00038784495 0.0 0.0 0.24009971 0.5358245
bee 0.00038523032 0.8175344 0.29923317 0.9993698 0.8313657
bee 0.00038521603 0.4948033 0.5254506 0.8918992 0.75650394
bee 0.00037677668 0.07413852 0.21715091 0.5029165 0.70609653
bee 0.00036787175 0.0 0.48765856 1.0 0.8569457
bee 0.00036667273 0.35697883 0.13876343 0.6518437 0.77640927
bee 0.00036162295 0.0 0.0 0.45172095 0.3649909
bee 0.0003527798 0.25969976 0.24538752 0.7447404 0.6960449
bee 0.000340548 0.008171782 0.54444754 0.36881614 0.76049304
bee 0.00032998217 0.0069650235 0.6658664 0.0125423325 0.93555164
bee 0.00032895032 0.0 0.24188745 0.35462004 0.4494493
bee 0.0003173596 0.15240589 0.1339674 0.42973384 0.7915402
bee 0.00030739853 0.67764705 0.0 1.0 0.32133195
bee 0.0003073077 0.0 0.24272522 0.24527092 0.9093672
bee 0.00030266968 0.05584182 0.88617337 0.34243506 0.999189
bee 0.00030144348 0.5551032 0.0 0.85516894 0.5552791
bee 0.00030082534 0.042537168 0.75223064 0.35653424 0.96641874
bee 0.000295857 0.47544503 0.5552126 1.0 0.84773135
bee 0.00028622767 0.0 0.28547215 0.61276793 0.73491263
bee 0.00028508736 0.0 0.0 0.33101025 1.0
bee 0.00028134897 0.31259325 0.0 0.7939532 0.14727637
bee 0.00028070915 0.36268938 0.7978078 0.4311183 0.8933445
bee 0.0002796121 0.029168636 0.89320046 0.15636426 0.9711607
bee 0.00027452692 0.5380472 0.30278927 1.0 0.6817671
bee 0.00027216165 0.6418256 0.14514919 0.8976262 0.63740414
bee 0.00027066414 0.0023448467 0.1423463 0.34083006 0.3542237
bee 0.0002693271 0.2563398 0.17811444 0.7174812 0.9194573
bee 0.00026858604 0.0054077515 0.09060937 0.020656683 0.29625666
bee 0.00026350725 0.031663068 0.094564855 0.27324793 0.6381004
bee 0.00025038986 0.118080586 0.01783289 0.4421865 0.3081277
bee 0.0002475289 0.0760401 0.8905024 0.20782292 0.9649089
bee 0.00024200014 0.5768894 0.072802365 1.0 0.5096577
bee 0.00024166513 0.60682404 0.1717898 1.0 0.7659044
bee 0.0002316398 0.443545 0.10853414 0.6922983 0.52048904
bee 0.0002295577 0.0 0.63313514 0.6382958 1.0
bee 0.00021968616 0.06428602 0.056390345 0.5275899 0.5088911
bee 0.00020809987 0.33106703 0.22680779 1.0 0.7032316
bee 0.00020744115 0.47646832 0.32878202 0.8464943 0.5684532
bee 0.00020455742 0.32314792 0.024904102 0.6052202 0.41092372
bee 0.00020314787 0.042751133 0.86903524 0.2759515 0.9706441
bee 0.00020188752 0.0 0.34323597 0.36108553 0.5508828
bee 0.00020084268 0.4570861 0.42692363 0.83828485 0.6952566
bee 0.00019496793 0.037484795 0.64991957 0.37713975 0.8548576
bee 0.00018547494 0.3431484 0.14743818 0.5594665 0.53005415
bee 0.00018496312 0.007239889 0.4756202 0.017310804 0.72408026
bee 0.00018293418 0.14462739 0.0005395934 0.5763061 0.14820081
bee 0.00018260725 0.0028385222 0.034088716 0.15917061 0.503851
bee 0.00018219941 0.25610042 0.66324294 0.81441057 1.0
bee 0.00017925208 0.20557058 0.43016112 0.88329077 1.0
bee 0.00017739415 0.32038063 0.14464411 0.9442813 0.47695544
bee 0.0001764185 0.520091 0.1961163 0.7591123 0.69128096
bee 0.0001689531 0.0 0.16474931 0.6013349 0.46199226
bee 0.00016820083 0.0 0.49240395 0.49092627 1.0
bee 0.00016796892 0.14383776 0.0 0.4445532 0.64002466
