bee 0.9999937 0.7434039 0.78411156 0.8031132 0.88384765
bee 0.99988043 0.6991707 0.64618826 0.80535173 0.7879294
bee 0.99974734 0.09860565 0.51713884 0.17554842 0.6952028
bee 0.9997284 0.31573573 0.7600255 0.39694348 0.90115225
bee 0.9980415 0.6038152 0.8314464 0.6423737 0.89238703
bee 0.9968861 0.4794155 0.0 0.5276216 0.13168836
bee 0.9404151 0.57310253 0.44550952 0.6759084 0.6323892
bee 0.8812849 0.4020288 0.2156851 0.4968983 0.41998288
bee 0.6911151 0.9562205 0.35983402 0.9961629 0.50430787
bee 0.6472529 0.9209188 0.5260364 0.9953282 0.69530094
bee 0.28796166 0.21914992 0.54052174 0.31140175 0.7226733
bee 0.24884751 0.27313954 0.22038996 0.35797417 0.40284342
bee 0.11721664 0.069881454 0.39578375 0.15148544 0.5621732
bee 0.10603319 0.9489296 0.66256833 0.9999351 0.8475952
bee 0.01662501 0.0032879957 0.8092675 0.018782705 0.9210409
bee 0.0050332095 0.0 0.50755 0.013022639 0.79475546
bee 0.003530467 0.009860443 0.87294805 0.0365728 0.95854616
bee 0.0029104908 0.003104968 0.5488308 0.020154286 0.81675845
bee 0.0026645914 0.006207308 0.4834288 0.040779844 0.81492007
bee 0.0022995207 0.78600526 0.07846399 0.9910555 0.54905397
bee 0.0022985875 0.0 0.06421687 0.15306088 0.5570457
bee 0.0022116895 0.5482984 0.023245022 0.76388174 0.43278039
bee 0.0015862627 0.77362484 0.029086232 0.97264916 0.42956346
bee 0.0015168007 0.96315706 0.7076761 0.9964651 0.8714945
bee 0.0009650987 0.0029574512 0.67577934 0.0127730975 0.87354815
bee 0.00066974293 0.097497806 0.84273225 0.16871731 0.90710443
bee 0.00059366034 0.0 0.47417942 0.007937191 0.6920508
bee 0.0005475174 0.0038764486 0.7547679 0.013232554 0.9156257
bee 0.0005096484 0.036558256 0.89356047 0.13744703 0.96422416
bee 0.0004760181 0.013118172 0.92360497 0.060910895 0.995296
bee 0.00046350493 0.0 0.096123874 0.9655676 0.8247118
bee 0.00042895222 0.1081036 0.7025105 0.1605142 0.84457755
bee 0.00042816883 0.0 0.08055434 0.05955588 0.4861593
bee 0.00034516666 0.020270184 0.0 0.5002391 0.80960304
bee 0.00034076913 0.30997625 0.0 0.8532102 1.0
bee 0.00033662945 0.0 0.0 0.3810361 0.14568442
bee 0.00033285358 0.39256355 0.010319382 0.7339895 0.3440087
bee 0.00032905387 0.0 0.0 0.29421213 0.258281
bee 0.00029380247 0.41015065 0.04718911 0.801808 0.27601722
bee 0.00029105577 0.4950092 0.0 1.0 0.641289
bee 0.00027836172 0.45749348 0.039587155 0.65616685 0.40526462
bee 0.00027604945 0.18465865 0.0 0.91837776 0.39510757
bee 0.00026504806 0.14281166 0.0 1.0 0.5729437
bee 0.00026406258 0.0 0.54372823 0.5055584 0.9812243
bee 0.00025625795 0.12502712 0.0 0.47948533 0.43867683
bee 0.00025504996 0.0012452705 0.37982306 0.018376745 0.55683684
bee 0.00025488393 0.6614728 0.0 1.0 0.3236202
bee 0.00025111425 0.0 0.5055617 0.7917074 0.933072
bee 0.00023930507 0.07808751 0.0 0.43808413 0.6295746
bee 0.00023636037 0.0 0.45873532 0.017149385 0.5934634
bee 0.00023445392 0.28827024 0.0 0.6703341 0.5620535
bee 0.00022913172 0.3763578 0.0 0.9996629 0.29553553
bee 0.00022885119 0.053073406 0.2728936 0.69769967 1.0
bee 0.00022677465 0.2017042 0.0 0.79725087 0.2751692
bee 0.0002255146 0.0 0.0 0.30969927 0.5107595
bee 0.00022512788 0.3320872 0.04229583 0.7128868 0.25677174
bee 0.00022247192 0.019340381 0.76186436 0.3279161 0.9639277
bee 0.00021173187 0.0 0.0 0.6639062 0.5861948
bee 0.00020896955 0.18816748 0.22995934 0.8136662 0.78913486
bee 0.00020174436 0.39608505 0.35051957 1.0 1.0
bee 0.00019744446 0.62864435 0.0 0.95993423 0.917233
bee 0.00019467072 0.0060754567 0.6515026 0.32643276 0.8539884
bee 0.00019220094 0.0 0.0 0.1832166 0.3234579
bee 0.00019080972 0.55652845 0.019653365 0.8506681 0.5180492
bee 0.00018331168 0.64940953 0.124537684 1.0 0.3299691
bee 0.00018295912 0.005070053 0.4624063 0.16623336 0.8467971
bee 0.00017964064 0.6408924 0.25937173 0.8769568 0.6234139
bee 0.0001772381 0.0 0.0 0.45370167 0.35043857
bee 0.00017542145 0.20181903 0.5362892 0.35886648 0.7120942
bee 0.00017194412 0.07579096 0.8857198 0.18328078 0.95416784
bee 0.00017177386 0.22090808 0.22564672 0.36927328 0.38787884
bee 0.00016983466 0.2224431 0.62279236 1.0 0.9971715
bee 0.00016807514 0.4793967 0.0 0.8925086 0.3871788
bee 0.00016637571 0.0 0.3370089 0.4429381 0.6342026
bee 0.0001636598 0.26759702 0.2471974 1.0 0.69354904
bee 0.00016309603 0.0 0.1563876 0.36820683 0.44041517
bee 0.0001625221 0.59775674 0.194835 1.0 0.8031726
bee 0.00015162 0.2820435 0.665732 0.79789245 1.0
bee 0.00014985283 0.0 0.13190515 0.36435783 0.33038068
bee 0.00014849288 0.3193615 0.041959614 0.6686272 0.9038042
bee 0.00014593727 0.3523938 0.04589297 0.5479962 0.40368187
bee 0.00014297057 0.0 0.22467113 0.33104137 0.7607915
bee 0.00014007189 0.0038409233 0.23360026 0.021245606 0.49370342
bee 0.00013819017 0.0 0.78002274 0.42960358 1.0
bee 0.00013528788 0.19390818 0.15606162 0.73411083 0.45390454
bee 0.00013461564 0.6527835 0.4552759 0.9480803 1.0
bee 0.00013354016 0.029602095 0.5298919 0.3660633 0.7400041
bee 0.00013286699 0.11781287 0.0 0.34142262 0.40312847
bee 0.00013260347 0.0 0.497979 0.31805134 1.0
bee 0.00013199629 0.35301986 0.16359901 0.6446935 0.77514553
bee 0.00013169456 0.7469226 0.0830746 1.0 0.36785012
bee 0.00013150457 0.5261091 0.3568852 1.0 0.6472415
bee 0.00013056945 0.0 0.6709661 0.17714503 1.0
bee 0.00013041367 0.06743562 0.34506577 0.5528912 0.68584687
bee 0.00012937422 0.25253284 0.055754572 0.43870157 0.4047123
bee 0.00012699641 0.75637656 0.10324308 1.0 0.73368406
bee 0.00012667094 0.52211165 0.55599993 1.0 0.84786385
bee 0.00012318086 0.17966133 0.42942017 0.8969969 1.0
bee 0.00011998181 0.53991246 0.15105833 1.0 0.43190902
bee 0.00011990414 0.0 0.541954 0.449324 0.8397772
