bee 0.9999962 0.34174442 0.7710706 0.41782695 0.8808812
bee 0.9842412 0.67543334 0.77150214 0.7805293 0.8851874
bee 0.9286446 0.35649833 0.065303385 0.46750483 0.24993142
bee 0.019930553 0.0014204131 0.8023595 0.019741643 0.921377
bee 0.016011002 0.012291625 0.046729535 0.16118573 0.63481784
bee 0.007719918 0.025071077 0.036147177 0.24678051 0.72041225
bee 0.004758846 0.5430555 0.79339975 0.6231255 0.89097387
bee 0.0037640352 0.01036755 0.2526855 0.13642445 0.8491983
bee 0.0034003607 0.0029444844 0.46489874 0.13495874 0.86441815
bee 0.0033766076 0.007370904 0.8708462 0.0393275 0.9694647
bee 0.0032304865 0.0019393391 0.74826264 0.013039501 0.9369068
bee 0.0029379772 0.7856055 0.03775716 1.0 0.65526843
bee 0.0026411503 0.0030750316 0.3372777 0.06346172 0.7815787
bee 0.0024333089 0.54104227 0.0191672 0.77934986 0.42844993
bee 0.0019908699 0.009113945 0.42469993 0.073649876 0.846393
bee 0.0016768234 0.0 0.0 0.924376 1.0
bee 0.0015331177 0.0 0.22821999 1.0 0.8177608
bee 0.0014946288 0.2936365 0.0 0.7876033 1.0
bee 0.0010066038 0.77940524 0.32981578 0.9798473 0.8205925
bee 0.0009986846 0.12682715 0.10864201 0.35446414 0.6849413
bee 0.00087692076 0.005403845 0.669638 0.014429955 0.93630236
bee 0.00085155625 0.08298007 0.02694723 0.39371833 0.478694
bee 0.0007950989 0.045889795 0.07497504 0.32390606 0.6516099
bee 0.0007438648 0.0 0.36685508 0.41330242 0.6661512
bee 0.0007404728 0.03509207 0.0 0.44997817 0.66307473
bee 0.00069240504 0.0 0.21665505 0.41858703 0.45533583
bee 0.0006839229 0.0 0.5342981 0.81697845 0.97181743
bee 0.00067660137 0.035174742 0.29997173 0.2679786 0.8542577
bee 0.0006542397 0.46099466 0.0 1.0 0.89885247
bee 0.00064324925 0.014586449 0.2594934 0.7177567 1.0
bee 0.00064059196 0.0 0.023369864 0.27783442 0.51771015
bee 0.0006265565 0.50043845 0.29649562 1.0 1.0
bee 0.0006250866 0.7063512 0.0 1.0 0.54248834
bee 0.00062447175 0.055023253 0.01662384 0.4436771 0.3374405
bee 0.00062127435 0.0 0.0 0.32238007 0.9458425
bee 0.0006134365 0.05000338 0.06650823 0.47649238 1.0
bee 0.0006009492 0.0 0.2520724 0.5812975 0.8176252
bee 0.0005967066 0.57483673 0.07478237 1.0 0.5058282
bee 0.0005936258 0.0018448532 0.53767854 0.40223852 0.7543377
bee 0.00056766946 0.0 0.0 0.7185546 0.6865033
bee 0.00055600994 0.38806725 0.0 1.0 0.27188647
bee 0.00054436654 0.0 0.11646144 0.38791612 0.33971477
bee 0.0005397142 0.00826802 0.46616834 0.022013538 0.76183313
bee 0.00050854683 0.9304424 0.43246716 0.9894884 0.82252675
bee 0.0005017495 0.28696883 0.0 0.682163 0.54555035
bee 0.0004934954 0.081483305 0.0 1.0 0.5630485
bee 0.0004855505 0.10320756 0.5770292 0.3550971 0.8815725
bee 0.00048470648 0.19622552 0.0 0.9315976 0.37553328
bee 0.000479715 0.6407735 0.1223329 0.8761112 0.6307113
bee 0.00046442554 0.16126531 0.107446164 0.42272174 0.77690005
bee 0.00046408892 0.012369048 0.91989344 0.06612955 0.9941749
bee 0.00044828444 0.50248075 0.0 0.93914425 0.3740183
bee 0.000440684 0.84779835 0.3224252 1.0 0.85459715
bee 0.00043891015 0.0 0.0 0.6092562 0.39234293
bee 0.00043565236 0.21271792 0.0 0.8177407 0.2717458
bee 0.0004312842 0.47340336 0.3604803 1.0 0.64634216
bee 0.0004203315 0.060405537 0.20893303 0.4793061 0.74087036
bee 0.0004126254 0.0005273782 0.13584918 0.065277085 0.6652431
bee 0.00040864083 0.40984386 0.033917442 0.8097951 0.26697677
bee 0.00040696166 0.009501934 0.32772642 0.41774362 0.5582673
bee 0.00038938332 0.23864703 0.24062914 0.72607845 0.7108309
bee 0.0003885586 0.818344 0.43620193 0.9382036 0.8121072
bee 0.0003883837 0.624246 0.23403484 0.94581616 0.6656629
bee 0.00038458125 0.44410554 0.24072361 0.951519 0.7316187
bee 0.00038220864 0.010643095 0.6098752 0.022778988 0.9077951
bee 0.0003795738 0.0 0.48271516 1.0 0.8755708
bee 0.00037187967 0.65918237 0.0 1.0 0.3294273
bee 0.00036640803 0.0 0.0 0.29963854 0.2570374
bee 0.00036109693 0.03171216 0.6463154 0.3811198 0.8592722
bee 0.0003413489 0.5664208 0.0 0.857203 0.5522268
bee 0.00034120184 0.35848585 0.11997542 0.64562106 0.76908445
bee 0.00033240425 0.7004776 0.18951541 1.0 0.72414184
bee 0.00033004573 0.009785406 0.5123284 0.024689957 0.8144791
bee 0.00032995103 0.18579799 0.35907978 0.7735896 0.66524273
bee 0.00031533858 0.45439005 0.33706677 0.8257053 0.56913584
bee 0.0002960339 0.0 0.53596234 0.49995005 0.98402965
bee 0.00029444182 0.04360962 0.75336987 0.3570416 0.9650324
bee 0.00029435792 0.44249338 0.23133942 0.8410042 0.46217278
bee 0.0002893244 0.013499085 0.5614712 0.029042907 0.8583363
bee 0.00028783127 0.061509624 0.4583605 0.37295127 0.8404779
bee 0.00027679713 0.11554187 0.30882114 0.342973 0.7905907
bee 0.0002767248 0.035494097 0.5570663 0.28403813 0.9017528
bee 0.00027592893 0.53011537 0.11522964 0.80677164 0.49995115
bee 0.0002680286 0.5696267 0.109526575 0.8614882 0.75942147
bee 0.00026789118 0.18109947 0.15353253 0.7615015 0.46090218
bee 0.0002565572 0.010575045 0.5330044 0.056570638 0.8817775
bee 0.00024690686 0.079998836 0.44788396 0.49834925 0.89908266
bee 0.00024041058 0.0 0.4748816 0.3201486 1.0
bee 0.00024018786 0.059361175 0.32885367 0.5452887 0.6793249
bee 0.0002396535 0.0 0.013603762 0.17027913 0.38983512
bee 0.0002385663 0.0 0.0 0.38594323 0.14071578
bee 0.00023709168 0.6232405 0.1426462 1.0 0.9331423
bee 0.00022901552 0.21668953 0.60697186 1.0 1.0
bee 0.00022873098 0.64575565 0.2666128 0.8658706 0.73901105
bee 0.00021201349 0.23840202 0.15910631 0.4599102 0.5919809
bee 0.00020922314 0.7614905 0.021729976 0.9699393 0.43757626
bee 0.00020893486 0.0 0.0837394 0.27553403 0.3807976
bee 0.00020891734 0.0 0.40990162 0.28239214 0.7172406
bee 0.00020886595 0.14144467 0.33996686 0.41748822 0.9564115
bee 0.00020797568 0.3513894 0.33353972 0.70106804 0.5732935
