bee 0.99999523 0.33662 0.76073503 0.4128305 0.88326836
bee 0.9995623 0.56291354 0.7716341 0.6257168 0.8824532
bee 0.99699426 0.36998773 0.0338054 0.46105325 0.23512581
bee 0.99153394 0.6933241 0.77290684 0.7878251 0.87831277
bee 0.013570809 0.0031336714 0.8064004 0.021122783 0.91202307
bee 0.0069579678 0.0013737828 0.027569443 0.20021729 0.6028124
bee 0.002412313 0.008336533 0.8773622 0.038525525 0.9728741
bee 0.0021751649 0.002127435 0.2767452 0.063087925 0.69392705
bee 0.001380183 0.5295764 0.012842789 0.7747053 0.42041188
bee 0.0013762467 0.011581153 0.14435038 0.14438434 0.73590887
bee 0.0011471672 0.0 0.09260273 0.9293734 0.87722373
bee 0.0009940782 0.009201176 0.29483533 0.1380494 0.84829223
bee 0.0009332142 0.00230418 0.76207864 0.013083266 0.913162
bee 0.0009075189 0.27696052 0.0 0.80024636 1.0
bee 0.0007815057 0.022873446 0.44294122 0.25810987 0.91448987
bee 0.0006923615 0.009392589 0.53523356 0.382681 0.76617306
bee 0.00057843485 0.4421555 0.0 1.0 0.8936511
bee 0.0005507565 0.014913097 0.0 0.51144433 0.8335762
bee 0.0005005732 0.007967418 0.35389787 0.019827701 0.65124625
bee 0.0004981511 0.032591112 0.20327261 0.26075405 0.745239
bee 0.00046666496 0.2375175 0.041846827 0.7403134 0.48128814
bee 0.00044215898 0.6836493 0.03934318 1.0 0.4859916
bee 0.0004125027 0.37341106 0.0 1.0 0.27577347
bee 0.00040244858 0.4946916 0.0 0.923434 0.38850364
bee 0.0003972116 0.0 0.011499643 0.33785492 0.62348336
bee 0.00039152228 0.49473047 0.29058027 1.0 1.0
bee 0.00038758735 0.19879982 0.0 0.92668986 0.39121097
bee 0.00038429245 0.031109124 0.2551431 0.7128897 1.0
bee 0.00037754377 0.008350298 0.20980313 0.41509473 0.45607588
bee 0.00037712904 0.0 0.54026616 0.855357 0.9575293
bee 0.0003605663 0.2118037 0.0 0.8242104 0.27422214
bee 0.00034850574 0.013178872 0.91745734 0.06158779 0.99576175
bee 0.00034739746 0.35841593 0.32661468 0.74540675 0.57480717
bee 0.0003472837 0.011882842 0.4354171 0.37143165 0.6552319
bee 0.00034092966 0.35171643 0.0 0.6454506 0.5914504
bee 0.00033945966 0.0 0.0 0.71984816 0.66113406
bee 0.00033509318 0.11080614 0.0 1.0 0.5724318
bee 0.00032573633 0.135909 0.10263273 0.3714605 0.58006036
bee 0.00031761292 0.3942253 0.033625327 0.7843794 0.2708479
bee 0.00031535875 0.22854573 0.26144695 0.74269533 0.7167222
bee 0.00030740086 0.041495383 0.2354339 0.5022169 0.7183198
bee 0.00029610386 0.8182281 0.3358245 1.0 0.84368265
bee 0.0002908114 0.20903122 0.14897282 0.4538414 0.5533671
bee 0.00027845966 0.15475564 0.13323382 0.42283404 0.7941854
bee 0.00026807716 0.45717523 0.027392209 0.7177913 0.41997504
bee 0.0002616976 0.45619118 0.33083734 0.82697964 0.56337845
bee 0.00025794274 0.0 0.5410869 0.50555056 0.98179364
bee 0.00024363138 0.021620125 0.33282578 0.3912195 0.56144476
bee 0.00024277272 0.009292306 0.46860912 0.021500958 0.7204516
bee 0.00024201375 0.37002632 0.12487988 0.77692866 0.3642081
bee 0.00024092777 0.0 0.0 0.46450222 0.3523065
bee 0.00023550603 0.3582856 0.12985161 0.65209967 0.79623914
bee 0.00023413067 0.6511658 0.0 1.0 0.32161182
bee 0.00023338005 0.4505638 0.0486165 0.96249497 0.5153992
bee 0.00023164533 0.040112182 0.753114 0.3532279 0.96482134
bee 0.00022808027 0.59220916 0.24936944 0.9348418 0.6458018
bee 0.00022179101 0.013286913 0.5291179 0.02429813 0.81032485
bee 0.00022002323 0.77867466 0.08308682 0.9893703 0.5377352
bee 0.0002156124 0.0 0.35899478 0.5584849 0.65997714
bee 0.00021504905 0.0 0.20566589 0.3911739 0.8910838
bee 0.00020851716 0.5645977 0.0 0.85993063 0.5661503
bee 0.00020213598 0.06073582 0.025493562 0.51154196 0.4910962
bee 0.00020132278 0.49880302 0.11180487 0.8314227 0.5012685
bee 0.00020005695 0.7046266 0.21468666 1.0 0.7031598
bee 0.00019631439 0.21566504 0.60832 1.0 1.0
bee 0.00019498318 0.005015894 0.6800481 0.0117787765 0.9209907
bee 0.00019376165 0.010145651 0.303314 0.020639801 0.61491144
bee 0.00019298027 0.15996823 0.0 0.42912737 0.5309197
bee 0.00018985585 0.34070647 0.2323148 1.0 0.7058877
bee 0.00018070455 0.23837474 0.0722089 0.46424404 0.44310236
bee 0.00017886773 0.011073798 0.41009116 0.2830336 0.72460854
bee 0.00017694394 0.588118 0.33162916 0.942777 0.5617642
bee 0.00017365025 0.0 0.32759562 0.35090214 0.67462444
bee 0.00017257222 0.6362096 0.0 0.972831 0.8362198
bee 0.00017092492 0.23053761 0.3363142 0.609486 0.5685455
bee 0.00017005179 0.0 0.50058025 0.31829715 1.0
bee 0.00016904737 0.35902175 0.22791919 0.7436148 0.46562645
bee 0.00016527869 0.0 0.0 0.25052172 0.44755992
bee 0.00016475489 0.34765786 0.044487596 0.5523016 0.4316814
bee 0.00016458091 0.83742905 0.0 1.0 0.5257585
bee 0.00016138368 0.7785505 0.11517513 1.0 0.8164523
bee 0.00015898388 0.046019986 0.6421461 0.38873208 0.85646474
bee 0.00015788185 0.2513315 0.19964135 0.71054614 0.9328289
bee 0.00015761667 0.0 0.77796704 0.43529904 1.0
bee 0.00015610959 0.14573166 0.050249144 0.34765506 0.411332
bee 0.00015547362 0.0 0.12832615 0.348383 0.3417988
bee 0.00015464831 0.0 0.0 0.2953263 0.2656166
bee 0.00015420774 0.65039754 0.42929226 0.9522147 1.0
bee 0.0001537687 0.6484514 0.26812682 0.85773927 0.7646377
bee 0.0001532327 0.0021126121 0.0 0.37613714 0.14680833
bee 0.00015319545 0.112244666 0.43494335 0.33119613 0.8265803
bee 0.0001531131 0.76585275 0.0112761855 0.9599195 0.40676278
bee 0.0001519219 0.44953942 0.23157945 0.8445219 0.45624086
bee 0.00014840795 0.13901286 0.24096824 0.49563652 0.4788723
bee 0.00014797994 0.27347103 0.6625374 0.78192544 1.0
bee 0.0001407417 0.08681628 0.4465925 0.5033457 0.8819714
bee 0.00013683317 0.26603526 0.0 0.63393426 0.2429615
bee 0.00013066024 0.29689324 0.0 0.71842325 0.34353286
bee 0.00013006518 0.13675365 0.35930747 0.41886958 0.96795243
bee 0.00012900196 0.0 0.17294382 0.25330737 0.49739426
