bee 0.99976236 0.3387943 0.7542792 0.41174108 0.8800109
bee 0.99961406 0.57058626 0.7747392 0.6356314 0.8833938
bee 0.9991905 0.6980749 0.777184 0.7856476 0.8780836
bee 0.9595473 0.36831352 0.045490988 0.4691762 0.23291448
bee 0.03879888 0.64444673 0.8255025 0.7024908 0.88659394
bee 0.010260793 0.0038985298 0.8091142 0.019302178 0.91036165
bee 0.002922645 0.0 0.037873805 0.19752005 0.6239896
bee 0.0017576974 0.53426754 0.0132214725 0.77658045 0.406011
bee 0.0015804073 0.009704263 0.8757395 0.034920156 0.9670649
bee 0.0014356792 0.0325799 0.0 0.90160304 1.0
bee 0.0013073519 0.8353056 0.2751989 1.0 0.85359085
bee 0.001227363 0.0 0.20827755 1.0 0.84618556
bee 0.0011871329 0.26791352 0.0 0.7770571 1.0
bee 0.0008556278 0.0030958368 0.7615468 0.011960285 0.9050644
bee 0.00069710374 0.45181298 0.0 1.0 0.8805524
bee 0.0006461515 0.723827 0.0 1.0 0.61163116
bee 0.0005828617 0.0029518306 0.0 0.49739864 0.7989352
bee 0.0005676697 0.4595492 0.33584693 0.8396224 0.5667747
bee 0.00047452733 0.73213255 0.19134969 1.0 0.8601958
bee 0.00046400668 0.24689567 0.03636378 0.74744076 0.47021246
bee 0.00045596133 0.5370606 0.09999247 0.7754693 0.5747016
bee 0.00044930066 0.50102913 0.0 0.9312364 0.38961715
bee 0.0004240244 0.39418975 0.0 1.0 0.27576214
bee 0.00042277353 0.51445377 0.28267682 1.0 1.0
bee 0.00041288644 0.03821346 0.24660802 0.7218636 1.0
bee 0.00040889665 0.21580318 0.0 0.81604135 0.27065033
bee 0.00040507634 0.366226 0.33430868 0.7418158 0.5725774
bee 0.00039294074 0.4232778 0.035172753 0.81629425 0.2726467
bee 0.0003768507 0.19811189 0.0 0.92729795 0.38069528
bee 0.00037378742 0.46562552 0.052513063 0.9611918 0.5322288
bee 0.00037336219 0.35532302 0.0 0.6490783 0.5823539
bee 0.0003715784 0.0 0.0 0.66746676 0.5714654
bee 0.00036251955 0.12484485 0.0 1.0 0.58043694
bee 0.00036116733 0.0 0.54470396 0.9122859 0.94401276
bee 0.00034616332 0.6441187 0.27878076 0.8577109 0.7620601
bee 0.00032545882 0.0 0.21321578 0.3872405 0.4409538
bee 0.00030924776 0.6418147 0.0 1.0 0.4286071
bee 0.00030676057 0.53006136 0.2920644 1.0 0.68513966
bee 0.0002921779 0.120438814 0.049966708 0.3678062 0.49822825
bee 0.0002905171 0.46112174 0.23350865 0.867752 0.4709785
bee 0.0002833588 0.066543296 0.018234968 0.42901844 0.3320259
bee 0.00028014928 0.035991058 0.24933441 0.5049109 0.7155686
bee 0.00026809712 0.77515817 0.079200506 0.9841379 0.5407635
bee 0.00026501063 0.4282694 0.04586704 0.7894567 0.43219256
bee 0.00026240514 0.48399672 0.2907461 0.86833787 0.64781934
bee 0.00025975538 0.0 0.0 0.30685323 0.5051004
bee 0.00025649826 0.2379762 0.33494443 0.6160668 0.5734664
bee 0.00025363182 0.0 0.12526903 0.34457156 0.34558517
bee 0.00024730762 0.0 0.20187959 0.3910916 0.8609443
bee 0.0002442293 0.15424106 0.124783665 0.4239889 0.8104489
bee 0.0002406071 0.0 0.0 0.30044484 0.26348293
bee 0.00024002211 0.23028252 0.25130025 0.7503599 0.7088555
bee 0.00023805279 0.640743 0.13817841 0.88578165 0.64270604
bee 0.00023371004 0.04140891 0.75318694 0.35251838 0.96420276
bee 0.00022541998 0.0016103089 0.0 0.3819179 0.14423186
bee 0.00022380971 0.6152737 0.13031158 1.0 0.76684594
bee 0.000216707 0.3583218 0.14066282 0.65456486 0.7898319
bee 0.00021016164 0.5647713 0.0 0.8659134 0.56125605
bee 0.00020617226 0.13465263 0.1446637 0.3541364 0.61653703
bee 0.00020515395 0.21178041 0.15616065 0.4623742 0.5630518
bee 0.00020432097 0.0 0.3592217 0.5656938 0.6560812
bee 0.00019928059 0.32878542 0.2282016 1.0 0.7011285
bee 0.00019791172 0.0 0.0 0.6178547 0.2754582
bee 0.00019345024 0.014921436 0.9239265 0.061673947 0.993063
bee 0.00019037229 0.40369523 0.14320776 0.76219034 0.52045155
bee 0.00018966533 0.21251029 0.605049 1.0 1.0
bee 0.00018903306 0.702773 0.4417853 1.0 0.64490354
bee 0.00018623253 0.0 0.5514313 0.4934978 0.9782475
bee 0.00018587273 0.15606311 0.0 0.4248205 0.5297535
bee 0.0001828782 0.008007556 0.38084048 0.1666699 0.9113851
bee 0.00017961941 0.05750835 0.024678245 0.5118463 0.4798951
bee 0.00017694615 0.35101932 0.22966835 0.74991304 0.47283098
bee 0.00017195691 0.13925241 0.33389816 0.5004751 0.5687865
bee 0.00016533055 0.013371795 0.03070128 0.27958968 0.761757
bee 0.00016396925 0.42044008 0.43499854 0.7935164 0.67314637
bee 0.00016165998 0.0 0.0075453073 0.16649291 0.40409356
bee 0.0001611836 0.4556098 0.120996825 0.85425866 0.35302845
bee 0.00015450826 0.34522134 0.047257572 0.55021405 0.43080604
bee 0.00015204273 0.0 0.53601134 0.33513233 0.750013
bee 0.00015115489 0.6721938 0.5435852 1.0 0.7390845
bee 0.00014684041 0.65385556 0.43580252 0.9557034 1.0
bee 0.00014633135 0.040623516 0.6452642 0.3677857 0.85160047
bee 0.00014580098 0.0 0.7776252 0.43690664 1.0
bee 0.00014345207 0.2214822 0.04083711 0.6078937 0.23320642
bee 0.00014023908 0.48186988 0.55578214 1.0 0.84158355
bee 0.00013916088 0.28193069 0.6659514 0.7798108 1.0
bee 0.00013768916 0.13405079 0.35392156 0.42016602 0.9834107
bee 0.00013631968 0.13958603 0.24103743 0.50963414 0.4799589
bee 0.0001354447 0.083114535 0.45105106 0.50901425 0.8854491
bee 0.00013356666 0.23671079 0.06301667 0.46878493 0.41323727
bee 0.0001328495 0.23625362 0.42190784 0.88825417 1.0
bee 0.00013072154 0.0057398565 0.6730194 0.01116379 0.9145409
bee 0.00013063496 0.76180756 0.0040569156 0.9654503 0.42512763
bee 0.00012680497 0.4411865 0.01989898 0.6643751 0.38280317
bee 0.00012461522 0.0 0.33138144 0.36160886 0.67627287
bee 0.00012380414 0.29432106 0.0 0.7176881 0.34380564
bee 0.00012376814 0.3435498 0.5399503 0.7211786 0.7515996
bee 0.000121582234 0.0 0.49647328 0.3249207 1.0
bee 0.00012031108 0.20346048 0.5517618 0.7323725 0.87180775
bee 0.00011934203 0.3286907 0.1518055 0.9601862 0.48130274
