bee 0.99998105 0.5361732 0.7788347 0.5921596 0.8682065
bee 0.998089 0.143315 0.013121545 0.21531595 0.13868102
bee 0.99137676 0.6023771 0.4848795 0.69599336 0.7038286
bee 0.68581253 0.9025324 0.72381085 0.98416585 0.8595118
bee 0.047394183 0.003924744 0.8919594 0.049995504 0.98058283
bee 0.02454593 0.63985866 0.0049466137 0.70015234 0.0555657
bee 0.013352767 0.0070216097 0.9158807 0.05539331 0.9903654
bee 0.007793332 0.0054441905 0.7599078 0.02207337 0.8860684
bee 0.006390624 0.023217522 0.89691263 0.15629762 0.97416884
bee 0.0046050153 0.005384258 0.81180114 0.03007457 0.90082794
bee 0.0042801895 0.047137767 0.09517068 0.37447718 0.5802034
bee 0.002870947 0.6527056 0.0016868524 0.72480804 0.050974056
bee 0.0022201946 0.0 0.0 0.90864533 1.0
bee 0.002081233 0.28377777 0.0 0.8020515 1.0
bee 0.001602735 0.0 0.2182703 1.0 0.81235886
bee 0.0015126955 0.010478571 0.9296423 0.17213376 0.9942553
bee 0.0013656814 0.031255066 0.42476904 0.35327807 0.85219896
bee 0.0013508602 0.032559983 0.03845653 0.28069347 0.5320785
bee 0.0011467077 0.54842156 0.037270352 0.7757618 0.40629578
bee 0.00092604285 0.45268366 0.023330614 0.85978293 0.3840949
bee 0.0007329646 0.025434673 0.327667 0.6249071 1.0
bee 0.0007202877 0.33417067 0.32218653 0.5674931 0.7605999
bee 0.00071898155 0.40327287 0.0 1.0 0.6179818
bee 0.0007098676 0.0 0.0 0.71659565 0.721305
bee 0.00063234963 0.019747138 0.88064003 0.21358585 0.9787742
bee 0.00062981586 0.025257811 0.0 0.4357729 0.6548809
bee 0.00062793156 0.4059943 0.032032155 0.81954765 0.26952204
bee 0.00062622584 0.0 0.052939996 1.0 0.48748302
bee 0.00062504696 0.7718951 0.35777098 0.955105 0.8218103
bee 0.00062215346 0.0 0.15709963 0.4121724 0.83784175
bee 0.000615813 0.32896194 0.026594669 0.733122 0.3560309
bee 0.0005983667 0.009588689 0.049557745 0.13904756 0.5672501
bee 0.0005930015 0.0 0.13673046 0.34556723 0.34299964
bee 0.0005884764 0.2159215 0.20396231 0.47503877 0.6522473
bee 0.00058670784 0.0 0.24768907 0.6051477 0.6932326
bee 0.00058498466 0.023174614 0.0 0.48656967 1.0
bee 0.0005418548 0.28045693 0.03789998 0.67397046 0.25018322
bee 0.00053624576 0.5026733 0.25510293 1.0 1.0
bee 0.0005093045 0.22283341 0.07169993 0.46858764 0.47622198
bee 0.00047549815 0.0 0.2293651 0.37069824 0.4398771
bee 0.0004500553 0.18667376 0.0 0.8206663 0.2760813
bee 0.00043746972 0.15312451 0.14921707 0.47647864 0.5582849
bee 0.00043438902 0.1206812 0.09217121 0.33924666 0.5294759
bee 0.0004249674 0.36584878 0.0 1.0 0.27991614
bee 0.00041062888 0.0 0.53473353 0.89447546 0.93079364
bee 0.00039460554 0.41914332 0.00052922964 0.66834056 0.35484344
bee 0.0003909196 0.003081739 0.067891434 0.070577964 0.5161668
bee 0.00038144263 0.0 0.3262822 0.38656276 0.68933314
bee 0.00037490425 0.220979 0.0 0.91705644 0.39544612
bee 0.00037153115 0.008158611 0.69199437 0.018668592 0.89023656
bee 0.00035470256 0.0 0.4972846 0.48978424 1.0
bee 0.00034595036 0.15836212 0.0 0.75761795 0.55484354
bee 0.00033925794 0.030734211 0.7506558 0.33649698 0.95716214
bee 0.00032356355 0.008733208 0.017392896 0.023391064 0.1597735
bee 0.00032204264 0.0 0.0 0.3593226 0.3704983
bee 0.0003216496 0.5437307 0.0 0.96078867 0.7785466
bee 0.0003141677 0.0 0.058113717 0.31077564 0.23550251
bee 0.00031290684 0.2008696 0.02189289 0.5137 0.30822152
bee 0.00029076566 0.6595767 0.0 1.0 0.65737116
bee 0.0002860149 0.22459143 0.3650405 0.45901662 0.75185597
bee 0.00028488768 0.15316983 0.8458898 0.23729025 0.8938589
bee 0.0002822727 0.5292943 0.11274348 0.7863192 0.58885896
bee 0.00027982335 0.084806964 0.021233425 0.43799144 0.3481912
bee 0.00027561738 0.35448217 0.0 0.6394466 0.52818084
bee 0.00026671833 0.8473321 0.0 0.9262786 0.00025291857
bee 0.00026581105 0.66804194 0.0 1.0 0.3189
bee 0.00026082378 0.0 0.0 0.5425858 0.31416273
bee 0.0002558332 0.25067803 0.22150388 0.70524096 0.92502654
bee 0.00024732482 0.045001984 0.13295496 0.53450215 0.4842338
bee 0.0002434609 0.31813797 0.022283494 0.6748866 0.87126994
bee 0.00024267899 0.8839673 0.73705405 0.9922205 0.9072005
bee 0.00023937057 0.0 0.5269689 0.4008563 0.74044067
bee 0.00023542454 0.17210978 0.19241682 0.769487 0.7428458
bee 0.00022931663 0.24564454 0.050201252 0.61850953 0.4202515
bee 0.00021915058 0.0 0.78040457 0.45274365 1.0
bee 0.00021339764 0.14610562 0.017095491 0.34726962 0.41920698
bee 0.00021129988 0.0 0.16610807 0.25201857 0.800953
bee 0.00020957772 0.13124609 0.3244182 0.51730263 0.56497526
bee 0.00020466023 0.08975756 0.8460949 0.1834369 0.89338297
bee 0.00020071249 0.5592687 0.0 0.87116003 0.5878541
bee 0.00020034883 0.28460306 0.18493095 0.5709643 0.5619184
bee 0.00019917382 0.09583819 0.43909162 0.5105874 0.6732053
bee 0.00019690265 0.0 0.59049 0.2831685 1.0
bee 0.00019206335 0.6703851 0.6611056 1.0 1.0
bee 0.00019015242 0.0 0.35119683 0.25965554 1.0
bee 0.00019008027 0.24848723 0.23962003 0.9210087 0.6568862
bee 0.00018279208 0.14609142 0.31955713 0.42660314 0.92013854
bee 0.00018185105 0.12983437 0.23557884 0.48967767 0.47861093
bee 0.00017874464 0.0 0.86963224 0.15604791 0.97989225
bee 0.00017781532 0.24266852 0.0 0.46929038 0.37083143
bee 0.00017532229 0.3522755 0.023425803 0.55310977 0.39413494
bee 0.0001746011 0.21325207 0.6075452 1.0 1.0
bee 0.00017341643 0.33898723 0.21756962 0.65409476 0.70904756
bee 0.00016533023 0.0 0.6915991 0.55347013 1.0
bee 0.00016258766 0.0 0.0 0.36591262 0.14079511
bee 0.00016206526 0.0 0.19109151 0.28168398 0.50004625
bee 0.00015813345 0.62608176 0.15870982 1.0 0.8997163
bee 0.0001516952 0.980888 0.97319627 1.0 1.0
bee 0.00014714147 0.7892211 0.70705515 1.0 1.0
bee 0.00014709588 0.0 0.5398889 0.4334661 0.8395006
