bee 0.9957073 0.6198 0.7225496 0.71921706 0.8470344
bee 0.97933674 0.32934782 0.75221014 0.40568027 0.8926861
bee 0.9770329 0.3922134 0.4210231 0.46990514 0.6042771
bee 0.8927885 0.55894136 0.796239 0.6171144 0.88797486
bee 0.25154784 0.3282128 0.09398734 0.4049285 0.26060432
bee 0.012590787 0.002217664 0.8039182 0.016954979 0.9179662
bee 0.0035993524 0.016955264 0.05950725 0.15801561 0.60670155
bee 0.0017588992 0.0060782945 0.8693808 0.031603236 0.9744174
bee 0.0012900918 0.035217725 0.003374219 0.25578228 0.6595198
bee 0.0010333079 0.003976307 0.75592834 0.013832704 0.9235901
bee 0.000982299 0.4708798 0.033673376 0.88822424 0.4000668
bee 0.0009144185 0.04709688 0.0 0.8903074 1.0
bee 0.0007975507 0.0 0.15644732 1.0 0.8163625
bee 0.0006354425 0.52854794 0.045794085 0.7772983 0.3967241
bee 0.0006335854 0.012939544 0.9212377 0.055614844 0.9948425
bee 0.0006253893 0.0154282 0.0 0.5002686 0.8119823
bee 0.0005750416 0.441444 0.0 1.0 0.90064764
bee 0.0005388817 0.37357333 0.0 1.0 0.27074248
bee 0.0005076371 0.21838236 0.23996262 0.35175836 0.5141155
bee 0.0004857083 0.054469705 0.07236883 0.3380263 0.61414087
bee 0.00046799897 0.32250816 0.10237709 0.47026455 0.25961366
bee 0.00043290437 0.22257572 0.0 0.8120921 0.27267587
bee 0.0004090105 0.49617207 0.29075807 1.0 1.0
bee 0.0004032739 0.6788533 0.0 1.0 0.42458713
bee 0.00039511692 0.6180076 0.020798802 0.9486838 0.5083282
bee 0.0003908346 0.0 0.518247 0.8465691 0.94790816
bee 0.00038791334 0.0 0.0 0.66123164 0.5969229
bee 0.00038255096 0.13368657 0.0 1.0 0.5957141
bee 0.000375563 0.19551408 0.0 0.92148817 0.38627893
bee 0.00036827038 0.029421806 0.26686865 0.72374076 1.0
bee 0.00036476876 0.37156695 0.02629675 0.79673904 0.3741293
bee 0.0003478573 0.25964522 0.044399306 0.73088783 0.49039286
bee 0.00034625773 0.04894191 0.02620615 0.432882 0.35533452
bee 0.000337135 0.14065203 0.16272259 0.367335 0.61233443
bee 0.00033089734 0.009075761 0.21914053 0.40546614 0.44899446
bee 0.00032161403 0.27368188 0.098632984 0.41959882 0.25940967
bee 0.00030718933 0.0449201 0.7519002 0.35436702 0.9632367
bee 0.00029666023 0.3560797 0.0 0.6489036 0.5023945
bee 0.00029624958 0.76557004 0.072282195 0.98175967 0.5315751
bee 0.0002831198 0.0910476 0.044051304 0.38540626 0.47131836
bee 0.00027581744 0.0015492365 0.27408046 0.15873143 0.85603553
bee 0.0002659913 0.0 0.0 0.38058996 0.14295225
bee 0.0002622601 0.0 0.24323139 0.5730007 0.77922666
bee 0.00025817793 0.77045864 0.45355237 0.9549188 0.8589405
bee 0.00025478698 0.0 0.12507126 0.37454268 0.33266178
bee 0.00025215957 0.56008625 0.0 0.8712586 0.55022085
bee 0.00024682426 0.29037687 0.22155517 0.93118453 1.0
bee 0.00024527826 0.0134654865 0.88768214 0.24219134 0.9953056
bee 0.00024117876 0.0 0.0 0.2716505 0.43911985
bee 0.00023148881 0.4346444 0.0 0.6961989 0.33858806
bee 0.00023069956 0.0 0.0 0.3000965 0.25843507
bee 0.00022752555 0.08170633 0.21647356 0.49955255 0.6920158
bee 0.0002159453 0.2808456 0.021668643 0.56959987 0.29717383
bee 0.00020997516 0.0 0.0 0.57003546 0.32199514
bee 0.00020714627 0.0 0.19072998 0.38900012 0.86941254
bee 0.0002048367 0.16077912 0.19144359 0.76086754 0.78271055
bee 0.0002002434 0.5366569 0.09958479 0.7688739 0.54642415
bee 0.00019691278 0.37778035 0.42497528 0.53560585 0.594486
bee 0.00019415465 0.35146356 0.15692812 0.6469574 0.81228006
bee 0.00019203662 0.27651286 0.2391834 0.72783065 0.6871233
bee 0.00019076296 0.15199247 0.14364263 0.42224327 0.7882613
bee 0.0001896485 0.6152286 0.15105626 1.0 0.77006876
bee 0.00018637178 0.33624756 0.02654922 0.5540373 0.3988613
bee 0.00018168053 0.8283688 0.33715662 1.0 0.85711634
bee 0.00017083254 0.13166334 0.04152018 0.5025049 0.27395558
bee 0.00016876102 0.0 0.53355515 0.5536161 1.0
bee 0.00016408341 0.24429645 0.015420124 0.44835645 0.40350986
bee 0.00016334163 0.0 0.35292172 0.39927584 0.6526203
bee 0.0001610435 0.19937745 0.04807686 0.580752 0.24931219
bee 0.00015898344 0.4854428 0.33239818 0.84893894 0.5674249
bee 0.00015553887 0.15784378 0.0 0.4294818 0.53898644
bee 0.00015349974 0.31979054 0.2277592 1.0 0.70188236
bee 0.00015294821 0.54110354 0.44844306 0.85856825 0.9171016
bee 0.00015209595 0.0 0.54294026 0.31586415 0.7516277
bee 0.0001520107 0.6253417 0.12758447 0.87360805 0.6177517
bee 0.00015061766 0.21096021 0.35658813 0.75668615 0.6598054
bee 0.00015026807 0.0 0.7767925 0.43566507 1.0
bee 0.00014836181 0.0072275707 0.6740407 0.012899592 0.9245404
bee 0.00014221446 0.27332225 0.67191076 0.7950685 1.0
bee 0.00014170697 0.010847037 0.26009858 0.021566633 0.5335369
bee 0.00014132373 0.0 0.5767777 0.36152947 1.0
bee 0.00013964034 0.6573437 0.357863 0.8917932 0.81832284
bee 0.00013936871 0.20610255 0.6015925 1.0 1.0
bee 0.00013887482 0.110663906 0.42651454 0.43838096 0.90096545
bee 0.00013181679 0.31199026 0.44224864 0.63770217 0.895302
bee 0.0001309265 0.35737002 0.78911245 0.42161077 0.8938292
bee 0.00012910322 0.0 0.16421382 0.5700419 0.4619637
bee 0.00012767514 0.02902028 0.64457583 0.36492667 0.8544855
bee 0.00012356119 0.0 0.33688477 0.2578832 1.0
bee 0.00012349934 0.002199784 0.73187387 0.2849049 0.9831207
bee 0.00012106556 0.0 0.0 0.14660956 0.40326163
bee 0.00011985671 0.027024388 0.2070767 0.2640854 0.7681571
bee 0.000118433054 0.49824154 0.2559807 0.8359544 0.6663531
bee 0.000117780415 0.34102803 0.15680501 0.9806039 0.4766406
bee 0.000114779265 0.22069296 0.555079 0.7279346 0.8541368
bee 0.000113443726 0.39663154 0.71869934 1.0 1.0
bee 0.0001115689 0.2225334 0.19476026 0.44170922 0.5716208
bee 0.000110468354 0.0 0.33818367 0.33140397 0.55259955
bee 0.000109831104 0.0 0.8506403 0.38704002 1.0
bee 0.00010787064 0.6473673 0.44911304 0.94818217 1.0
