bee 0.9999585 0.6448897 0.7287192 0.70851994 0.86973137
bee 0.9621403 0.33148077 0.77715564 0.4186069 0.8775673
bee 0.7996192 0.3870798 0.079947665 0.48706272 0.24533884
bee 0.50915384 0.54409474 0.7742534 0.60746366 0.89560777
bee 0.060491394 0.65328896 0.77345973 0.72048473 0.8872035
bee 0.012248409 0.0025413595 0.8087862 0.021805646 0.9144407
bee 0.0060377135 0.0 0.042392492 0.2014047 0.6465893
bee 0.003600375 0.0069006905 0.86844605 0.03275242 0.97128993
bee 0.0025909669 0.5607972 0.7622529 0.62741745 0.88671756
bee 0.0022867632 0.70907235 0.8023835 0.7833979 0.8863463
bee 0.001530077 0.003127629 0.75976723 0.014902892 0.90826494
bee 0.0013123413 0.26227945 0.0 0.76057464 1.0
bee 0.0012979518 0.0 0.18578944 1.0 0.8698771
bee 0.0009863361 0.5051128 0.02158846 0.76388377 0.32709974
bee 0.0009214792 0.61267066 0.7117449 0.67956614 0.86085045
bee 0.00082796515 0.01285412 0.9258351 0.055592082 0.99521154
bee 0.00065878185 0.21984026 0.21486834 0.3458126 0.5004213
bee 0.00063099776 0.021795593 0.8835872 0.25468922 0.99907964
bee 0.0005760863 0.0 0.024646103 0.3484715 0.6425918
bee 0.00055493566 0.120949455 0.11532417 0.3539982 0.6299523
bee 0.00052513945 0.4332665 0.0 1.0 0.88999355
bee 0.0005163375 0.0 0.21454777 0.37862757 0.43925905
bee 0.00050138787 0.038897067 0.013851643 0.46892807 1.0
bee 0.0004925628 0.0 0.25929266 0.16204917 0.87135607
bee 0.00044091127 0.4356829 0.3445937 0.8311162 0.56950754
bee 0.00042761958 0.21190956 0.0 0.8162502 0.26686215
bee 0.00042555277 0.40255582 0.023120657 0.7561637 0.27067316
bee 0.0004069372 0.48840627 0.27626377 1.0 1.0
bee 0.00040060232 0.0 0.0 0.6206881 0.5964893
bee 0.00039934614 0.24190415 0.03587991 0.73731744 0.46751648
bee 0.00039731347 0.020977497 0.23383331 0.7074784 1.0
bee 0.00039011787 0.0 0.121150054 0.3571018 0.3374569
bee 0.00035911164 0.22746253 0.033579797 1.0 0.42497784
bee 0.00034997766 0.5396694 0.0 0.8722937 0.43178973
bee 0.00034057378 0.0 0.0 0.47658876 0.35643172
bee 0.00033919845 0.0 0.4963266 1.0 0.8714286
bee 0.00033700658 0.3609839 0.0 1.0 0.27840605
bee 0.00033544176 0.0 0.23848018 0.5517329 0.78245246
bee 0.00032956153 0.084540576 0.03477113 0.3781342 0.48393178
bee 0.00032628735 0.82893836 0.32714507 1.0 0.8661815
bee 0.0003259143 0.3593198 0.0 0.643059 0.4921526
bee 0.00031631172 0.0 0.0 0.8333702 0.3745555
bee 0.0003153485 0.286662 0.21777284 0.92502 1.0
bee 0.00031457978 0.036947936 0.7529515 0.34968606 0.9658524
bee 0.0003050725 0.0 0.0 0.2978472 0.25937533
bee 0.0002736173 0.006637275 0.0 0.26009846 0.485775
bee 0.00026114724 0.45599762 0.06202562 0.95773697 0.5281484
bee 0.00024040553 0.008053143 0.6774176 0.017182607 0.9044054
bee 0.00022367746 0.23835966 0.25686508 0.73817575 0.723957
bee 0.00021857317 0.6931083 0.018410176 1.0 0.49620226
bee 0.00021603529 0.7343574 0.87409014 0.97046465 1.0
bee 0.00021329551 0.032078054 0.8830744 0.15048155 0.97025883
bee 0.00021316296 0.15836303 0.0 0.4227569 0.53983355
bee 0.00021110092 0.0 0.21137297 0.34769058 0.8452816
bee 0.00020622337 0.0 0.535252 0.35748684 0.7514812
bee 0.0002041677 0.024877593 0.6428379 0.36732095 0.857424
bee 0.00020413112 0.15215409 0.11765146 0.42580527 0.79975194
bee 0.00020289252 0.0 0.55419505 0.49174792 0.9880551
bee 0.00020221542 0.0 0.3504331 0.37646788 0.64677256
bee 0.00019784964 0.3442284 0.34185588 0.7050607 0.5700052
bee 0.00019527714 0.35364258 0.15080497 0.6561961 0.8125353
bee 0.0001918792 0.07605763 0.4500813 0.5140723 0.89806
bee 0.00019122151 0.07450938 0.85411626 0.18876421 0.9106273
bee 0.00019022985 0.4930601 0.5556145 1.0 0.844558
bee 0.00018867994 0.0 0.0 0.3875754 0.14058073
bee 0.00018695557 0.15799844 0.3547957 0.7482555 0.65839076
bee 0.00018542788 0.051245153 0.017747074 0.41289958 0.27208018
bee 0.00018393973 0.65302455 0.24578258 0.8657938 0.79334545
bee 0.00017853225 0.0 0.7780508 0.42472738 1.0
bee 0.0001780963 0.026125982 0.21614125 0.25792646 0.77120113
bee 0.00017720244 0.6900978 0.20617855 0.9955056 0.7246433
bee 0.00017518578 0.66036785 0.0 1.0 0.3090849
bee 0.00017458561 0.46175468 0.0 0.85936105 0.26524204
bee 0.00016884228 0.6545282 0.029749379 0.8531545 0.40167195
bee 0.00016623917 0.08370826 0.913959 0.20532939 0.9948554
bee 0.00016560161 0.77554834 0.088988036 0.9804312 0.53245187
bee 0.00016371568 0.0 0.014314339 0.17518698 0.39832866
bee 0.00016264239 0.0 0.16448982 0.23353758 0.48783702
bee 0.00016225947 0.31944615 0.22086383 1.0 0.7015605
bee 0.00016207331 0.49443096 0.011360459 0.80758876 0.16328308
bee 0.00016146064 0.5317888 0.28991944 1.0 0.68518883
bee 0.0001603055 0.0 0.54732496 0.84007514 1.0
bee 0.00016015623 0.22809905 0.08550212 0.45857924 0.43949547
bee 0.00015996027 0.14302734 0.35801196 0.42632118 0.9940928
bee 0.00015759187 0.13541965 0.34022498 0.4821574 0.5653828
bee 0.0001575447 0.22302282 0.5973779 1.0 1.0
bee 0.00015666295 0.10111433 0.3009889 0.35470653 0.75859046
bee 0.00015606894 0.34179902 0.38704187 0.6382148 1.0
bee 0.0001559834 0.6223337 0.0 0.9684519 0.8468067
bee 0.00014888731 0.45717353 0.45772123 0.95749646 0.9233266
bee 0.00014879847 0.54325527 0.096702725 0.7717871 0.53253984
bee 0.00014595232 0.21500087 0.15675436 0.4478057 0.5553462
bee 0.0001455683 0.40286323 0.720906 0.98375356 1.0
bee 0.00014509656 0.0 0.732132 0.27752113 0.9856214
bee 0.00014063211 0.0 0.48582503 0.32413468 1.0
bee 0.00014052782 0.65194356 0.07629803 0.87242365 0.52468884
bee 0.00014040807 0.44413498 0.0273792 0.66562796 0.38946044
bee 0.00013996454 0.9894858 0.8421399 1.0 0.8821581
bee 0.00013734521 0.472358 0.23596409 0.8591063 0.46657327
bee 0.00013671358 0.0778458 0.2702297 0.45231324 0.70340204
