bee 0.9998503 0.56401384 0.8030239 0.62084067 0.8869149
bee 0.99474686 0.6240537 0.72468764 0.716431 0.8562973
bee 0.9935868 0.39302033 0.36198574 0.47464782 0.5503667
bee 0.9873259 0.33099723 0.760027 0.4099328 0.8989726
bee 0.8214812 0.32726175 0.00473547 0.38329077 0.08254495
bee 0.018594077 0.0013305247 0.804309 0.015985876 0.92269254
bee 0.0059500174 0.0 0.058668196 0.18424958 0.6009016
bee 0.005027328 0.40041375 0.025328174 0.8228874 0.42218047
bee 0.0030105922 0.52162576 0.01627028 0.7670245 0.45193893
bee 0.0021848995 0.004935801 0.121019036 0.13110608 0.7324282
bee 0.0017658023 0.0047247475 0.86439466 0.027312398 0.97004974
bee 0.0017037658 0.36097094 0.0150063485 0.7944368 0.27029103
bee 0.0013536388 0.0257985 0.0 0.9075757 1.0
bee 0.0012836861 0.0 0.19871494 1.0 0.8447354
bee 0.0012062375 0.8415469 0.30601206 1.0 0.8390435
bee 0.0010312829 0.2877547 0.0 0.8038427 1.0
bee 0.0010276341 0.0 0.022121042 0.33189845 0.602492
bee 0.000975363 0.0013983324 0.75200003 0.01111849 0.9415713
bee 0.00086202036 0.46150422 0.09360272 0.81037784 0.4975993
bee 0.0008323986 0.48096484 0.0 0.9130843 0.38771504
bee 0.0008024453 0.4072213 0.0 1.0 0.8696263
bee 0.00080066593 0.7222103 0.0 1.0 0.6009219
bee 0.00077893626 0.05001788 0.016189113 0.4307397 0.39048237
bee 0.0007710155 0.36107564 0.8064502 0.4279803 0.8921266
bee 0.000690275 0.012774169 0.0 0.50743294 0.8201597
bee 0.00066342886 0.26070255 0.032308668 0.7544152 0.47618303
bee 0.0006545865 0.012498522 0.9281397 0.054598212 0.99503493
bee 0.0005898112 0.5159353 0.2818221 1.0 1.0
bee 0.00056042627 0.010286197 0.375332 0.13745928 0.8934176
bee 0.0005390399 0.14666319 0.0 1.0 0.55810237
bee 0.0005194858 0.36006224 0.0 0.6596749 0.5302897
bee 0.00051020563 0.43526393 0.018044382 0.68525237 0.4058049
bee 0.0005072757 0.0 0.21668348 0.4079222 0.44464043
bee 0.00047357753 0.0004838258 0.5431242 0.36971796 0.759107
bee 0.00045119275 0.35805333 0.00072300434 0.8061105 0.14811231
bee 0.00044674097 0.7644872 0.0 0.9691375 0.40665233
bee 0.00043337196 0.002433464 0.25668305 0.059319068 0.7146922
bee 0.00041777175 0.026590489 0.18678942 0.259029 0.7520132
bee 0.00041273338 0.0 0.5367433 0.7965612 0.95970833
bee 0.00040649422 0.33454525 0.0 0.59845936 0.35838974
bee 0.0003974396 0.0 0.0 0.5976502 0.2793416
bee 0.00038344017 0.0 0.49534297 1.0 0.8666718
bee 0.0003704196 0.0 0.0 0.7291167 0.6825174
bee 0.00037007546 0.06092155 0.030061707 0.5067148 0.5210334
bee 0.0003671479 0.0059394212 0.6713482 0.013827282 0.9297849
bee 0.0003618366 0.16162163 0.0 0.78214335 0.34157693
bee 0.00035899374 0.051637262 0.28355688 0.6251316 1.0
bee 0.00034491403 0.66289085 0.0 1.0 0.33710766
bee 0.00033868485 0.0 0.00406681 0.16456884 0.40686274
bee 0.0003178419 0.0055802763 0.43858337 0.3594989 0.64959097
bee 0.00031515045 0.07700303 0.21397 0.5082805 0.6969582
bee 0.00031051753 0.0 0.0 0.38292664 0.14445052
bee 0.00030659512 0.11646435 0.19464394 0.3531777 0.6624758
bee 0.00029572836 0.55473995 0.0 0.8541335 0.5497516
bee 0.00029125478 0.52252156 0.0551759 1.0 0.5151653
bee 0.00028633632 0.36733797 0.108599216 0.8019681 0.36098212
bee 0.00028406503 0.21919766 0.33841962 0.73859465 0.6716804
bee 0.00027994634 0.15095228 0.13869646 0.42210674 0.78123283
bee 0.0002766842 0.048398018 0.75427985 0.36101785 0.96574426
bee 0.00027395505 0.0 0.0 0.33349347 0.99361324
bee 0.00027046498 0.0 0.0 0.29926887 0.26144344
bee 0.0002629594 0.43976524 0.21903619 0.8483361 0.46825293
bee 0.00026003516 0.357172 0.14691803 0.64830613 0.79420865
bee 0.00025959028 0.0117318705 0.88797045 0.24508289 0.99471104
bee 0.0002593753 0.018815972 0.43201613 0.24917683 0.93427765
bee 0.00025672946 0.6325547 0.14256099 1.0 0.7819705
bee 0.00024644542 0.0 0.0 0.27238446 0.4265457
bee 0.0002417156 0.011743933 0.3553897 0.5844606 0.66463006
bee 0.00023641808 0.038156986 0.64846015 0.3760555 0.8583821
bee 0.0002347212 0.0 0.63513315 0.6407478 1.0
bee 0.00023314718 0.012435734 0.33419114 0.39624387 0.5533636
bee 0.00022978477 0.1654036 0.17633429 0.76026654 0.76015544
bee 0.00022855245 0.63515306 0.14417471 0.8584658 0.63110006
bee 0.00022522856 0.31850263 0.14858992 0.956619 0.48200196
bee 0.00020945448 0.2728936 0.2589879 0.91844255 0.6694341
bee 0.00020338042 0.22543557 0.0 0.4520573 0.37297043
bee 0.00020189965 0.0074663 0.41167855 0.018379623 0.6844491
bee 0.00020039584 0.15454605 0.0 0.43104205 0.5505087
bee 0.00018536743 0.20832363 0.4325055 0.8888594 1.0
bee 0.00018486597 0.2570179 0.022351399 0.6891801 0.28124678
bee 0.00018223937 0.1403821 0.028861403 0.5202941 0.37064815
bee 0.00017901944 0.0 0.123042844 0.39198494 0.34518087
bee 0.00017599526 0.44819525 0.10107228 0.68767446 0.519326
bee 0.00017499246 0.0 0.49328303 0.49559075 1.0
bee 0.00016965694 0.2381353 0.0018408671 0.68521047 0.14586908
bee 0.0001665025 0.5312018 0.28838313 1.0 0.6982946
bee 0.00016575753 0.32513142 0.28778666 0.69242895 0.7135573
bee 0.00016546759 0.50814545 0.55017716 1.0 0.8364784
bee 0.00016382389 0.26042393 0.6643151 0.80906296 1.0
bee 0.00016238254 0.0 0.13451046 0.06568883 0.6297136
bee 0.0001613506 0.63240415 0.042456523 0.9195064 0.49050015
bee 0.00015616065 0.6670668 0.547649 1.0 0.7416965
bee 0.000155718 0.0 0.7766031 0.43689847 1.0
bee 0.00015102049 0.2522573 0.31394514 0.31554943 0.4864491
bee 0.0001478716 0.0 0.17145857 0.24383101 0.50078833
bee 0.00014764842 0.28894672 0.74724835 0.43645218 0.89351887
bee 0.00014758452 0.0 0.5535713 0.45580852 0.8414468
bee 0.00014293566 0.0037507564 0.41872203 0.2759418 0.7156334
bee 0.00014142753 0.10598804 0.09133591 0.36006486 0.55034864
bee 0.00014040044 0.31568936 0.44076774 0.64233506 0.9009254
