bee 0.99923027 0.6194631 0.74224955 0.69873405 0.8615745
bee 0.99838364 0.5639831 0.8025169 0.62328076 0.88836473
bee 0.9969807 0.33479384 0.048240922 0.39594093 0.20824099
bee 0.99385166 0.33273366 0.75051224 0.40666595 0.8963077
bee 0.8708651 0.3893151 0.3993889 0.47338322 0.5915058
bee 0.01620291 0.36645186 0.7930582 0.42308074 0.8909617
bee 0.012819059 0.0028722761 0.8081791 0.019545909 0.9142491
bee 0.0078303795 0.0 0.028998703 0.17618039 0.6213136
bee 0.0012843319 0.008393754 0.8749135 0.039179746 0.97129196
bee 0.00082782353 0.020064563 0.1098229 0.98543537 0.8427098
bee 0.0008195463 0.44633472 0.031649604 0.8772844 0.39422268
bee 0.0007566444 0.0042145257 0.75911796 0.013755653 0.9165989
bee 0.0007154765 0.7351908 0.009210795 1.0 0.6003854
bee 0.0006988981 0.82466316 0.31150195 1.0 0.853704
bee 0.000667083 0.28311557 0.0 0.7835737 1.0
bee 0.0006484922 0.31872267 0.031300463 0.41496992 0.20900613
bee 0.0006294016 0.21209262 0.23194684 0.35464638 0.510004
bee 0.0005627547 0.35164526 0.030653767 0.75679994 0.25941935
bee 0.0005398191 0.011189574 0.9244125 0.07269771 0.9935994
bee 0.00049829244 0.3839531 0.0 1.0 0.27260807
bee 0.000489036 0.013631344 0.0 0.5085223 0.8429524
bee 0.00047292133 0.0 0.24860844 0.15468566 0.8484552
bee 0.00047065254 0.43645573 0.0 1.0 0.87991256
bee 0.00045966243 0.03650306 0.032168955 0.24126033 0.62962604
bee 0.0004410044 0.6737103 0.0 1.0 0.42411938
bee 0.000428108 0.2206012 0.0 0.82414997 0.26975316
bee 0.00042678684 0.0 0.544754 0.34453547 0.76242507
bee 0.00042646631 0.5203726 0.0033393651 0.7918663 0.38253206
bee 0.00041196137 0.03990014 0.0 0.42688864 0.63374245
bee 0.00038929755 0.50546026 0.2923389 1.0 1.0
bee 0.00038739305 0.0 0.22132948 0.39217842 0.44604465
bee 0.00037513822 0.43066478 0.0 0.6871046 0.35561585
bee 0.00035749457 0.3762848 0.0 1.0 0.52971274
bee 0.00033701272 0.29580444 0.0 0.67911166 0.54512936
bee 0.000329461 0.20810068 0.0 0.9352213 0.38299435
bee 0.0003116879 0.0445731 0.2582634 0.7302662 1.0
bee 0.000300918 0.06099336 0.09457123 0.33766544 0.5908202
bee 0.00029199186 0.73394465 0.17667133 1.0 0.8116043
bee 0.0002891358 0.0 0.0 0.6745779 0.5919427
bee 0.00028783732 0.0 0.516153 0.8365228 0.9345517
bee 0.00027795174 0.043884993 0.75217026 0.35520387 0.9630452
bee 0.00026030059 0.0 0.030369744 1.0 0.50431544
bee 0.00025820575 0.3069098 0.01849714 0.59624404 0.30153954
bee 0.00024058437 0.6439349 0.15314254 0.8700895 0.65345085
bee 0.00022830068 0.0 0.1367527 0.36295947 0.32902855
bee 0.00022496523 0.08282125 0.22612937 0.50450826 0.6864078
bee 0.00022034989 0.031861916 0.6447063 0.37536645 0.8603087
bee 0.00021848692 0.1397101 0.10222818 0.3749942 0.52480793
bee 0.00021763945 0.0 0.0 0.46143568 0.35935023
bee 0.00021460761 0.5583187 0.0 0.86498827 0.5495806
bee 0.00020830869 0.52702254 0.2980337 1.0 0.683056
bee 0.00020348265 0.2440179 0.25214553 0.8362655 0.9109521
bee 0.00019909997 0.16866109 0.1889292 0.75257826 0.7911229
bee 0.00019866702 0.008241636 0.67394596 0.015242244 0.91576713
bee 0.00019626178 0.6352707 0.03251916 0.9115025 0.4965533
bee 0.00019581804 0.0 0.0 0.2996188 0.49934566
bee 0.00019351204 0.26283765 0.24929239 0.7346804 0.69356066
bee 0.00019275022 0.3493341 0.1486642 0.6452483 0.81987154
bee 0.00019245547 0.32171714 0.22699948 1.0 0.69303423
bee 0.00019137509 0.23107675 0.15690263 0.776253 0.46106654
bee 0.00019095621 0.03616243 0.21276006 0.2602326 0.75280344
bee 0.00018465598 0.21584152 0.043089338 0.61862445 0.24782804
bee 0.00018411766 0.14269742 0.14079595 0.4254432 0.80111635
bee 0.00018203566 0.0 0.0 0.29687798 0.2644735
bee 0.00018203375 0.6396295 0.0 0.9750092 0.8585907
bee 0.00017831584 0.76341796 0.005570814 0.96208656 0.41462606
bee 0.00017800141 0.0 0.5446913 0.49401867 0.98066294
bee 0.00017745777 0.12974265 0.22036801 0.36090183 0.6434055
bee 0.0001738101 0.0052635074 0.0 0.3764673 0.14715265
bee 0.00017129595 0.0 0.27740574 0.60176075 0.72606325
bee 0.0001701097 0.15998073 0.0 0.42617637 0.54299283
bee 0.00016700148 0.20618683 0.4365728 0.8878781 1.0
bee 0.0001662433 0.63159007 0.819249 0.684555 0.8811638
bee 0.00016602343 0.6568829 0.2504486 0.8610512 0.78732944
bee 0.00016494367 0.0 0.20896319 0.38770208 0.87524915
bee 0.00016461623 0.0 0.44215137 0.3273887 0.64491755
bee 0.00016226165 0.26273358 0.66652584 0.79591215 1.0
bee 0.00015881253 0.543219 0.109928906 0.7680949 0.5642392
bee 0.00015520537 0.53578854 0.46233058 0.8562907 0.9235548
bee 0.00015395723 0.009092569 0.45685714 0.25356296 0.92229325
bee 0.00015146798 0.0 0.35323107 0.3918091 0.64429396
bee 0.00014818326 0.0 0.7753064 0.44187838 1.0
bee 0.00014568397 0.0 0.344231 0.35535783 0.5501795
bee 0.00014016434 0.31124616 0.45247597 0.6387078 0.9049515
bee 0.00013909004 0.12186658 0.31877235 0.34091187 0.76369786
bee 0.00013906258 0.3828904 0.120874465 0.78091747 0.35109913
bee 0.00013854826 0.19543068 0.18988296 0.44713598 0.5280982
bee 0.0001366733 0.45885053 0.5523639 1.0 1.0
bee 0.00012966212 0.64585954 0.4374297 0.9513344 1.0
bee 0.00012443354 0.0 0.5864239 0.28160977 1.0
bee 0.00012374997 0.015824273 0.89175886 0.2506826 0.9950232
bee 0.00012363296 0.05113017 0.21028228 0.21835634 0.56276685
bee 0.00011883238 0.45114607 0.0 0.89335567 0.14307639
bee 0.00011609568 0.46253252 0.5069973 0.9419875 0.8545415
bee 0.00011388431 0.16899168 0.019885868 0.51132286 0.34426162
bee 0.00011217749 0.0 0.8502458 0.3889434 1.0
bee 0.00011180171 0.107123196 0.4390419 0.440673 0.90204364
bee 0.00011029174 0.105128005 0.04527563 0.49194235 0.24295044
bee 0.00010985132 0.22441831 0.5559488 0.7525252 0.8638374
bee 0.00010854008 0.32242614 0.081875876 0.59859794 0.3847136
