bee 0.9998734 0.6262797 0.7027624 0.70172083 0.86533564
bee 0.93627435 0.403099 0.14050013 0.49539065 0.3361221
bee 0.85326725 0.3315549 0.77116054 0.4170695 0.88725215
bee 0.017801287 0.0023870645 0.8088246 0.02260831 0.9111194
bee 0.0065008076 0.0052498206 0.049749047 0.19303134 0.6133807
bee 0.0027455704 0.49620533 0.022896498 0.7764163 0.35149887
bee 0.0020390383 0.00689636 0.87310827 0.034764647 0.9704571
bee 0.0020042183 0.0024317321 0.76149 0.013120722 0.9058033
bee 0.0017915658 0.0 0.17559347 1.0 0.8871249
bee 0.0017253556 0.25967056 0.0 0.7852995 1.0
bee 0.0012292209 0.011276238 0.12539408 0.14557275 0.73061264
bee 0.00093445537 0.78134376 0.064677075 0.98387474 0.5523294
bee 0.0009169359 0.7244398 0.0 1.0 0.61608195
bee 0.0008084634 0.00731007 0.35720947 0.14981028 0.9172964
bee 0.0007373769 0.0 0.5436486 0.36127764 0.75558627
bee 0.00067028345 0.0 0.029371709 0.32205728 0.61922777
bee 0.0006170877 0.009095192 0.0 0.5141381 0.7934939
bee 0.00058539654 0.7639334 0.0066764355 0.97191405 0.43147475
bee 0.0005419943 0.013233617 0.92843235 0.065935604 0.9931346
bee 0.00051977136 0.0140940845 0.13860616 0.26693332 0.6954813
bee 0.00051880913 0.0 0.2136766 0.40959346 0.445255
bee 0.0004996234 0.39552116 0.0 1.0 0.60791516
bee 0.00046866926 0.027649462 0.2368471 0.72133994 1.0
bee 0.0004677434 0.45334053 0.2519235 1.0 1.0
bee 0.00044763985 0.012219667 0.44743708 0.25367314 0.92970157
bee 0.00042633648 0.37885466 0.0 1.0 0.27460983
bee 0.00041843753 0.55084264 0.0 0.8803818 0.44721198
bee 0.00040818067 0.20324823 0.0 0.81493735 0.27178243
bee 0.00039120158 0.6356147 0.15629023 0.8560098 0.61841416
bee 0.00038673254 0.3803973 0.03173817 0.766534 0.27356783
bee 0.00037425823 0.0 0.0 0.74 0.6356244
bee 0.00036983844 0.0 0.5333995 0.8977796 0.9423143
bee 0.00036918905 0.82523006 0.34153467 1.0 0.8510646
bee 0.00034846953 0.20345849 0.0 0.9168579 0.39053804
bee 0.00034406933 0.0 0.0 0.47834665 0.3583259
bee 0.0003426449 0.0 0.36457264 0.41418052 0.65372014
bee 0.00032748812 0.5375975 0.1071191 0.77995914 0.5378991
bee 0.0003207955 0.0 0.12280393 0.3731326 0.3342498
bee 0.00031024087 0.0 0.0 0.29547858 0.25908524
bee 0.0003089068 0.04090704 0.7492677 0.35726517 0.96438015
bee 0.00030407246 0.28647923 0.0 0.6808368 0.54241645
bee 0.0002949054 0.0 0.021321505 0.17612734 0.39086366
bee 0.0002724672 0.0 0.19959518 0.32217276 0.81096184
bee 0.0002722792 0.063226864 0.025398925 0.5182225 0.51194274
bee 0.00026752058 0.027400851 0.6417943 0.38007107 0.8574786
bee 0.00025817964 0.6457039 0.049368113 0.93046165 0.49798408
bee 0.00025638798 0.0 0.0 0.28245878 0.44102952
bee 0.00023667947 0.14927372 0.11660236 0.43141326 0.80452484
bee 0.00023610228 0.08798672 0.102035955 0.38890815 0.5836691
bee 0.00023477494 0.046488628 0.2344104 0.5104423 0.71317387
bee 0.00022885272 0.4447561 0.0 0.7008068 0.36793286
bee 0.00021811538 0.0 0.54848796 0.5051104 0.98674434
bee 0.00021183543 0.0 0.0 0.3869027 0.14146471
bee 0.00020749655 0.019290365 0.88535607 0.25864413 0.99722135
bee 0.0002072061 0.0 0.5521855 0.41079864 0.8467342
bee 0.0002031804 0.1950553 0.14631058 0.7782141 0.46026313
bee 0.00020012658 0.07153866 0.44679627 0.5049077 0.88670325
bee 0.0001991478 0.135242 0.34516913 0.42271185 0.96351546
bee 0.00019754482 0.66595423 0.0 1.0 0.3331442
bee 0.00018981802 0.19133991 0.18773359 0.7691753 0.7639632
bee 0.00017947798 0.6521788 0.11769092 1.0 0.7504899
bee 0.0001735539 0.76745105 0.16007662 1.0 0.88970304
bee 0.00016946018 0.6444052 0.26796207 0.85334486 0.79814637
bee 0.00016929448 0.0 0.77734613 0.432141 1.0
bee 0.0001640191 0.0125320405 0.32996428 0.39840347 0.55606204
bee 0.0001640088 0.2583775 0.25817937 0.9300795 0.66617405
bee 0.00015802674 0.7743149 0.26997644 0.9837265 0.71780765
bee 0.0001574217 0.52948105 0.066513345 1.0 0.5210272
bee 0.00015471363 0.22159623 0.16842668 0.46646845 0.56678766
bee 0.00015228214 0.30975476 0.15660746 0.95813346 0.47310907
bee 0.00015042233 0.35150737 0.00363715 0.56458294 0.35489827
bee 0.00014490176 0.15674563 0.0 0.42900872 0.5607418
bee 0.00014203246 0.0 0.4059591 0.3467334 0.9865289
bee 0.00013912213 0.0 0.17633015 0.252959 0.49358183
bee 0.00013777256 0.20329309 0.5977029 1.0 1.0
bee 0.0001365424 0.35399708 0.33411473 0.7034149 0.5706235
bee 0.0001355394 0.48318464 0.55011976 1.0 0.84222865
bee 0.00013489356 0.0 0.42138487 0.26739424 0.7074538
bee 0.00013400294 0.003804244 0.92997384 0.15138099 0.99787474
bee 0.00013393344 0.45531246 0.33855706 0.83849764 0.5675965
bee 0.00013167108 0.3243637 0.0 0.6747323 0.8797754
bee 0.00013132875 0.14799875 0.3525165 0.7352087 0.66754127
bee 0.00013037687 0.26584175 0.67201865 0.7986007 1.0
bee 0.00012785461 0.0061274227 0.6811974 0.01217472 0.9176694
bee 0.00012370264 0.118049905 0.19113302 0.36515325 0.68698514
bee 0.00012257614 0.46195033 0.24658751 0.8517921 0.4705807
bee 0.00011926399 0.55307204 0.04486814 0.99450713 0.27159822
bee 0.000118773016 0.15804106 0.33685455 0.5206703 0.5706502
bee 0.000117928765 0.0 0.59742224 0.28283268 1.0
bee 0.000115261966 0.3050044 0.29479536 0.68440163 0.70516145
bee 0.00011456288 0.0 0.7157505 0.1702837 1.0
bee 0.000114212315 0.34103262 0.43305677 0.7029171 0.6799213
bee 0.0001124744 0.6757833 0.5455059 1.0 0.7271371
bee 0.00011200788 0.27875108 0.45737684 0.7256505 0.895206
bee 0.0001094522 0.0749052 0.042986773 0.43645215 0.2437616
bee 0.00010919388 0.29844347 0.0 0.7254214 0.34717202
bee 0.00010813841 0.0 0.15551484 0.595551 0.4694587
bee 0.00010568473 0.33145314 0.36071408 0.6436646 0.98094904
bee 0.000105349965 0.2599808 0.3395666 0.6262686 0.5643599
bee 0.000103379054 0.5035279 0.2805567 1.0 0.69147766
