bee 0.99999726 0.77583873 0.7294999 0.8519788 0.8823175
bee 0.7886978 0.6132523 0.62294585 0.7051153 0.836639
bee 0.27399698 0.93345046 0.2742402 0.9960768 0.46476257
bee 0.050194696 0.00053511746 0.8840847 0.046604186 0.9830344
bee 0.04537021 0.0034346636 0.9109367 0.05877082 0.9949658
bee 0.024446085 0.0020097224 0.8039426 0.03116354 0.9213882
bee 0.005731913 0.0053575914 0.7513088 0.021661136 0.9105146
bee 0.005379753 0.026322082 0.9022432 0.16653232 0.9801913
bee 0.003803394 0.0038776994 0.2638002 0.12293604 0.8412717
bee 0.0037476344 0.011206254 0.060759902 0.14501864 0.6425654
bee 0.0034876196 0.014893696 0.9247844 0.18537793 0.9975492
bee 0.0019037557 0.0 0.0 0.9412446 1.0
bee 0.0018680415 0.0 0.22602436 0.999396 0.79884005
bee 0.0016975162 0.027088888 0.07444829 0.27120852 0.6354241
bee 0.0014417958 0.006466208 0.6816563 0.018292323 0.9138598
bee 0.0013986236 0.42772695 0.012543067 0.836825 0.396631
bee 0.0013529796 0.3051098 0.0 0.8028708 1.0
bee 0.0012919909 0.011235245 0.39086512 0.07376266 0.8432584
bee 0.0012896464 0.035288066 0.4372105 0.2935336 0.83327657
bee 0.0010568309 0.0 0.1322271 0.06478456 0.5906595
bee 0.0010301047 0.037372768 0.0 0.7549456 0.78268474
bee 0.0009862097 0.47510284 0.0 1.0 0.84453833
bee 0.0009649451 0.0 0.53496003 0.7736078 0.9590992
bee 0.0009589179 0.5499619 0.03512259 0.7627338 0.40656334
bee 0.00095260056 0.0 0.53753996 0.4057998 0.7561774
bee 0.0009391691 0.17594808 0.0 0.84383947 0.28118947
bee 0.0009086153 0.0 0.0 0.49509376 1.0
bee 0.0008849288 0.037587643 0.0 0.4714337 0.65594167
bee 0.0008214246 0.4685085 0.29683143 1.0 1.0
bee 0.0008199689 0.84182715 0.38526002 1.0 0.8514869
bee 0.0008007373 0.0 0.24976897 0.6946181 1.0
bee 0.00074025337 0.3399644 0.35205585 0.56434983 0.7959755
bee 0.00073568884 0.031426877 0.8802249 0.2193554 0.9793268
bee 0.00072500395 0.36953035 0.0 1.0 0.2778305
bee 0.0007131331 0.2217834 0.05995129 1.0 0.42075157
bee 0.0006523352 0.84840983 0.039011076 1.0 0.53420585
bee 0.00064986356 0.29091197 0.0 0.7110117 0.40440828
bee 0.00062786776 0.20152137 0.034246415 0.38639715 0.32751596
bee 0.00062767364 0.0 0.02933994 1.0 0.503952
bee 0.0005844978 0.78051734 0.38213554 0.9617413 0.8273852
bee 0.00058192026 0.95924866 0.34163457 0.9972303 0.5207897
bee 0.0005705482 0.022030562 0.0 0.6495707 0.2724542
bee 0.0005641755 0.0912077 0.0 0.5012125 0.40310788
bee 0.00056262896 0.5537049 0.0 0.88443714 0.45233876
bee 0.0005618907 0.0 0.46574906 1.0 0.8707504
bee 0.0005386996 0.026013717 0.7508613 0.35169542 0.96146834
bee 0.0005372242 0.0 0.23231888 0.38814265 0.4528628
bee 0.0005309542 0.0 0.2854125 0.5801813 0.71111244
bee 0.00052659353 0.0 0.4402302 0.39603594 0.6513398
bee 0.00051722064 0.0 0.0 0.3736894 0.5135495
bee 0.00049641175 0.0 0.2577929 0.25277418 0.89189154
bee 0.00048182628 0.0 0.0 0.78459984 0.37747285
bee 0.00048122546 0.028076023 0.64368004 0.37816474 0.85304004
bee 0.00048065357 0.0 0.22519594 0.40430486 0.9179701
bee 0.00046382446 0.011676475 0.90723515 0.24185024 0.9913806
bee 0.0004495337 0.0 0.012421876 0.17400125 0.52845514
bee 0.00042906505 0.0 0.54119027 0.48932087 0.9905071
bee 0.00042529407 0.0 0.120235525 0.38384312 0.3259097
bee 0.0004227363 0.36662537 0.0 0.65413445 0.57368195
bee 0.00041245137 0.4648052 0.2610857 0.9141312 0.7243399
bee 0.00040946092 0.0028785076 0.7457778 0.060313836 0.9567583
bee 0.00040771806 0.28905824 0.02735284 0.73360014 0.26011202
bee 0.00040388777 0.08498691 0.12328124 0.4204057 0.55538803
bee 0.00039099043 0.0 0.44683528 0.32972217 1.0
bee 0.00039093787 0.64090246 0.0 1.0 0.2970811
bee 0.00038588824 0.011780018 0.61570495 0.02554964 0.89606684
bee 0.00038243024 0.9083551 0.25800315 0.988925 0.511194
bee 0.00038053136 0.56431705 0.13824764 0.84960705 0.7472391
bee 0.00037839558 0.4338605 0.046546474 0.93658423 0.5209581
bee 0.0003709495 0.021932244 0.244957 0.3064453 0.72591436
bee 0.00037006292 0.9777484 0.41837317 0.99696684 0.60463697
bee 0.00036189784 0.38691366 0.06357154 0.77003455 0.3563415
bee 0.00035858602 0.20292546 0.05468607 0.47519094 0.44189033
bee 0.00035445494 0.7144877 0.0 1.0 0.47722042
bee 0.00035245423 0.0104821585 0.5551127 0.060568165 0.88277674
bee 0.00034792064 0.11445704 0.34530964 0.36234674 0.78926325
bee 0.00034340488 0.458381 0.0229128 0.6764434 0.38273782
bee 0.00034018 0.0 0.33919907 0.38571787 0.5564594
bee 0.00033887086 0.5885205 0.1718835 1.0 0.8076222
bee 0.00032438917 0.20161873 0.15795413 0.8003052 0.46608785
bee 0.00032436597 0.77101445 0.17519405 1.0 0.77300787
bee 0.0003241264 0.37197194 0.3579347 0.9461076 0.68211496
bee 0.00032281422 0.31457528 0.0 0.6697326 0.8308184
bee 0.00031821607 0.34221512 0.18712842 0.66886026 0.721951
bee 0.00031748213 0.19511494 0.17478459 0.4677067 0.5207796
bee 0.00030985393 0.15809397 0.0 0.42995048 0.53775024
bee 0.00029945528 0.6392636 0.08289111 0.87115544 0.47505945
bee 0.00029471397 0.01465212 0.55498517 0.029421115 0.87025154
bee 0.00029268253 0.1651893 0.16109708 0.42862603 0.778751
bee 0.00029203447 0.24565092 0.264678 0.8666316 0.6685136
bee 0.00029013486 0.010623868 0.25840017 0.023508433 0.5458623
bee 0.00028333123 0.0 0.77552724 0.44782382 1.0
bee 0.00028280282 0.0 0.1909778 0.28048503 0.5160927
bee 0.0002767462 0.5129139 0.13479213 0.78223664 0.5065667
bee 0.00027073588 0.14496937 0.037493594 0.41376403 0.21857536
bee 0.00026705192 0.3159805 0.40451837 0.6417263 0.8907602
bee 0.00026082178 0.18015772 0.36105072 0.76083463 0.67258894
bee 0.00025802414 0.08058116 0.43621528 0.49791327 0.8950113
bee 0.00025103142 0.2568743 0.65142167 0.7960545 1.0
bee 0.00024892358 0.0 0.30168557 0.2873499 0.6269555
