bee 0.9999554 0.3161461 0.719279 0.39121386 0.8842463
bee 0.99952435 0.4058463 0.01305148 0.48175675 0.13816877
bee 0.99927825 0.3544763 0.12352234 0.43028924 0.24454969
bee 0.9984074 0.205073 0.5479534 0.29604584 0.7101684
bee 0.99798715 0.13377824 0.7615361 0.19729611 0.90059364
bee 0.9918873 0.7086623 0.6543619 0.81243813 0.81975716
bee 0.9826607 0.40451384 0.39383826 0.49531817 0.5509019
bee 0.9818225 0.39516392 0.1666112 0.48929152 0.3416615
bee 0.8088848 0.060118385 0.5843625 0.14037439 0.79095244
bee 0.75267935 0.9234679 0.7044461 0.994612 0.84664106
bee 0.66993994 0.9202072 0.5658682 0.9952933 0.73054785
bee 0.55907613 0.5416614 0.43006635 0.64187443 0.6140214
bee 0.028279273 0.0 0.011510611 0.16784742 0.61989
bee 0.027466571 0.5638083 0.0009155255 0.62832284 0.03884022
bee 0.010835474 0.61991596 0.89251363 0.682667 0.95661557
bee 0.010773697 0.58602655 0.9065948 0.6383233 0.9625208
bee 0.005765678 0.4138472 0.1429067 0.48997104 0.29960176
bee 0.0041847453 0.0 0.79515797 0.004960319 0.9144879
bee 0.0018117687 0.0 0.7497597 0.0034715727 0.9096588
bee 0.0009005063 0.0 0.2241194 0.4066032 0.44903573
bee 0.0008600475 0.67800516 0.9011103 0.7446212 0.96385956
bee 0.00083783007 0.08189899 0.7689261 0.12709719 0.87523085
bee 0.000753866 0.12889281 0.0 0.8633045 1.0
bee 0.0006803714 0.6886225 0.0 1.0 0.5561223
bee 0.00066353666 0.0 0.1731135 1.0 0.7785479
bee 0.0006632361 0.21529408 0.24497351 0.34168202 0.51109993
bee 0.0006218351 0.9199708 0.6167759 0.99795157 0.8108082
bee 0.0005053523 0.76465714 0.012165591 0.9729568 0.43107796
bee 0.00047572932 0.03925751 0.028801143 0.22287919 0.65600085
bee 0.00041988154 0.5315173 0.0 0.6077108 0.041182242
bee 0.00038285705 7.772818e-05 0.6506779 0.016867459 0.81560206
bee 0.00035184994 0.7247922 0.26444417 0.9726973 0.7781176
bee 0.0003497402 0.0013012632 0.6944512 0.008027024 0.87579167
bee 0.00031516005 0.008906186 0.0 0.48994017 0.8166189
bee 0.00030641333 0.61396086 0.18533567 1.0 0.75902677
bee 0.0003062959 0.6680622 0.0 1.0 0.33404377
bee 0.0002892232 0.509359 0.0 0.94362056 0.3852611
bee 0.00028516428 0.0 0.17507903 0.26200303 0.5021944
bee 0.0002804523 0.0070592957 0.3964857 0.0160832 0.66411006
bee 0.00027765296 0.19871807 0.0 1.0 0.600024
bee 0.00027562605 0.024994731 0.75926495 0.3263048 0.95951927
bee 0.00027139415 0.0 0.4678054 1.0 0.91315186
bee 0.00026993532 0.057443887 0.26857132 0.7053604 1.0
bee 0.00026872565 0.55188155 0.04193881 0.760443 0.42530635
bee 0.000261904 0.1220334 0.76900905 0.17741619 0.89854187
bee 0.00025729233 0.17918563 0.23202702 0.7993033 0.78460777
bee 0.00025599156 0.40188095 0.0 1.0 0.29106557
bee 0.00024967777 0.4432164 0.0 1.0 0.8867213
bee 0.0002468805 0.9419228 0.65296155 1.0 0.8093447
bee 0.00023858083 0.5520922 0.060460225 1.0 0.5016801
bee 0.00023675871 0.0027804673 0.44227433 0.3307199 0.66110075
bee 0.00022801525 0.6379228 0.0 0.97611946 0.9430927
bee 0.00022760798 0.0 0.14248937 0.3457306 0.33238697
bee 0.00022658943 0.16552052 0.0 0.7657552 0.34560344
bee 0.0002250882 0.0 0.55276585 0.51298463 0.9874129
bee 0.00022325154 0.12921259 0.0 0.46012923 0.41686332
bee 0.00021696834 0.061697006 0.0 0.42567825 0.6353972
bee 0.00021155388 0.4801743 0.81670505 0.92787874 1.0
bee 0.00020490821 0.52571 0.89265835 0.5901418 0.960683
bee 0.00020188752 0.30221027 0.0 0.668904 0.5462637
bee 0.00020156248 0.012717783 0.0 0.75058883 0.6636518
bee 0.00020065796 0.3579488 0.3377132 1.0 1.0
bee 0.0001974202 0.0 0.0 0.30848393 0.5093199
bee 0.00019663453 0.5606252 0.0 0.9362285 0.74180794
bee 0.00019506016 0.0 0.0 0.2937649 0.263986
bee 0.00019298615 0.01100865 0.19387418 0.23857126 0.71378964
bee 0.00018800811 0.3458919 0.22827321 1.0 0.7034137
bee 0.00018391253 0.20818633 0.6131572 1.0 0.9968985
bee 0.00018356949 0.00086702406 0.0 0.38006723 0.14755121
bee 0.00018108024 0.6004201 0.0 0.7065847 0.023241606
bee 0.00017915537 0.0174499 0.2754386 0.14952 0.7567913
bee 0.00017754424 0.0 0.0 0.6109154 0.27308452
bee 0.00017389447 0.50675344 0.55449164 1.0 0.83723855
bee 0.00017350476 0.33113593 0.03531757 0.67765814 0.9221028
bee 0.0001700826 0.6011318 0.16871445 0.7275102 0.49396133
bee 0.00016818367 0.00023943186 0.33951068 0.37160906 0.5644488
bee 0.0001634608 0.21514058 0.19587444 0.4546597 0.5260949
bee 0.000159902 0.005652174 0.85388285 0.01477677 0.9617904
bee 0.00015826077 0.0 0.23703095 0.3785938 0.9020513
bee 0.00015716298 0.55041856 0.13048105 0.7635482 0.56145346
bee 0.00015585465 0.23797503 0.52701163 0.729982 0.8777057
bee 0.00015122698 0.6476254 0.43254396 0.95010656 1.0
bee 0.00014793436 0.41572738 0.048146218 0.78856814 0.2584984
bee 0.00014171089 0.37515175 0.1610565 0.52294654 0.32390332
bee 0.00014091628 0.1826415 0.4331047 0.89356303 1.0
bee 0.00013886316 0.0 0.7787054 0.4233058 1.0
bee 0.0001384875 0.26937833 0.6694961 0.80367327 1.0
bee 0.00013737023 0.0 0.25735515 0.5635373 0.7927844
bee 0.00013280669 0.01056321 0.6597718 0.31982464 0.86083996
bee 0.00013271047 0.0 0.0 1.0 0.38970685
bee 0.00013098483 0.0 0.0 0.54354703 0.5034265
bee 0.00013061838 0.45159912 0.4516691 0.6544781 0.8276303
bee 0.00012850057 0.4198205 0.019389138 0.6920324 0.30963254
bee 0.0001279767 0.024244934 0.35866928 0.5833224 0.6537889
bee 0.00011895256 0.39560163 0.7245485 0.9877567 1.0
bee 0.00011813912 0.6506037 0.04763025 0.90469736 0.55720717
bee 0.000116510106 0.1263097 0.26120186 0.45245713 0.73224413
bee 0.00011635035 0.066041544 0.43435532 0.36800897 0.7252458
bee 0.000113962094 0.060215898 0.16739665 0.20167783 0.58483
bee 0.0001133718 0.6284945 0.8350226 1.0 0.98737174
