bee 0.9999293 0.33980027 0.7620665 0.41623792 0.8821223
bee 0.9973302 0.55166507 0.7856264 0.6180937 0.8878914
bee 0.9805463 0.3684356 0.03333822 0.45350924 0.2331045
bee 0.52944547 0.6882864 0.7723403 0.7882198 0.88410604
bee 0.0158691 0.0028788233 0.8063438 0.019750327 0.91547275
bee 0.0039681066 0.007678748 0.8774386 0.036401525 0.9726053
bee 0.002744869 0.019329183 0.07544845 0.15943062 0.61719245
bee 0.0022975304 0.53410715 0.014796704 0.767754 0.41387415
bee 0.0021983103 0.6552949 0.83824295 0.70365286 0.8886197
bee 0.0019703947 0.843188 0.28017092 1.0 0.8560393
bee 0.0016969321 0.7201667 0.0 1.0 0.62744266
bee 0.0015419605 0.0 0.0 0.92918134 1.0
bee 0.0013951662 0.0 0.2205413 1.0 0.825895
bee 0.0013553841 0.28118235 0.0 0.78875536 1.0
bee 0.0012889446 0.0025050929 0.7562587 0.011452385 0.9187801
bee 0.001030226 0.026653998 0.060218185 0.26135796 0.6290004
bee 0.0008660692 0.44299966 0.0 1.0 0.8843597
bee 0.00067698443 0.0073311627 0.0 0.51166904 0.76536334
bee 0.0006583284 0.055322096 0.013131484 0.40280426 0.34370828
bee 0.00064113765 0.011920791 0.2843357 0.13498244 0.8193265
bee 0.00063747185 0.010972718 0.9172617 0.056971684 0.99429953
bee 0.0006118279 0.46708465 0.05733943 0.96854544 0.52863777
bee 0.0005916926 0.4979791 0.0 0.9225469 0.39190805
bee 0.00057919644 0.005810708 0.5358401 0.38684297 0.7657086
bee 0.00057442335 0.53876966 0.08384317 0.76777476 0.57335323
bee 0.00052139745 0.10672535 0.053686187 0.36073273 0.494587
bee 0.0005043521 0.24199747 0.03685093 0.74104005 0.4784212
bee 0.0005013759 0.022242524 0.44208014 0.26567453 0.9130565
bee 0.00047671847 0.38316387 0.0 1.0 0.27415246
bee 0.00047606888 0.48978117 0.28356594 1.0 1.0
bee 0.00045505792 0.0 0.53567094 0.8660021 0.96221036
bee 0.00044104582 0.12830162 0.0 1.0 0.587739
bee 0.00043879595 0.03265655 0.2508865 0.711589 1.0
bee 0.00042900784 0.21425238 0.0 0.8051051 0.27054313
bee 0.0004010035 0.034067705 0.23609689 0.50292045 0.71426976
bee 0.00039888688 0.7320052 0.17701143 1.0 0.84732133
bee 0.000392562 0.5447632 0.28497154 1.0 0.6793712
bee 0.0003872693 0.20253903 0.0 0.93868846 0.37731203
bee 0.00038700728 0.0062650964 0.39125907 0.16365182 0.8679961
bee 0.0003855494 0.0055848737 0.66814995 0.013539348 0.9037024
bee 0.0003852684 0.46581382 0.010162339 0.79572064 0.31124467
bee 0.0003687643 0.34395033 0.3286222 0.7178599 0.5708069
bee 0.00036709598 0.0035892688 0.35173124 0.06265327 0.7764706
bee 0.0003639544 0.152842 0.13299736 0.42467368 0.8070053
bee 0.00035151956 0.053979173 0.018542126 0.49902856 0.49818975
bee 0.00034134238 0.36251736 0.0 0.6523957 0.48317122
bee 0.0003317182 0.36264145 0.03157305 0.74527943 0.25544992
bee 0.00029936794 0.64273834 0.0 1.0 0.4221198
bee 0.00029794397 0.6651571 0.54323924 1.0 0.73998594
bee 0.00029631483 0.007426411 0.4363616 0.3737081 0.6522606
bee 0.00029142757 0.042087197 0.75333345 0.36120588 0.96690536
bee 0.00029036924 0.6140767 0.1177097 1.0 0.76844287
bee 0.00028852475 0.0 0.0 0.5962125 0.2768983
bee 0.00028708775 0.0 0.18933544 0.32127136 0.8064239
bee 0.00028116445 0.5642411 0.0 0.8664512 0.5538671
bee 0.0002801677 0.0011104792 0.21368714 0.40034574 0.45429236
bee 0.00027826487 0.0088003 0.47538054 0.019587878 0.7552395
bee 0.00027358497 0.46198782 0.33127487 0.83396804 0.56175536
bee 0.00027261896 0.33653957 0.22455898 1.0 0.7112161
bee 0.00026270456 3.6768615e-05 0.01963982 0.19721177 0.54320085
bee 0.00026080984 0.15531002 0.0 0.41957688 0.52186894
bee 0.000255395 0.010696961 0.45233265 0.0668894 0.8477076
bee 0.0002530338 0.0 0.5393064 0.50836515 0.9827143
bee 0.00025265652 0.0 0.0 0.3014364 0.26201123
bee 0.0002512062 0.1856564 0.17920202 0.76626205 0.7604613
bee 0.00025048797 0.4635666 0.24294598 0.86133534 0.46674752
bee 0.00025015886 0.00881171 0.4167136 0.018594572 0.6844311
bee 0.00025013738 0.0 0.35760605 0.56629634 0.6601279
bee 0.00024209867 0.0 0.0 0.2728396 0.43612018
bee 0.00023405369 0.2470139 0.3356623 0.62077487 0.5713495
bee 0.00023077986 0.0 0.0 0.34146473 0.9980503
bee 0.00022965664 0.0 0.12664333 0.2231971 0.74599767
bee 0.00022943625 0.22004718 0.6068385 1.0 1.0
bee 0.00022798112 0.12014187 0.21527798 0.36095107 0.65570366
bee 0.00022623195 0.49788016 0.26995304 0.85253614 0.64116645
bee 0.00022109761 0.29365104 0.2804436 0.67679995 0.6891722
bee 0.00021991458 0.30860132 0.15219049 0.9717758 0.4796418
bee 0.00021218415 0.4547348 0.032236308 0.7158197 0.42056182
bee 0.00021204562 0.0 0.0 0.38583058 0.1421805
bee 0.00021186292 0.08864389 0.48156095 0.36501163 0.8122767
bee 0.00021068829 0.008596107 0.3322217 0.39822716 0.5554438
bee 0.00020857978 0.2316184 0.062114283 0.45984912 0.42035156
bee 0.0002059096 0.041625842 0.6440258 0.3848002 0.85467565
bee 0.00020226209 0.21054715 0.14637874 0.45360577 0.5579056
bee 0.00020161782 0.15343148 0.35037354 0.7496523 0.6597804
bee 0.00019990784 0.37996534 0.11910009 0.76703477 0.36237285
bee 0.00019650109 0.35768127 0.12955934 0.6532496 0.77669317
bee 0.00018634743 0.004204523 0.20848885 0.058068316 0.6523428
bee 0.00018163098 0.6542256 0.4246939 0.9561074 1.0
bee 0.00018064857 0.0 0.32421333 0.35779026 0.67047113
bee 0.00017588254 0.37918654 0.27143562 0.73713267 0.6428148
bee 0.00017494238 0.009978574 0.60315156 0.022346694 0.8675282
bee 0.00017419686 0.09106751 0.37824953 0.3754322 0.7110671
bee 0.00016777588 0.34387344 0.043459 0.5562306 0.4412726
bee 0.00016315545 0.0 0.12321161 0.3517215 0.33403915
bee 0.00015556187 0.47231928 0.55341434 1.0 0.8435379
bee 0.00015465774 0.26148367 0.0 0.6405614 0.2453328
bee 0.0001546449 0.0 0.5072161 0.32046947 1.0
bee 0.0001545242 0.012691384 0.52408063 0.02571922 0.80490196
bee 0.00015219649 0.20400794 0.27416608 0.48467606 0.610803
