bee 0.9990792 0.41671085 0.49898833 0.4776253 0.6683511
bee 0.5623668 0.55751055 0.19223422 0.642924 0.3798666
bee 0.34337154 0.58030206 0.7902905 0.65595454 0.9822959
bee 0.10952489 0.6456965 0.9084354 0.74024665 0.99924153
bee 0.01961471 0.57585603 0.9759921 0.65355414 1.0
bee 0.012506371 0.72769815 0.35568053 1.0 0.9939745
bee 0.011708592 0.008480266 0.26311487 0.16225432 0.85389656
bee 0.007369537 0.009462118 0.23690026 0.26610088 0.7301307
bee 0.0070648654 0.0 0.49157012 0.29390022 0.9871619
bee 0.0049932194 0.7476742 0.1768781 0.9882128 0.7003063
bee 0.004984672 0.0 0.43312344 0.18189803 1.0
bee 0.0033121014 0.009676095 0.972419 0.04593497 1.0
bee 0.0029602407 0.043837175 0.21608962 0.3887304 0.6183094
bee 0.0022046461 0.044469 0.68359655 0.3481152 0.9790035
bee 0.0019595828 0.0 0.1781013 1.0 0.79081815
bee 0.0019538808 0.29323322 0.0 0.8401243 1.0
bee 0.0018259318 0.0 0.3221966 0.39984554 0.5462775
bee 0.0018036934 0.7774504 0.991272 0.8697501 1.0
bee 0.0017938449 0.28182936 0.98846984 0.410415 0.9998263
bee 0.0016998507 0.009344697 0.0 0.9227089 1.0
bee 0.0016933058 0.0043954253 0.7888557 0.27861324 0.9863914
bee 0.0016684056 0.67084813 0.09064472 1.0 0.8340137
bee 0.0016388 0.6826946 0.22448574 0.9327138 0.7144369
bee 0.001629633 0.5843608 0.50996506 0.7772246 0.97364604
bee 0.0015556315 0.0 0.42486036 0.4094795 0.63756514
bee 0.0015484942 0.55594164 0.37375167 0.85115045 0.94644594
bee 0.001424597 0.5038774 0.23767596 0.93620276 0.75705874
bee 0.0014198025 0.09868313 0.5492389 0.35595292 0.95290816
bee 0.0013472153 0.0 0.52459574 0.3928912 0.74634135
bee 0.0013068749 0.007681828 0.8438011 0.033341333 1.0
bee 0.0013047197 0.016896091 0.9791086 0.16377005 0.99874854
bee 0.0012621502 0.85725534 0.981674 1.0 0.9952583
bee 0.0012251497 0.0 0.6214868 0.3985103 0.8421396
bee 0.001188353 0.33356997 0.9961235 0.44736227 1.0
bee 0.0010922508 0.0 0.23038271 0.36566442 0.4539834
bee 0.0010744173 0.7449783 0.28774282 0.97326005 0.8530556
bee 0.0010675335 0.0 0.0 0.48369002 0.7294682
bee 0.0010549698 0.019209005 0.32917506 0.26515666 0.9338632
bee 0.0010382952 0.0 0.26316792 0.52952784 0.82158047
bee 0.0010188844 0.52598256 0.0 0.9351825 0.86103463
bee 0.0010022408 0.30850452 0.36248186 1.0 0.9167172
bee 0.0010014146 0.57198906 0.18193662 0.8710456 0.84823966
bee 0.0009818822 0.6688654 0.30685154 0.8970695 0.8352964
bee 0.00095307257 0.0 0.35728702 0.6136284 1.0
bee 0.0009504411 0.8168825 0.98409885 0.95843434 0.99773866
bee 0.0009279798 0.0 0.0 0.3239094 0.92892504
bee 0.0009242147 0.528157 0.23552826 0.74678123 0.67360485
bee 0.0008859762 0.6903896 0.42383042 0.8885825 0.9675906
bee 0.00088066957 0.22439727 0.9810385 0.38517252 0.9963227
bee 0.0008345986 0.0 0.51337314 0.40557888 0.894634
bee 0.00082721876 0.19741634 0.55307996 0.78886604 1.0
bee 0.0008141758 0.0 0.18730667 0.1932205 0.6258981
bee 0.00080959394 0.036923707 0.0 1.0 0.54868305
bee 0.0007934274 0.0 0.49603403 0.25384843 0.8048377
bee 0.0007534386 0.5969 0.48803282 1.0 0.9074968
bee 0.0007533729 0.46239588 0.18473697 1.0 1.0
bee 0.00073168887 0.42543373 0.0 1.0 0.65449655
bee 0.0007190569 0.34270138 0.042721093 0.67941314 0.9357869
bee 0.0006833288 0.22160968 0.17859107 0.77690923 0.90586466
bee 0.0006824713 0.28516462 0.4810492 0.67508185 1.0
bee 0.0006787869 0.7215879 0.9798547 0.80826974 0.99841475
bee 0.0006580022 0.0 0.612351 0.49382794 1.0
bee 0.00065797276 0.080355816 0.9808821 0.21290776 0.9999868
bee 0.0006456763 0.028110132 0.10924393 0.36488742 0.40115136
bee 0.0006203668 0.3443346 0.36520132 0.96928215 0.673851
bee 0.00060155574 0.6557486 0.16790602 0.9651948 0.5747746
bee 0.0005696939 0.32128483 0.5990113 1.0 1.0
bee 0.00051604223 0.0 0.60873616 0.2829524 0.90796816
bee 0.00050345366 0.24183649 0.25344288 0.8888748 0.6748009
bee 0.00048812974 0.16281292 0.5633351 0.30016616 0.87234265
bee 0.0004557156 0.17796563 0.98469067 0.33473903 0.9997721
bee 0.00045028658 0.3635231 0.5560953 0.9640821 0.8723106
bee 0.00044845132 0.028026968 0.21379706 0.28411826 0.39197788
bee 0.0004293658 0.03919016 0.04515265 0.4872095 0.35243684
bee 0.00041815863 0.077659905 0.21413444 0.48788255 0.7036642
bee 0.0004021644 0.15437156 0.15049046 0.44132674 0.7785723
bee 0.00039899207 0.0 0.042767182 0.3446241 0.24099235
bee 0.00039345573 0.12560657 0.25019604 0.35047722 0.6754612
bee 0.00038971548 0.007244155 0.15406945 0.17341039 0.4416941
bee 0.00038684058 0.54002297 0.31958374 0.7558224 0.78276646
bee 0.00038568638 0.0 0.0 0.36066252 0.5649501
bee 0.00037644152 0.39473456 0.9956934 0.5153673 1.0
bee 0.00036605418 0.68192005 0.46392933 0.8397602 0.8658222
bee 0.0003571975 0.0 0.76040846 0.43345332 0.99656075
bee 0.0003434069 0.4651187 0.16690318 1.0 0.4586383
bee 0.00034055673 0.0 0.502596 1.0 0.8554833
bee 0.0003311359 0.06664425 0.41915187 0.48741424 0.94521964
bee 0.0003266705 0.14496773 0.0 0.8596619 0.3571174
bee 0.00032009283 0.8230752 0.14747572 1.0 0.64069587
bee 0.00031894198 0.01682861 0.74429435 0.03075493 0.9904296
bee 0.0003109219 0.6279192 0.23180383 1.0 0.48339576
bee 0.0003061123 0.0 0.664494 0.26795125 1.0
bee 0.0003051723 0.002096951 0.0 0.597439 0.2745578
bee 0.0003027407 0.68698305 0.5880079 1.0 1.0
bee 0.00029396807 0.49315006 0.0 1.0 0.4077971
bee 0.00027850905 0.11518621 0.97782135 0.2791076 0.9981477
bee 0.0002753555 0.04090473 0.91355264 0.32764947 0.986742
bee 0.0002670873 0.009721801 0.0 0.27593964 0.36004418
bee 0.0002650157 0.6428735 0.7702304 0.75632954 0.9899
bee 0.000262667 0.18533412 0.16847476 0.76070964 0.4630684
