bee 0.9996401 0.15433739 0.80296445 0.20305125 0.90369105
bee 0.9987613 0.39441335 0.14814974 0.49878103 0.30752075
bee 0.99463683 0.7133528 0.6486237 0.80915403 0.82301915
bee 0.993986 0.3184689 0.7179724 0.38893297 0.8836677
bee 0.99013406 0.18572532 0.5490116 0.29040593 0.7086545
bee 0.9525128 0.5029382 0.43085468 0.60920376 0.6269356
bee 0.915673 0.558063 0.0 0.63875085 0.15313336
bee 0.8817738 0.92272204 0.5700433 0.99600023 0.71974504
bee 0.71655786 0.91130126 0.6993913 0.9946257 0.85151714
bee 0.15048955 0.005069446 0.6124943 0.06738834 0.77696615
bee 0.04739478 0.22441016 0.22226638 0.3440582 0.5041415
bee 0.036766697 0.0 0.019492596 0.18262206 0.6350305
bee 0.011529638 0.0022974168 0.7894603 0.011805199 0.9282298
bee 0.008588542 0.5888215 0.9040734 0.6412745 0.9637938
bee 0.0059795165 0.0020950302 0.7430648 0.014378602 0.92733425
bee 0.00503393 0.8981592 0.72410625 0.9729281 0.86066
bee 0.0022956883 0.6257308 0.89029485 0.683335 0.9577586
bee 0.0019115482 0.003701266 0.6600937 0.037045546 0.84634715
bee 0.001346718 0.0 0.22044659 0.37123114 0.44453526
bee 0.00090735086 0.0 0.17167339 0.23334756 0.4929963
bee 0.0008426094 0.9032503 0.63708246 0.98962253 0.812832
bee 0.0006371891 0.01665318 0.18981725 0.9346606 1.0
bee 0.000525557 0.28045687 0.0 0.80322206 1.0
bee 0.00047762526 0.005980067 0.8483865 0.019859537 0.96672904
bee 0.0004697042 0.5238391 0.8941303 0.59302497 0.9653682
bee 0.0004314098 0.0 0.124017954 0.3678574 0.3360567
bee 0.00043012717 0.0 0.0011989176 0.1719041 0.39228985
bee 0.00042440064 0.0035775378 0.20326054 0.23394057 0.71745354
bee 0.0004038015 0.7784528 0.08154701 0.9887095 0.51709443
bee 0.00035874345 0.13466525 0.0 0.4720165 0.43989226
bee 0.00035558027 0.0 0.3338772 0.35283375 0.5568192
bee 0.00035182261 0.013046309 0.0 0.49448895 0.79221135
bee 0.00028318324 0.0 0.43451965 0.33951533 0.6623273
bee 0.00028154725 0.48457265 0.0 1.0 0.6435896
bee 0.00027572725 0.016692154 0.25293124 0.14507231 0.76655483
bee 0.00026237912 0.0 0.45508125 1.0 0.9201673
bee 0.00025470025 0.011912316 0.7573396 0.32572588 0.9618783
bee 0.00025438354 0.0 0.0 0.2938156 0.26187518
bee 0.0002494579 0.0 0.0 0.37074077 0.48944238
bee 0.00024915198 0.0 0.0 0.38133624 0.14717448
bee 0.0002476552 0.0023394227 0.65384245 0.32783234 0.85564923
bee 0.0002469071 0.17607993 0.22549921 0.7979908 0.7846257
bee 0.00024458842 0.0 0.64656055 0.6309665 1.0
bee 0.0002444814 0.19606042 0.0 0.91687655 0.39269185
bee 0.00023717014 0.0 0.0 0.47426242 0.3452969
bee 0.00023604467 0.0 0.21993384 0.38932377 0.8891355
bee 0.00023510288 0.0 0.072976425 0.23952441 0.3684829
bee 0.00023366725 0.5390659 0.44235653 0.6286276 0.61208504
bee 0.00023183183 0.3884937 0.34453297 1.0 1.0
bee 0.00022519808 0.15834439 0.0 1.0 0.5817621
bee 0.00022392841 0.0 0.3506118 0.39963904 0.64508474
bee 0.00022168487 0.025056079 0.54786927 0.3447436 0.7588722
bee 0.00022073554 0.7715839 0.016833872 0.9650866 0.40972635
bee 0.00022005198 0.29162288 0.0 0.6726836 0.5467178
bee 0.00021934163 0.19068667 0.0 0.79768753 0.27684677
bee 0.00020836173 0.21032363 0.61303127 1.0 1.0
bee 0.00020275135 0.49998757 0.553236 1.0 0.83683205
bee 0.00019824922 0.52722245 0.02825147 0.9480781 1.0
bee 0.00018729796 0.1550408 0.08916384 0.3728009 0.57259
bee 0.00017997496 0.94769275 0.736189 0.99783194 0.86047626
bee 0.00017707948 0.35723466 0.0 0.9944603 0.2720052
bee 0.00017225953 0.6475751 0.42887148 0.9515857 1.0
bee 0.00016932887 0.5417752 0.0044805333 0.6823336 0.15125352
bee 0.00016704541 0.27013668 0.65818083 0.80178607 1.0
bee 0.0001659419 0.04819703 0.30675602 0.6347082 1.0
bee 0.00016526027 0.0 0.48979983 0.48796546 1.0
bee 0.00016486521 0.6000803 0.177973 1.0 0.78603506
bee 0.00016266674 0.0 0.2773069 0.74567103 0.71534324
bee 0.00015654649 0.14773305 0.16345179 0.42621863 0.7966582
bee 0.00015582063 0.5457893 0.0 0.8673907 0.4426056
bee 0.00015159298 0.0 0.77612656 0.42722327 1.0
bee 0.00014767588 0.0 0.6529578 0.32271045 1.0
bee 0.00014554914 0.09406085 0.2662272 0.51348513 0.6965186
bee 0.00013870688 0.32593018 0.011528701 0.67168075 0.91134655
bee 0.00013773762 0.66533095 0.028714776 1.0 0.48071194
bee 0.0001345811 0.76310605 0.342698 0.94510967 0.77095723
bee 0.00013371512 0.25306267 0.053447068 0.4514646 0.40888685
bee 0.00013279707 0.0 0.4617811 0.30583167 0.92029464
bee 0.00013219014 0.27662838 0.23351055 1.0 0.6864851
bee 0.00013044824 0.06578553 0.44430944 0.3700077 0.72596335
bee 0.00013042982 0.0 0.29540145 0.26665246 0.60982275
bee 0.00013023433 0.38992742 0.72441816 0.98061347 1.0
bee 0.00012966496 0.20289224 0.15736799 0.7577991 0.465199
bee 0.00012752063 0.35060996 0.16751689 0.6449147 0.7825984
bee 0.00012622085 0.29142016 0.25520062 0.717066 0.682882
bee 0.00012544633 0.20848292 0.36183682 0.74276805 0.6521647
bee 0.00012423757 0.27033165 0.5037938 0.65008295 1.0
bee 0.00011966222 0.20586827 0.18434267 0.44570675 0.52722144
bee 0.00011831161 0.30401862 0.28960803 0.5805592 0.6094202
bee 0.00011765447 0.23473305 0.52550197 0.72587216 0.8767177
bee 0.00011622372 0.0070452765 0.62058085 0.10420369 0.83906513
bee 0.00011606899 0.8935446 0.6310792 0.9510843 0.7864492
bee 0.000113556394 0.5635083 0.67027366 1.0 1.0
bee 0.000113146205 0.0 0.5387538 0.44496894 0.83346075
bee 0.00010965215 0.09265366 0.037995845 0.44132712 0.2474184
bee 0.00010705097 0.5484533 0.048847407 0.75650424 0.42003512
bee 0.000103463964 0.0 0.6866126 0.16742066 1.0
bee 9.908213e-05 0.46831706 0.47922528 0.9441229 0.90765715
bee 9.7860226e-05 0.53677577 0.30376065 0.7834787 0.63071567
bee 9.7054304e-05 0.00045174733 0.016486203 0.01711487 0.054606177
