bee 0.99989545 0.14629929 0.78872615 0.19622134 0.90408987
bee 0.99897385 0.19755256 0.5538839 0.29612243 0.70622385
bee 0.98993886 0.39787567 0.15785053 0.49993122 0.32307696
bee 0.9794484 0.70996267 0.65046906 0.8142858 0.8256476
bee 0.9090426 0.9225174 0.5681036 0.9954859 0.7258026
bee 0.8047778 0.32242063 0.71167094 0.3889818 0.87521416
bee 0.7156491 0.5044229 0.42970163 0.5889281 0.6247923
bee 0.6511207 0.9196774 0.70059025 0.9963399 0.85555935
bee 0.403434 0.53350925 0.4334605 0.6294867 0.62896967
bee 0.3805024 0.5443022 0.005927503 0.6102965 0.07714264
bee 0.2181801 0.047934987 0.598916 0.14022577 0.79929286
bee 0.007812606 0.22188655 0.22847918 0.3429481 0.50845945
bee 0.006233037 0.5847456 0.909771 0.63640124 0.9644713
bee 0.004079711 0.0 0.09233126 0.17296189 0.648826
bee 0.003662412 0.62405413 0.89179516 0.6853786 0.9583975
bee 0.0016519522 0.0008583835 0.79845047 0.008015843 0.92306054
bee 0.00070804806 0.098597914 0.0 0.8921 1.0
bee 0.0005825418 0.0 0.7494901 0.006278605 0.91019243
bee 0.00057582225 0.0 0.16994798 1.0 0.79666716
bee 0.00045746376 0.9188414 0.632033 0.99912924 0.81895125
bee 0.00044791237 0.0041348697 0.51950127 0.013871575 0.74870414
bee 0.00043423125 0.0 0.22109005 0.35757208 0.44262257
bee 0.00035675854 0.016005665 0.0 0.48705444 0.8391479
bee 0.00035330115 0.18609124 0.0 0.8029779 0.281859
bee 0.0003420734 0.55030376 0.044460565 0.7670837 0.42169258
bee 0.0003220832 0.6976654 0.0 0.9823336 0.44988784
bee 0.00031655366 0.0 0.0 0.22816682 0.58252203
bee 0.00031538997 0.4500211 0.0 1.0 0.91335386
bee 0.00029414077 0.020907417 0.7602916 0.32561296 0.9589641
bee 0.00028909967 0.0 0.45637017 1.0 0.912811
bee 0.00028665698 0.72547615 0.25043046 0.98153484 0.74536705
bee 0.00028650532 0.46958226 0.026618406 0.8365962 0.36048234
bee 0.0002858306 0.16418913 0.0 1.0 0.58866197
bee 0.00027556354 0.045562 0.2668804 0.6937063 1.0
bee 0.0002751157 0.062456638 0.0 0.4333928 0.6182508
bee 0.00026019165 0.4500028 0.002701342 0.65708053 0.3584191
bee 0.00025372882 0.0 0.0 0.63368094 0.40720493
bee 0.00025255125 0.13706775 0.0 0.4725001 0.43813494
bee 0.00025081108 0.036899805 0.0 0.7402884 0.67241585
bee 0.0002501412 0.2105133 0.0 0.9107967 0.3938939
bee 0.0002473484 0.3784264 0.0 1.0 0.27461356
bee 0.00024400005 0.4253487 0.04771746 0.83430463 0.25800452
bee 0.00024297787 0.0 0.55029523 0.5065873 0.97803557
bee 0.00023474224 0.7655367 0.31686622 0.94206184 0.73132306
bee 0.00022947737 0.17287973 0.23261356 0.80147994 0.77534974
bee 0.000219137 0.38518843 0.33858505 1.0 1.0
bee 0.00021912801 0.35112643 0.0 0.63643867 0.5005413
bee 0.00021643772 0.013704091 0.54904085 0.81450963 1.0
bee 0.00021382944 0.60918766 0.18535554 1.0 0.76648974
bee 0.0002091673 0.37011236 0.021151945 0.7009334 0.33854967
bee 0.00020733259 0.6524374 0.0 1.0 0.617422
bee 0.00020434495 0.21133387 0.61594665 1.0 0.9967494
bee 0.00020200634 0.21609208 0.15520784 0.69926727 0.89729166
bee 0.00020168436 0.0 0.33804414 0.36273253 0.544924
bee 0.00019450168 0.0 0.0 0.36379015 0.436778
bee 0.00018767838 0.0038832128 0.6605071 0.3132394 0.8601049
bee 0.0001862183 0.0 0.0 0.17798033 0.40782118
bee 0.00018539483 0.2753757 0.6648357 0.8008727 1.0
bee 0.00018090832 0.0 0.23497623 0.39546657 0.8833701
bee 0.00017992624 0.5005164 0.0 1.0 0.41139668
bee 0.00017041166 0.0 0.34807485 0.3814323 0.65102303
bee 0.00016458341 0.7522635 0.08851658 0.97590977 0.5468085
bee 0.00016234012 0.6488664 0.43501747 0.9525815 1.0
bee 0.00016126478 0.50051665 0.55250716 1.0 0.84247327
bee 0.00015692324 0.5213944 0.4310369 0.6831503 0.6106439
bee 0.0001535132 0.0 0.0 0.29117748 0.26311567
bee 0.00015268518 0.33736992 0.22967851 1.0 0.69866014
bee 0.00015166655 0.15652922 0.057649106 0.37427244 0.5651746
bee 0.00014896569 0.26734126 0.023039028 0.54443544 0.30027235
bee 0.00014225487 0.52879024 0.31097907 0.7910589 0.60416985
bee 0.00014198938 0.008119881 0.0 0.38168594 0.14679864
bee 0.00014087516 0.0 0.77886146 0.42743644 1.0
bee 0.00013797094 0.56096387 0.114567965 0.77293205 0.5479146
bee 0.00013549042 0.2699921 0.047139645 0.72191155 0.48678863
bee 0.00013358079 0.34842622 0.03667234 0.5569428 0.38615364
bee 0.00013177608 0.5693104 0.0 0.8701197 0.5571212
bee 0.00012734601 0.14532827 0.17115822 0.42226112 0.800915
bee 0.00012680763 0.45491654 0.7571119 0.90611345 1.0
bee 0.00012663774 0.2679652 0.50993425 0.64116067 1.0
bee 0.00012650232 0.060669363 0.3472129 0.5615899 0.68103087
bee 0.00012646687 0.23866767 0.34156072 0.7374412 0.67272186
bee 0.00012575052 0.0 0.29218912 0.74333227 0.69366837
bee 0.0001252349 0.2356673 0.5281884 0.72784674 0.8783495
bee 0.000120883284 0.5617522 0.6714772 1.0 1.0
bee 0.0001202949 0.0 0.46743792 0.31071943 0.92134243
bee 0.00011851678 0.3499036 0.17436436 0.64467704 0.77761745
bee 0.000117087264 0.46126887 0.24375752 0.8473556 0.46304008
bee 0.0001154787 0.0 0.6646791 0.17245142 1.0
bee 0.00011511841 0.0 0.22075602 0.25996208 0.72234094
bee 0.000111196634 0.0 0.6530328 0.3177426 1.0
bee 0.0001110504 0.031645074 0.5576841 0.33357555 0.76372844
bee 0.00010770814 0.07592523 0.043485314 0.5376068 0.50683916
bee 0.000107089254 0.0 0.0 0.3448832 1.0
bee 0.000105126084 0.67587084 0.2920128 0.85657376 0.748842
bee 0.00010420906 0.20571199 0.17379178 0.45239738 0.535469
bee 0.00010164234 0.0 0.17537008 0.45482382 0.4769004
bee 0.00010001697 0.6445321 0.12809369 0.88038325 0.65182245
bee 9.6761185e-05 0.04057005 0.18464927 0.19450416 0.55279917
bee 9.609985e-05 0.5809761 0.033513933 0.9934101 0.27864915
bee 9.6038835e-05 0.43790525 0.0004669428 0.86443025 0.13710342
