bee 0.99990046 0.6394419 0.74912614 0.7019476 0.87778515
bee 0.9819364 0.71557766 0.792587 0.7877341 0.8915172
bee 0.96534884 0.33072188 0.77334607 0.41533497 0.8832685
bee 0.92234075 0.38005555 0.07349667 0.48283333 0.22831872
bee 0.0133511955 0.0021563414 0.81024235 0.02194616 0.9069317
bee 0.0074919546 0.59991175 0.7417251 0.6601357 0.8748412
bee 0.0056383708 0.011428647 0.06261146 0.15052429 0.62092894
bee 0.0040801815 0.54629904 0.8268665 0.6031241 0.89878976
bee 0.003266614 0.6520219 0.80945706 0.7102773 0.8867334
bee 0.001736439 0.006809843 0.87370855 0.031240959 0.9694317
bee 0.0013537167 0.26515934 0.0 0.7582574 1.0
bee 0.0013402917 0.053950697 0.0 0.8825078 1.0
bee 0.0013378761 0.520046 0.041526034 0.78868425 0.44080263
bee 0.0012695228 0.0 0.18894136 1.0 0.8468585
bee 0.0012635798 0.0031030946 0.7651072 0.0154413525 0.89912707
bee 0.0012215863 0.031397223 0.026442021 0.25215653 0.66129255
bee 0.00078645395 0.012580425 0.9255176 0.05881632 0.9921188
bee 0.0006133374 0.45438915 0.0 1.0 0.8767369
bee 0.0005362917 0.0015595555 0.0 0.5065983 0.7901597
bee 0.00048781876 0.6732422 0.02028726 1.0 0.5025752
bee 0.0004774762 0.50697535 0.0 0.93845934 0.37984544
bee 0.00045483003 0.2902953 0.0 0.67895246 0.55067265
bee 0.00045153245 0.4004404 0.0 1.0 0.2768282
bee 0.0004369421 0.0 0.535722 0.3503602 0.74925625
bee 0.0004325803 0.06300844 0.07046059 0.33978683 0.63434315
bee 0.0004257512 0.20856792 0.0 0.8141833 0.26468557
bee 0.0004094666 0.513497 0.28237575 1.0 1.0
bee 0.00040273226 0.7644879 0.0 0.9730467 0.41511476
bee 0.00038847013 0.0 0.5414037 0.8972101 0.9489196
bee 0.00038102013 0.20891678 0.0 0.9269979 0.3845834
bee 0.00038070534 0.0 0.0 0.37564886 0.49888
bee 0.00037375587 0.00865563 0.3621262 0.16828015 0.9034238
bee 0.00037187274 0.4238391 0.034704126 0.818691 0.2589339
bee 0.00036338405 0.049461484 0.33178425 0.6418336 1.0
bee 0.00034163246 0.0 0.0 0.6139673 0.4004099
bee 0.00033964094 0.07149178 0.024946421 0.45214444 0.35494798
bee 0.00033871678 0.12130825 0.051161483 0.36853552 0.525452
bee 0.00033855584 0.146694 0.0 1.0 0.5976801
bee 0.0003341658 0.30270904 0.18885624 0.92872196 1.0
bee 0.00033060438 0.4698762 0.052860558 0.96435213 0.5148287
bee 0.00031387995 0.45148677 0.3373755 0.81611437 0.5714441
bee 0.00030968766 0.0 0.35798138 0.3965584 0.6479549
bee 0.00029758483 0.0 0.1965343 0.3903407 0.86951315
bee 0.0002955229 0.77863055 0.07460393 0.97765607 0.5339291
bee 0.00028556233 0.0 0.0 0.29616565 0.25884837
bee 0.0002829757 0.044374302 0.7505194 0.35857654 0.96376085
bee 0.0002797697 0.031253785 0.24906108 0.508983 0.71817315
bee 0.00027972678 0.002448216 0.21467477 0.4039889 0.45321935
bee 0.00027948632 0.0 0.0 0.37856132 0.14382677
bee 0.0002762111 0.5653949 0.0 0.86913824 0.5473926
bee 0.00024734676 0.0 0.15206134 0.1627011 0.7448075
bee 0.0002435763 0.19109187 0.15352751 0.76297987 0.4634071
bee 0.00023882001 0.45852697 0.2305267 0.8477503 0.46504092
bee 0.0002362678 0.1519537 0.13270527 0.42768192 0.79654217
bee 0.00021298298 0.03166414 0.88696104 0.273562 0.9971188
bee 0.00020988169 0.624634 0.12938547 1.0 0.7560673
bee 0.00020473832 0.020792812 0.47605327 0.26199856 0.9367583
bee 0.0001999799 0.3410937 0.34060597 0.6934328 0.5682936
bee 0.00019705326 0.0 0.55417687 0.5033157 0.9935551
bee 0.00019558721 0.3413946 0.21664646 1.0 0.7064793
bee 0.0001945067 0.15749492 0.0 0.43384045 0.6077446
bee 0.00018688 0.038854957 0.20859501 0.2608109 0.77026534
bee 0.00018343984 0.17664039 0.186292 0.75218356 0.7562775
bee 0.00017897454 0.3533033 0.15097436 0.6504781 0.79697466
bee 0.00017854314 0.18288359 0.34333414 0.73802745 0.66344565
bee 0.00017746318 0.2896253 0.28980953 0.68393344 0.6979306
bee 0.0001758569 0.0 0.121259026 0.36343408 0.33572394
bee 0.0001746772 0.06939621 0.44802454 0.50694466 0.88743055
bee 0.00017181467 0.6407339 0.13256358 0.8618235 0.6168972
bee 0.00016637507 0.23188454 0.6040821 1.0 1.0
bee 0.00015852129 0.0 0.0 0.14652759 0.40019035
bee 0.00015616989 0.02416411 0.6411431 0.36892527 0.849386
bee 0.00015504296 0.24258065 0.3418657 0.5991298 0.5648308
bee 0.00015384305 0.13858347 0.36230776 0.42185605 0.9799793
bee 0.00015264268 0.8344215 0.2988658 1.0 0.85124576
bee 0.00015255973 0.0 0.77808154 0.43596238 1.0
bee 0.00014687485 0.08965334 0.4818696 0.36866602 0.8197036
bee 0.00014639276 0.00033721328 0.16291672 0.06782879 0.619017
bee 0.00014581015 0.6516947 0.42753196 0.9575984 1.0
bee 0.00014272293 0.3835528 0.015643999 0.77042305 0.34231144
bee 0.00014026434 0.40430236 0.1340864 0.752861 0.5107106
bee 0.00014010302 0.24020183 0.077694505 0.4685769 0.4214289
bee 0.0001397221 0.3532313 0.22280473 0.7292901 0.4696083
bee 0.00013719886 0.063362226 0.41428703 0.38293558 0.7131298
bee 0.00013689935 0.45866853 0.4770504 0.9428323 0.9182848
bee 0.00013470912 0.39936003 0.7161281 0.9765352 1.0
bee 0.0001323887 0.33442613 0.15611902 0.9757359 0.47907814
bee 0.0001292959 0.21836741 0.13898827 0.4653473 0.544587
bee 0.00012498032 0.0 0.41010398 0.35740983 1.0
bee 0.00012409088 0.43921584 0.0295562 0.67061776 0.3862878
bee 0.00012322233 0.2802593 0.6693471 0.78873724 1.0
bee 0.00012275708 0.6541041 0.26695263 0.8530985 0.76509094
bee 0.00012207992 0.45294166 0.12239008 0.8413346 0.35211664
bee 0.00011843509 0.17945418 0.5488764 0.73826206 0.86381745
bee 0.00011819568 0.0 0.8510401 0.38827077 1.0
bee 0.00011817416 0.0 0.51731086 0.37314677 0.8806888
bee 0.00011714868 0.06899798 0.88138884 0.35901582 1.0
bee 0.00011699865 0.0 0.5961176 0.2809674 1.0
bee 0.0001163558 0.60678035 0.0 0.9384151 0.26641357
bee 0.000113865746 0.4936921 0.2617151 0.8532055 0.63873035
