bee 0.9998956 0.7011473 0.64810044 0.80065644 0.79485255
bee 0.99984217 0.12378362 0.7453381 0.19390064 0.8953737
bee 0.99953234 0.46501058 0.012252204 0.51946396 0.16324562
bee 0.9991129 0.3205293 0.73673534 0.402648 0.88438666
bee 0.9981237 0.14318374 0.54917336 0.2061958 0.7506671
bee 0.9912949 0.5443171 0.41201577 0.66017485 0.59743065
bee 0.9838817 0.28455535 0.29919395 0.36723778 0.43542722
bee 0.9675619 0.6450572 0.5400404 0.7220925 0.6785146
bee 0.6863301 0.93880945 0.6845427 0.9962334 0.8463519
bee 0.66683465 0.39936665 0.19327074 0.49018362 0.3999591
bee 0.39823458 0.91856647 0.4674594 0.9945923 0.6207233
bee 0.23919956 0.3841883 0.31288508 0.45308822 0.47172186
bee 0.19583727 0.92054313 0.5391139 0.9974758 0.70387876
bee 0.19005087 0.22202185 0.5454036 0.30198833 0.7123275
bee 0.029479012 0.6202766 0.89238626 0.6828426 0.95728797
bee 0.0039237575 0.789397 0.070404574 0.9896376 0.56922114
bee 0.003826857 0.0 0.22789037 0.152437 0.84852266
bee 0.003137318 0.58269626 0.9044059 0.63568395 0.963342
bee 0.0022111004 0.003365192 0.7485026 0.013901606 0.9161302
bee 0.0019108187 0.0008583395 0.7888775 0.011514881 0.91927135
bee 0.0016191817 0.56915855 0.006329164 0.7649903 0.40367544
bee 0.0016057746 0.37579274 0.27889517 0.46771175 0.4848881
bee 0.0015811154 0.0 0.087364525 0.15991259 0.65325725
bee 0.0013724059 0.006385129 0.6786957 0.017943244 0.8891299
bee 0.0013392785 0.6749519 0.8977922 0.74581075 0.96244645
bee 0.0009121687 0.057274207 0.018928036 0.41706628 0.3831281
bee 0.0008171795 0.0 0.0 0.16762903 0.40685207
bee 0.00060727145 0.08661196 0.0 0.87883866 1.0
bee 0.0005317927 0.0050880015 0.09845713 0.9940249 0.790732
bee 0.00052809244 0.0 0.43520832 0.35979953 0.65483916
bee 0.0004981913 0.009989377 0.6128609 0.027399648 0.8602917
bee 0.00041511375 0.0 0.0 0.38389906 0.14464617
bee 0.00040364527 0.0 0.015393674 0.25180852 0.561536
bee 0.00038408407 0.7080152 0.0 0.96926963 0.5126245
bee 0.00037319903 0.0 0.0 0.29742834 0.26132172
bee 0.00035474618 0.0031235516 0.0 0.4844777 0.8182793
bee 0.0003255404 0.36287984 0.31496426 0.5139914 0.47497073
bee 0.0003220758 0.47689396 0.82131433 0.9235639 1.0
bee 0.00031246417 0.48969322 0.013169527 0.82000023 0.38577238
bee 0.00030103966 0.0 0.54895014 0.34560168 0.7600201
bee 0.000291695 0.004497692 0.4595812 0.054069668 0.84915334
bee 0.0002886744 0.5513407 0.008662611 0.85144925 0.56645787
bee 0.0002847136 0.2994488 0.31387666 0.45298272 0.46890542
bee 0.00028160418 0.16229472 0.0 1.0 0.58356965
bee 0.00028103235 0.1343119 0.011336595 0.49512428 0.34492385
bee 0.00027897704 0.0 0.22468008 0.3766647 0.45012563
bee 0.0002660547 0.056684017 0.2813552 0.7068912 1.0
bee 0.0002658792 0.24314842 0.047449827 0.43781725 0.39793724
bee 0.00026194798 0.59186846 0.5335176 0.7325595 0.6796185
bee 0.00026165092 0.019568995 0.6453996 0.34769 0.86002934
bee 0.00025992288 0.18402472 0.0 0.91334593 0.38884526
bee 0.00024914963 0.0 0.11958701 0.36170393 0.35423723
bee 0.0002442584 0.0 0.0 0.62147725 0.41202337
bee 0.00024170981 0.0 0.32933235 0.23453183 0.8197249
bee 0.00024086761 0.0 0.40589106 0.2811734 0.7155132
bee 0.00023781547 0.0 0.50678706 0.7911588 0.9265919
bee 0.00023056408 0.023909986 0.0 0.7531864 0.6732231
bee 0.0002250536 0.48598275 0.0 1.0 0.887101
bee 0.00022356317 0.12781201 0.043629006 0.34100646 0.39490467
bee 0.00022338824 0.1861346 0.0 0.7917341 0.2749719
bee 0.0002144313 0.069994956 0.037214726 0.44481614 0.2499744
bee 0.00021420613 0.49743846 0.35790378 1.0 0.63957906
bee 0.00021336877 0.3953493 0.0 1.0 0.2986055
bee 0.00021314794 0.40236676 0.92097205 0.49427062 1.0
bee 0.00020867924 0.6529205 0.0 1.0 0.64974236
bee 0.00020818619 0.038685426 0.7505683 0.34000885 0.96381426
bee 0.00020816912 0.0 0.12703748 0.41380072 0.4792981
bee 0.0002078373 0.0 0.34226704 0.36485443 0.5479294
bee 0.00020718359 0.0 0.55099845 0.5001937 0.9846809
bee 0.00020717866 0.29332814 0.0 0.6718497 0.5570152
bee 0.00020437164 0.18606284 0.2361548 0.80745256 0.7890943
bee 0.0001963316 0.4211547 0.050567687 0.8147571 0.26441112
bee 0.00019524716 0.49092722 0.05796969 0.96206343 0.5429485
bee 0.00019458386 0.15429163 0.0 0.42644334 0.54844797
bee 0.00019454937 0.06737958 0.41304997 0.39259088 0.69744587
bee 0.0001844654 0.2146709 0.6165923 1.0 0.9912946
bee 0.00018336326 0.5736692 0.079908416 0.77128804 0.556315
bee 0.00018312773 0.38760164 0.34839758 1.0 1.0
bee 0.00017898392 0.2625281 0.6644385 0.8073808 1.0
bee 0.00017313095 0.17777294 0.4303629 0.8971084 1.0
bee 0.00016732741 0.6021669 0.18019035 1.0 0.7935277
bee 0.00016605777 0.28211302 0.7373699 0.41763616 0.8901508
bee 0.00016300134 0.66631305 0.0 1.0 0.32415506
bee 0.00016063509 0.4525764 0.5260562 0.9329591 0.860126
bee 0.0001561754 0.55912274 0.15040359 0.8597469 0.7836877
bee 0.00015160524 0.3314701 0.16372402 0.93637455 0.46862
bee 0.00015036052 0.22763437 0.5248919 0.7305949 0.87057227
bee 0.00014808636 0.0 0.78158796 0.42624855 1.0
bee 0.00014606661 0.65015745 0.43162936 0.9485768 1.0
bee 0.00014284356 0.48606834 0.26426712 0.9331739 0.72146666
bee 0.00014185352 0.0 0.23769128 0.39518285 0.89641786
bee 0.00014180334 0.622095 0.83181924 1.0 0.9877545
bee 0.00013549533 0.0 0.32279772 0.38027132 0.67764074
bee 0.00013410521 0.32527477 0.052343994 0.6735298 0.91083825
bee 0.00013410252 0.0 0.19343959 0.24775356 0.4984169
bee 0.00013407464 0.0 0.27705646 0.5541992 0.78982437
bee 0.00012673232 0.0 0.5837574 0.2736984 1.0
bee 0.00012641803 0.27251333 0.51620746 0.6454479 1.0
bee 0.0001250411 0.36077005 0.16760531 0.64031476 0.8041786
bee 0.00012502252 0.0 0.31009546 0.272796 0.6068125
