bee 0.9999968 0.6032379 0.74200785 0.7068768 0.8675015
bee 0.9999423 0.33510703 0.75532293 0.41193372 0.8938252
bee 0.99125344 0.40132588 0.32438117 0.47997588 0.51318127
bee 0.61305165 0.07905316 0.002770625 0.14356667 0.12633625
bee 0.016274689 0.0010332935 0.80392724 0.0147133265 0.9228284
bee 0.003588941 0.00766111 0.86535406 0.030917997 0.97274065
bee 0.0032352284 0.43544188 0.023798063 0.8437674 0.39453226
bee 0.0029408138 0.008858588 0.06851825 0.1325291 0.63756275
bee 0.0021814466 0.001435868 0.7516413 0.010337744 0.93659246
bee 0.0018230149 0.54054844 0.037090972 0.78274155 0.4277619
bee 0.0017543705 0.0003031604 0.25188756 0.06519136 0.7116257
bee 0.0012239232 0.009663194 0.0 0.90418637 1.0
bee 0.0012000564 0.0 0.16913685 1.0 0.80865026
bee 0.0011800494 0.009509075 0.2780811 0.12549579 0.8364384
bee 0.0011265841 0.28102097 0.0 0.7979169 1.0
bee 0.00093413086 0.5133811 0.12713593 0.79676914 0.5089657
bee 0.00088682416 0.188553 0.0 0.8403461 0.27144128
bee 0.0007618585 0.37202913 0.0 1.0 0.2716391
bee 0.00072373543 0.015358208 0.924225 0.06318737 0.99382114
bee 0.00071254786 0.013632059 0.0 0.5093939 0.8252541
bee 0.0006974163 0.43799543 0.0 1.0 0.8885144
bee 0.00067377754 0.004640895 0.6710944 0.012130597 0.9224303
bee 0.0005757718 0.7502315 0.020152867 1.0 0.54459476
bee 0.0005714676 0.304242 0.0 0.68748873 0.5595644
bee 0.0005575521 0.009090759 0.46543097 0.022843316 0.7630551
bee 0.0005537592 0.77818274 0.17117667 1.0 0.77324855
bee 0.00053500186 0.06979329 0.0020071864 0.12851605 0.09699805
bee 0.0005332703 0.49665874 0.29434913 1.0 1.0
bee 0.0005331953 0.11155924 0.0 1.0 0.5846504
bee 0.0005283268 0.81911826 0.28620312 1.0 0.84872854
bee 0.0005268521 0.008625109 0.42098165 0.06480451 0.8313211
bee 0.00049724523 0.5518547 0.0 0.8828281 0.44650123
bee 0.00047899078 0.007785627 0.6064808 0.016380802 0.8964477
bee 0.00047293803 0.027875453 0.24891245 0.7076677 1.0
bee 0.0004700784 0.033211835 0.18720159 0.265674 0.7399812
bee 0.0004685732 0.0 0.01101549 0.1519765 0.42876047
bee 0.0004558544 0.0 0.0 0.68034136 0.5789342
bee 0.0004507083 0.0 0.5290807 0.79324317 0.9601317
bee 0.00044421857 0.0 0.23656358 0.3631165 0.45346332
bee 0.00043233155 0.008477658 0.53985244 0.382073 0.7604286
bee 0.000426047 0.0 0.0 0.35472155 0.36195153
bee 0.00041882423 0.0 0.05619058 0.32090122 0.2443606
bee 0.00040086877 0.0 0.0 0.23717998 0.5359179
bee 0.000398557 0.19005626 0.046596184 1.0 0.42221606
bee 0.00038632206 0.0 0.4837843 1.0 0.86562765
bee 0.0003805034 0.6621325 0.0 1.0 0.3258959
bee 0.00036814433 0.22242138 0.21809158 0.3491355 0.49626014
bee 0.00036703385 0.008874327 0.0 0.6261554 0.266291
bee 0.00036687797 0.0 0.338176 0.37771535 0.5555064
bee 0.00036369284 0.0 0.0 0.37943998 0.569682
bee 0.00036107935 0.0 0.0 0.81910443 0.37600744
bee 0.0003468784 0.0074450225 0.43890572 0.3709972 0.64882016
bee 0.00034013233 0.6368088 0.1665046 0.8862274 0.64379114
bee 0.0003357532 0.6361738 0.22732817 0.9534405 0.72730285
bee 0.00033458244 0.6470841 0.0 1.0 0.6306038
bee 0.0003210742 0.07418671 0.21274601 0.5094681 0.6877403
bee 0.00032093038 0.0 0.139018 0.3504206 0.3474621
bee 0.00031935514 0.040440485 0.7557173 0.3515194 0.9627023
bee 0.00031199533 0.13277924 0.0 0.4905476 0.43622786
bee 0.00031161812 0.020437576 0.42516723 0.2580898 0.9358865
bee 0.00030247757 0.35770053 0.10641846 0.7991691 0.35874802
bee 0.00029826484 0.558606 0.086230144 1.0 0.50284135
bee 0.00029241925 0.29035446 0.0 0.7366624 0.33554378
bee 0.00029200912 0.4475879 0.23166123 0.8506592 0.46687624
bee 0.00028329232 0.14801703 0.14490476 0.4261273 0.79115343
bee 0.00027784362 0.26144028 0.24552496 0.7394445 0.69493717
bee 0.0002714399 0.006920874 0.3562997 0.5757706 0.66697425
bee 0.00026474724 0.24698487 0.11492553 0.770795 0.46411029
bee 0.0002641691 0.30428717 0.0 0.801792 0.14356966
bee 0.0002493975 0.029178187 0.02779539 0.14339972 0.25795782
bee 0.00024675528 0.3495113 0.13929766 0.64660466 0.7825822
bee 0.0002415382 0.5780024 0.8158225 0.63358647 0.8885014
bee 0.00023535542 0.017685488 0.88873166 0.25392705 0.99694926
bee 0.00023334821 0.0 0.63377655 0.63904107 1.0
bee 0.00022785921 0.0 0.20287746 0.38103908 0.8984911
bee 0.00022425146 0.053794205 0.05821979 0.24943298 0.62751555
bee 0.00022234043 0.15284373 0.042401463 0.5614249 0.35109726
bee 0.00022211226 0.041022047 0.64617264 0.37327516 0.85640407
bee 0.00022024823 0.3395579 0.22417358 1.0 0.7076596
bee 0.00021941024 0.013471544 0.55203265 0.025994942 0.8418682
bee 0.00021409198 0.65836847 0.34082812 0.88366926 0.8042368
bee 0.00020635006 0.0 0.2772695 0.7064775 0.69726694
bee 0.00020569688 0.03961648 0.037163943 0.45588034 0.2564811
bee 0.0002044841 0.13703845 0.008854419 0.4374951 0.31851274
bee 0.0002031715 0.19268285 0.17432983 0.46123713 0.50516355
bee 0.00020194837 0.44414648 0.037167028 0.6753969 0.3879944
bee 0.00019078334 0.13016868 0.41492036 0.34131932 0.8238766
bee 0.00018710518 0.54031754 0.3171147 1.0 0.6846621
bee 0.00018290349 0.6341115 0.033089474 0.92160904 0.49752313
bee 0.0001825197 0.47194162 0.554131 1.0 0.8510297
bee 0.00018042255 0.16005109 0.00054325163 0.58207333 0.13856244
bee 0.00017494906 0.053625144 0.028743997 0.29366565 0.3343941
bee 0.000170914 0.0 0.77739805 0.43853176 1.0
bee 0.00016845716 0.0 0.49236825 0.48850048 1.0
bee 0.00016818945 0.0 0.5531232 0.45582956 0.84318167
bee 0.00016801617 0.21596563 0.5988693 1.0 1.0
bee 0.00016425215 0.12940112 0.12068035 0.37212697 0.55757
bee 0.00016420738 0.4745458 0.32610172 0.8286214 0.5678253
bee 0.00016288404 0.20012796 0.020677783 0.6167555 0.25730962
bee 0.00015962993 0.53984857 0.44558266 0.8540858 0.9115281
