bee 0.9999969 0.5939482 0.7434307 0.6986447 0.88083667
bee 0.99944264 0.3362444 0.75625867 0.4104728 0.8935248
bee 0.9973985 0.40036604 0.309034 0.48187372 0.49321824
bee 0.92027676 0.17187975 0.0020390414 0.2728762 0.114792585
bee 0.014783614 0.001711369 0.804222 0.013842575 0.92720056
bee 0.005607528 0.009185691 0.87475294 0.040311437 0.9692808
bee 0.004282944 0.0138498545 0.06187913 0.14886856 0.6084553
bee 0.0011651802 0.0 0.0 0.92827374 1.0
bee 0.0011165895 0.51352125 0.01962918 0.79084533 0.41038638
bee 0.0010941509 0.0 0.22656381 1.0 0.82035124
bee 0.0010236134 0.68407905 0.0 1.0 0.5313224
bee 0.0010164585 0.2818496 0.0 0.8042414 1.0
bee 0.0009933038 0.01010238 0.2591772 0.13077994 0.83801234
bee 0.0008989528 0.029109977 0.033708036 0.248422 0.6830115
bee 0.0008043859 0.44112295 0.0 1.0 0.91101074
bee 0.0007978768 0.0015333663 0.7511475 0.009066295 0.94221365
bee 0.0007872881 0.19052157 0.0 0.8407209 0.27260178
bee 0.00074416865 0.36450148 0.0 1.0 0.27442175
bee 0.00070787704 0.80591077 0.30749628 0.9995169 0.8376441
bee 0.0006866371 0.011612948 0.9201832 0.068826705 0.995299
bee 0.0006733297 0.0 0.167946 0.06779771 0.6398703
bee 0.00066491606 0.009480387 0.0 0.5137017 0.78913957
bee 0.0006418842 0.64722174 0.14819604 0.8912235 0.6525333
bee 0.00059457344 0.49285492 0.0 0.931764 0.37776804
bee 0.00055837585 0.08229375 0.0 1.0 0.581594
bee 0.0005517782 0.0 0.5420925 0.83556986 0.96714765
bee 0.00054528314 0.49608707 0.29646593 1.0 1.0
bee 0.0005414202 0.29033834 0.0 0.7158014 0.41307127
bee 0.00053939404 0.15470421 0.004770089 0.32086235 0.12334283
bee 0.00050835684 0.21407098 0.06039834 1.0 0.42266428
bee 0.00049756694 0.5113184 0.14674506 0.7964271 0.5093466
bee 0.00048351687 0.0 0.12685704 0.36961022 0.33684725
bee 0.00048279078 0.6837133 0.2074069 1.0 0.7023236
bee 0.00047484317 0.0 0.0040273815 0.17143032 0.39300323
bee 0.0004722511 0.026178002 0.24566567 0.7164587 1.0
bee 0.00043122005 0.0 0.0 0.65519905 0.5720366
bee 0.00040121592 0.29859456 0.02650129 0.73776937 0.26149237
bee 0.00039942685 0.6536954 0.0 1.0 0.31259954
bee 0.00037191494 0.0 0.0 0.29734945 0.25069457
bee 0.0003705812 0.0 0.0 0.46056396 0.35733652
bee 0.00035790104 0.0 0.0 0.8088286 0.37736744
bee 0.0003549933 0.0 0.0 0.38241506 0.59657407
bee 0.00034557213 0.067895174 0.21168014 0.4973421 0.7072543
bee 0.0003424878 0.0 0.22628763 0.39232635 0.4513819
bee 0.0003394593 0.5576076 0.0 0.86354274 0.5508995
bee 0.00033731997 0.0 0.22301254 0.2512743 0.89834404
bee 0.00033731424 0.0070542544 0.5369091 0.39025384 0.75945735
bee 0.00033539682 0.15240505 0.13803846 0.42816743 0.7823025
bee 0.00031489605 0.006106339 0.66768515 0.012714937 0.92862236
bee 0.00031363647 0.04630816 0.7549023 0.36268336 0.9637094
bee 0.0003107139 0.5331992 0.303006 1.0 0.6820294
bee 0.00029487954 0.13185278 0.0 0.48688772 0.4356181
bee 0.0002946005 0.0 0.0 0.28310338 0.43902913
bee 0.00029107992 0.0 0.0 0.3806847 0.1380706
bee 0.0002801057 0.013521612 0.0 0.61852795 0.275645
bee 0.0002763839 0.23761055 0.0011711195 0.6817788 0.14169726
bee 0.00026874663 0.45502046 0.05717294 0.9558145 0.52681935
bee 0.00026718283 0.0 0.4368856 0.37574905 0.64911187
bee 0.00026227435 0.0 0.0 0.32929146 1.0
bee 0.0002602249 0.0 0.5293901 0.50169605 0.9812623
bee 0.00026013658 0.011534175 0.6076952 0.020718554 0.88260186
bee 0.00025926676 0.34808117 0.0 0.6463999 0.61314803
bee 0.00025813706 0.3484571 0.14649066 0.64844924 0.77936256
bee 0.00025530322 0.17268875 0.1712232 0.76664674 0.7716141
bee 0.00025258065 0.012401901 0.8886297 0.25868657 0.99725485
bee 0.0002524191 0.23012394 0.15759784 0.80810136 0.46800357
bee 0.00025165713 0.14066839 0.041287646 0.37404644 0.45309603
bee 0.00025024117 0.43902743 0.23960148 0.835824 0.46719366
bee 0.00024357355 0.02170074 0.42521912 0.26331955 0.9363436
bee 0.00023453063 0.26779094 0.2542732 0.89970744 0.6638299
bee 0.00023295767 0.0 0.29026872 0.61636555 0.72512656
bee 0.00023173723 0.0 0.1972388 0.39722377 0.88197553
bee 0.00021998107 0.009384284 0.47182214 0.02018689 0.7593714
bee 0.00021948453 0.06640725 0.0 0.45439172 0.23765536
bee 0.00021483733 0.44514742 0.047916546 0.6733581 0.39781338
bee 0.00021308189 0.20584103 0.3551485 0.7542833 0.6640546
bee 0.0002080812 0.396111 0.06329596 0.77307165 0.36522287
bee 0.00020164782 0.67004347 0.3600307 0.90126264 0.79424137
bee 0.00019720476 0.16794214 0.037021756 0.59131503 0.35025245
bee 0.0001958552 0.13725564 0.027930774 0.56198764 0.25371787
bee 0.00019496903 0.6426534 0.0 0.9715411 0.83665115
bee 0.00019152314 0.68705225 0.5422318 1.0 0.7393739
bee 0.00018844513 0.31127465 0.27137253 0.68252176 0.7119912
bee 0.0001862801 0.0 0.5562229 0.44758868 0.84651303
bee 0.00018590695 0.0020188242 0.336836 0.38387 0.5527363
bee 0.00018085263 0.47642022 0.320543 0.84393567 0.5723403
bee 0.00017942359 0.46697295 0.55005807 1.0 0.84924
bee 0.00017792589 0.8051985 0.4422096 0.93968207 0.81801474
bee 0.0001737728 0.046353295 0.6470728 0.38828498 0.8524183
bee 0.00017337709 0.5319416 0.4426906 0.8616225 0.9103534
bee 0.00017070016 0.033905134 0.20760047 0.30242813 0.7205667
bee 0.00016896147 0.52671725 0.25600326 0.8628598 0.6556696
bee 0.00016816716 0.18767262 0.6038732 1.0 1.0
bee 0.00016728244 0.0 0.32546592 0.35444093 0.66901577
bee 0.00016713608 0.31693384 0.43799943 0.6451969 0.90548867
bee 0.000166496 0.30427247 0.42468825 0.38681203 0.5079573
bee 0.00016625789 0.0 0.77700794 0.4403514 1.0
bee 0.00016413332 0.26810944 0.65964437 0.8180462 1.0
bee 0.00016059112 0.0022864975 0.3313142 0.062208373 0.77248585
bee 0.00015290431 0.012280105 0.4136511 0.06528577 0.8350465
