bee 0.9999927 0.83132917 0.73281324 0.9150879 0.8595462
bee 0.9997788 0.18036723 0.556723 0.28669685 0.6992965
bee 0.9992273 0.39609838 0.14547414 0.50104177 0.30154404
bee 0.99702495 0.7151293 0.65667176 0.8070145 0.8333163
bee 0.99364775 0.15166083 0.81785274 0.20236155 0.90380096
bee 0.982755 0.5095467 0.43292382 0.6151143 0.64137864
bee 0.96365374 0.5807909 0.07665349 0.6681262 0.234398
bee 0.9553587 0.9210475 0.57009405 0.99523956 0.7192716
bee 0.8871388 0.31952336 0.7085893 0.38751945 0.87076604
bee 0.847362 0.923969 0.6974982 0.9928027 0.83863926
bee 0.11476435 0.00462793 0.6099541 0.05207219 0.78617656
bee 0.010714486 0.0 0.07708356 0.16928093 0.6540806
bee 0.0076642754 0.0030072625 0.79250294 0.016174968 0.9279117
bee 0.007606885 0.0026146136 0.6612761 0.046218093 0.83342445
bee 0.0042809355 0.0009423485 0.73774856 0.020968359 0.903102
bee 0.0024555777 0.2207066 0.23241167 0.3388776 0.50462866
bee 0.0013392013 0.58719397 0.90723675 0.63938975 0.9655778
bee 0.0010775093 0.0 0.22780165 0.36437 0.4371154
bee 0.0009742336 0.008071271 0.8564594 0.027630653 0.9675646
bee 0.0007246365 0.0 0.17554834 0.9341662 1.0
bee 0.0005807824 0.0 0.2107532 0.2551927 0.48837876
bee 0.00051805406 0.28755534 0.0 0.8189601 1.0
bee 0.00042341082 0.0345423 0.0674732 0.2364291 0.64579785
bee 0.00037891595 0.0014804155 0.6183001 0.059745632 0.8443494
bee 0.00033701237 0.0170353 0.92458045 0.05235771 0.99375045
bee 0.00030863658 0.0 0.6576618 0.3242083 0.85476303
bee 0.00030607614 0.011347368 0.7583417 0.32687682 0.9588532
bee 0.00030092947 0.013513073 0.0 0.4936818 0.8350632
bee 0.0002841891 0.0 0.43811893 0.3212571 0.6616944
bee 0.00025743514 0.06367262 0.0 0.43723762 0.6031341
bee 0.00025234523 0.0 0.5019222 0.82433945 0.9302533
bee 0.00024660735 0.946046 0.7325651 0.9951515 0.84791714
bee 0.00024517073 0.0 0.22039223 0.3964834 0.87181866
bee 0.00023807706 0.0 0.34209764 0.37451422 0.64606005
bee 0.00023586242 0.752755 0.00960204 0.9866131 0.5233022
bee 0.00023575677 0.020667925 0.5489846 0.32888556 0.76023513
bee 0.00023406172 0.0 0.6381798 0.627231 1.0
bee 0.00023390108 0.18277887 0.0 0.813064 0.2729393
bee 0.00023191205 0.0 0.19787043 0.22410268 0.7158055
bee 0.00023146386 0.49439478 0.0 1.0 0.6358285
bee 0.00022886034 0.021394104 0.0 0.7336184 0.67832947
bee 0.00022883655 0.1842832 0.2189413 0.81177294 0.7755506
bee 0.00022437784 0.016446032 0.25714403 0.15228057 0.7764768
bee 0.00021778433 0.16407502 0.0 1.0 0.572396
bee 0.00021359895 0.0 0.0 0.32251352 0.52074105
bee 0.00021101459 0.0 0.0 0.45381147 0.36298895
bee 0.00020997957 0.13865155 0.0 0.4701599 0.42454153
bee 0.00020697943 0.0 0.17585184 0.4271645 0.47637254
bee 0.00020402682 0.37260264 0.0 0.9940811 0.27338734
bee 0.00019760418 0.20966965 0.61915815 1.0 0.99407315
bee 0.00019596766 0.052603066 0.315929 0.632632 1.0
bee 0.00019354433 0.39112338 0.34853068 1.0 1.0
bee 0.00018457748 0.8501255 0.0 1.0 0.5224108
bee 0.00018387221 0.005354368 0.5656525 0.02404546 0.7688372
bee 0.00018111944 0.29271096 0.0 0.6769371 0.56766665
bee 0.00017880533 0.5251379 0.028367281 0.96297777 1.0
bee 0.00017558446 0.0 0.29133773 0.7217298 0.70144945
bee 0.00016814792 0.0 0.0 0.33911937 1.0
bee 0.00016644188 0.0 0.49377272 0.48652577 1.0
bee 0.00016633303 0.18144986 0.4420207 0.8852267 1.0
bee 0.00016350772 0.0 0.1345227 0.33417493 0.32819718
bee 0.0001592828 0.20837462 0.1571829 0.7574085 0.45903018
bee 0.00015887176 0.0 0.0 0.29052114 0.2683688
bee 0.00015716642 0.39665458 0.7223489 0.9822718 1.0
bee 0.00015643994 0.0 0.77730733 0.42165273 1.0
bee 0.00014983298 0.0 0.0 1.0 0.38528633
bee 0.00014892835 0.0 0.0 0.639354 0.27046046
bee 0.00014481432 0.64763355 0.43766958 0.94982564 1.0
bee 0.00013988622 0.0 0.6787376 0.1707139 1.0
bee 0.00013788717 0.0045190156 0.0 0.37855822 0.14764857
bee 0.00013641342 0.61641705 0.17026255 1.0 0.77872205
bee 0.00013426886 0.3251601 0.03343466 0.66560614 0.9008939
bee 0.00013352552 0.5165055 0.49837512 0.5973972 0.6419081
bee 0.00013144138 0.016803622 0.36303377 0.5737944 0.6577885
bee 0.00013087834 0.0 0.58413565 0.2847531 1.0
bee 0.00012933674 0.14438562 0.16885987 0.43052357 0.79290545
bee 0.00012824876 0.2741266 0.5073459 0.6481946 1.0
bee 0.0001271566 0.29268122 0.25846148 0.7167077 0.68600917
bee 0.00012453896 0.32647085 0.23439583 1.0 0.6901852
bee 0.00012270067 0.5392372 0.30395827 0.7846543 0.6227083
bee 0.00012211472 0.21312597 0.3620394 0.7451148 0.6522388
bee 0.00012138588 0.6249959 0.8926726 0.6849223 0.9625668
bee 0.00012114431 0.4714809 0.5365337 0.9290653 0.8643426
bee 0.00012094602 0.5407016 0.0 0.863098 0.44482437
bee 0.000120706034 0.67317384 0.0 1.0 0.32468063
bee 0.00011888736 0.55294687 0.058852658 0.74860877 0.4576537
bee 0.00011786445 0.09390563 0.26853925 0.5143299 0.696726
bee 0.000113650414 0.54352504 0.072228126 0.68530184 0.22591007
bee 0.000113253715 0.23674871 0.527137 0.7295735 0.87823576
bee 0.000111512425 0.0 0.0 0.17518947 0.3831523
bee 0.00010967631 0.0 0.53414387 0.3504967 0.8695701
bee 0.00010870984 0.023226291 0.5583871 0.5367403 0.8522609
bee 0.000107390624 0.0 0.29890358 0.25511304 0.6149133
bee 0.00010534224 0.0 0.41030028 0.3452776 0.9644189
bee 0.00010456412 0.7931801 0.71125114 1.0 1.0
bee 0.00010098558 0.6892701 0.23280826 0.88697416 0.73546505
bee 9.849684e-05 0.6105332 0.5188653 1.0 0.8647875
bee 9.055474e-05 0.9864176 0.89475757 0.99897975 0.9647853
bee 8.9966285e-05 0.03135232 0.45374942 0.2763108 0.82654774
bee 8.9138535e-05 0.0 0.856057 0.38146752 1.0
