bee 0.99999845 0.58006424 0.73553574 0.6450717 0.87366855
bee 0.9977101 0.6967019 0.7736652 0.7855437 0.88521945
bee 0.9970393 0.16450396 6.277114e-05 0.22068968 0.11219149
bee 0.8876845 0.33048186 0.76726466 0.40881947 0.8809188
bee 0.37634838 0.37314722 0.060736515 0.47434774 0.23017737
bee 0.008354486 0.0037366208 0.8057196 0.021128077 0.91419446
bee 0.003986564 0.5372705 0.02468434 0.78877085 0.42310065
bee 0.0029476043 0.009022676 0.8732268 0.036298312 0.973795
bee 0.0026054718 0.64314175 0.8250867 0.70581913 0.8837625
bee 0.002475 0.0 0.027107805 0.18635997 0.6326901
bee 0.0024352842 0.7349733 0.008584678 1.0 0.6234427
bee 0.0011522307 0.007094741 0.0 0.91405785 1.0
bee 0.0011245384 0.006687127 0.12972867 0.14345056 0.7415571
bee 0.0011238455 0.0 0.21550715 1.0 0.8460214
bee 0.0009249446 0.2785623 0.0 0.79496 1.0
bee 0.0008609068 0.0036604018 0.75860983 0.013546335 0.9111931
bee 0.0008397767 0.82580686 0.23255616 1.0 0.861327
bee 0.00072580273 0.51925457 0.10853733 0.8009889 0.5226997
bee 0.0007244035 0.42998275 0.0 1.0 0.87479424
bee 0.000620569 0.0 0.5380058 0.35955405 0.7543732
bee 0.0005746991 0.0012466013 0.0 0.5149584 0.8083085
bee 0.00050450594 0.34186572 0.03463085 0.7328171 0.25677836
bee 0.00050216797 0.49118868 0.29030108 1.0 1.0
bee 0.0004858178 0.01342443 0.92407763 0.06066363 0.9942615
bee 0.0004720656 0.48047838 0.012298226 0.82450247 0.32603216
bee 0.00045176578 0.7454223 0.1753748 1.0 0.8150719
bee 0.0004486311 0.0 0.53700316 0.8565325 0.94774354
bee 0.00043136041 0.028974116 0.24878168 0.71897805 1.0
bee 0.0004308568 0.13443995 0.0 1.0 0.57009625
bee 0.0004143076 0.20414269 0.0 0.7974789 0.2662944
bee 0.00040391897 0.24755104 0.03658369 0.73378366 0.48378673
bee 0.0004033483 0.0 0.0 0.6513585 0.5746255
bee 0.00037290866 0.5547977 0.08322854 1.0 0.5129532
bee 0.0003566082 0.6373165 0.16156371 0.879126 0.6549184
bee 0.0003555006 0.3591647 0.0 0.6494076 0.48677218
bee 0.00034509262 0.38675237 0.0 1.0 0.2772177
bee 0.000333267 0.011197694 0.38761592 0.15574941 0.9193448
bee 0.00033127546 0.006224841 0.015998632 0.27442962 0.7343823
bee 0.0003220218 0.011682361 0.46125174 0.25496417 0.925913
bee 0.00032039903 0.18986022 0.0 0.9403045 0.38611168
bee 0.0003147547 0.0409822 0.750092 0.36058718 0.96278036
bee 0.0003108558 0.64955485 0.2708927 0.8623971 0.7891067
bee 0.000303951 0.033066884 0.2446039 0.5046854 0.7051008
bee 0.00030229567 0.052059352 0.19732288 0.33597994 0.68548393
bee 0.00028920802 0.0 0.2203143 0.39104933 0.45330516
bee 0.0002883031 0.4523531 0.23734915 0.8609618 0.46605217
bee 0.0002880185 0.15293323 0.12673518 0.4242699 0.80433786
bee 0.0002693587 0.69009715 0.0 1.0 0.413526
bee 0.00026868822 0.51435906 0.2970348 1.0 0.6875973
bee 0.0002665066 0.0026259143 0.26694417 0.061714552 0.69101316
bee 0.00026450932 0.0 0.20646074 0.39082885 0.87839866
bee 0.00026304214 0.0 0.0 0.29187226 0.47599983
bee 0.00025810977 0.6434079 0.03815399 0.9254193 0.5142225
bee 0.0002580229 0.22826773 0.25112337 0.7387621 0.70914465
bee 0.00025139406 0.46895748 0.330676 0.8294415 0.56450695
bee 0.0002508467 0.3546595 0.15553007 0.65195864 0.8078265
bee 0.0002402055 0.38922137 0.012110755 0.76325816 0.35776865
bee 0.00023777218 0.0 0.36218613 0.40705252 0.6482037
bee 0.00023757774 0.0 0.0 0.45747173 0.3617489
bee 0.00022463815 0.46399432 0.03096801 0.72611886 0.42551932
bee 0.00021790001 0.058401525 0.03168325 0.5028407 0.4894191
bee 0.00021547513 0.0 0.5426084 0.5041822 0.98211014
bee 0.00021295171 0.3525015 0.3376338 0.72257173 0.57188725
bee 0.0002011123 0.5667666 0.0 0.87073696 0.56293595
bee 0.00019949542 0.10934506 0.12865664 0.35875857 0.5878961
bee 0.00019948628 0.21190798 0.6079325 1.0 1.0
bee 0.00019680259 0.3144393 0.23331542 1.0 0.701442
bee 0.00019293703 0.6294445 0.0 0.971053 0.8657348
bee 0.00019293482 0.027027905 0.642508 0.38000867 0.85127705
bee 0.00019138459 0.0 0.0 0.31017455 0.2618463
bee 0.00017794507 0.0 0.13867138 0.3195579 0.3412096
bee 0.0001774273 0.65121984 0.42221445 0.95429945 1.0
bee 0.00017643918 0.07287334 0.4476449 0.5050323 0.886916
bee 0.00017509308 0.0048531145 0.0 0.37375814 0.14487582
bee 0.00017486434 0.1548428 0.0 0.4293272 0.50759923
bee 0.00016916943 0.25121748 0.19646826 0.7079841 0.9123962
bee 0.00016660066 0.46275705 0.4604541 0.95219404 0.9170654
bee 0.00016590157 0.36407822 0.230306 0.7508094 0.46845445
bee 0.00016380983 0.13549516 0.35818553 0.42165866 0.977944
bee 0.00015985216 0.0 0.55024713 0.40560293 0.84444135
bee 0.00015531568 0.14602953 0.034984678 0.34846523 0.424882
bee 0.00015052549 0.23842257 0.34535208 0.597241 0.5713294
bee 0.00014922372 0.018074878 0.88419193 0.25961524 0.99657863
bee 0.00014373097 0.0 0.7778282 0.43410945 1.0
bee 0.00014216361 0.0 0.019905046 0.16141331 0.40994817
bee 0.00014158663 0.3513261 0.5360277 0.9117917 0.86027974
bee 0.00014087209 0.2770335 0.65583384 0.7823463 1.0
bee 0.0001396932 0.076100364 0.028973505 0.43410206 0.29309243
bee 0.00013593132 0.09960659 0.47106016 0.377555 0.8183608
bee 0.00013540621 0.81739867 0.0 1.0 0.53230226
bee 0.00013508355 0.41586748 0.14320709 0.7543392 0.51438063
bee 0.00013439772 0.0 0.41164467 0.3447442 0.9891577
bee 0.00013063832 0.017817214 0.33190304 0.38480198 0.5575495
bee 0.00012729247 5.3703785e-05 0.73326206 0.287041 0.98445976
bee 0.000125437 0.0 0.89909846 0.16634513 1.0
bee 0.00012539921 0.010486908 0.4230389 0.020226872 0.67195505
bee 0.00012394541 0.0 0.8525125 0.1597248 0.97748864
bee 0.00012205326 0.5240284 0.25316098 0.8195187 0.64857125
bee 0.000118078184 0.34343705 0.049513966 0.54682773 0.42807359
bee 0.000116551775 0.6737127 0.6634467 1.0 1.0
