bee 0.9999987 0.8210845 0.7443455 0.8883538 0.87458605
bee 0.99869436 0.4027125 0.15603727 0.50579846 0.28949308
bee 0.9981975 0.30470273 0.68375546 0.39610693 0.8592083
bee 0.9978388 0.62826484 0.5135878 0.71801347 0.67871076
bee 0.96140206 0.691577 0.6460017 0.7940118 0.83276117
bee 0.88140655 0.93717325 0.6848464 0.9957566 0.8439317
bee 0.83942187 0.1516087 0.5207495 0.24213198 0.69695634
bee 0.8127706 0.92127275 0.56093085 0.99439514 0.71394074
bee 0.6710279 0.1054496 0.54488873 0.1852807 0.71423686
bee 0.6434047 0.5325043 0.46301392 0.61027443 0.6612073
bee 0.028668853 0.58379114 0.9017638 0.63893175 0.96764624
bee 0.0070178076 0.13878585 0.5386723 0.22411089 0.71339595
bee 0.0068089208 0.0029495475 0.8015947 0.018071916 0.9262573
bee 0.0041641793 0.00089720637 0.03580609 0.14050531 0.64041805
bee 0.003886326 0.6169416 0.88577676 0.6868032 0.9653934
bee 0.0037160534 0.010645575 0.8761125 0.038763672 0.96540636
bee 0.0034781198 0.3861469 0.08035432 0.5102463 0.27062595
bee 0.0012137885 0.07917941 0.5326773 0.22845519 0.7008889
bee 0.0010998552 0.00631474 0.5160563 0.017930655 0.811782
bee 0.0010822095 0.0 0.23113826 0.11812183 0.8063642
bee 0.0010808783 0.77003455 0.081312135 0.98887146 0.556361
bee 0.00086805417 0.008695736 0.55521214 0.022820063 0.8255168
bee 0.0007934206 0.01285897 0.9223151 0.06735871 0.9950944
bee 0.0007915229 0.23029512 0.26287967 0.33604568 0.51478386
bee 0.0007644806 0.0058418284 0.68116623 0.01886723 0.8811247
bee 0.00073016714 0.10333732 0.0 0.88269866 1.0
bee 0.00070434524 0.0037860028 0.75064594 0.015551334 0.9140344
bee 0.0006559873 0.0 0.103788525 1.0 0.7864493
bee 0.00064176583 0.7755823 0.0070470423 0.97032547 0.43943793
bee 0.0005286963 0.25782222 0.3083719 0.31997913 0.5065318
bee 0.0004759834 0.54725975 0.0008097589 0.7711895 0.37656334
bee 0.0004681984 0.026864693 0.0 0.50321805 0.81524706
bee 0.00044838592 0.008314982 0.43910873 0.35428625 0.67254317
bee 0.00044644257 0.007933432 0.45483708 0.04577583 0.83085513
bee 0.00043755377 0.461434 0.034234196 0.8286966 0.37291643
bee 0.00035701657 0.047938645 0.25923896 0.7049903 1.0
bee 0.0003454326 0.0 0.5034662 0.7809044 0.9491772
bee 0.00034436944 0.20212749 0.0 0.81946886 0.27833617
bee 0.00034143886 0.022214815 0.23913172 0.4047808 0.45198128
bee 0.00032783547 0.012094326 0.07239646 0.25785887 0.61098665
bee 0.00032421478 0.025658265 0.75714624 0.33662754 0.96229434
bee 0.0003150213 0.0 0.0 0.6978272 0.5935447
bee 0.00031005783 0.4213319 0.0 1.0 0.9302268
bee 0.00030763773 0.3832203 0.0 1.0 0.27939147
bee 0.00030719663 0.010610491 0.5473833 0.34482038 0.76210713
bee 0.00030659657 0.06158705 0.0 0.43679845 0.60983217
bee 0.0003053559 0.006244511 0.47914997 0.016649516 0.717226
bee 0.0002975488 0.55726725 0.03927672 0.8021204 0.49040312
bee 0.0002951138 0.49952853 0.06125474 0.9810587 0.5337269
bee 0.00028429425 0.0 0.0 0.16041356 0.39930975
bee 0.00028353688 0.18095395 0.0 1.0 0.5801702
bee 0.00028175456 0.64746785 0.031794667 0.9330944 0.5679758
bee 0.00027500736 0.0 0.0 0.29884154 0.2631682
bee 0.0002731075 0.12817359 0.0 0.47962266 0.44398618
bee 0.0002699495 0.0 0.54976606 0.508031 0.99130595
bee 0.00026506826 0.3456539 0.04092043 0.7264656 0.25386855
bee 0.00026014552 0.0171175 0.6446504 0.34648558 0.85745114
bee 0.00024085175 0.0075458586 0.0 0.6259873 0.2833847
bee 0.00024040874 0.67401594 0.14574125 0.8915015 0.68923223
bee 0.00023475524 0.68003786 0.0 1.0 0.42438698
bee 0.0002295752 0.2997139 0.0 0.67526454 0.5375788
bee 0.0002277567 0.2123149 0.62130207 1.0 0.99867696
bee 0.00022701695 0.16725312 0.8411802 0.23179908 0.90200186
bee 0.00022609676 0.50025105 0.27402204 1.0 1.0
bee 0.00022547654 0.0 0.0 0.25106305 0.45153728
bee 0.00021948201 0.09037671 0.5626668 0.18872479 0.7864306
bee 0.00021244895 0.17433819 0.22218475 0.7877935 0.7844199
bee 0.00021124892 0.0 0.0 0.3808674 0.1461804
bee 0.00021120923 0.0 0.13742128 0.37722713 0.34262243
bee 0.00019943473 0.5748173 0.0 0.9616369 0.7960471
bee 0.00019841432 0.0 0.2682433 0.54057956 0.7960739
bee 0.00018883689 0.44762647 0.0 0.6789005 0.34276992
bee 0.00018500017 0.30808422 0.2131772 0.901672 1.0
bee 0.0001844624 0.0 0.0 1.0 0.38742837
bee 0.00018329141 0.1807797 0.45430195 0.8756561 1.0
bee 0.00017008926 0.3827938 0.022923186 0.7500348 0.33672237
bee 0.00016895519 0.6452528 0.4424082 0.9497299 1.0
bee 0.00016407669 0.5679438 0.0 0.8741325 0.57524055
bee 0.00015576521 0.0 0.0 0.32087433 1.0
bee 0.00015509798 0.0 0.77889144 0.4340455 1.0
bee 0.00014877194 0.08342315 0.3432053 0.56339467 0.6816975
bee 0.00014783339 0.005539134 0.34057295 0.3789699 0.5574662
bee 0.00014701301 0.3588013 0.23701553 1.0 0.7020611
bee 0.0001457369 0.0 0.13478874 0.40446365 0.494218
bee 0.00014408349 0.024862982 0.48048398 0.23337135 0.85901403
bee 0.00014367013 0.0 0.59089327 0.2798904 1.0
bee 0.00014295339 0.13254493 0.24341355 0.46078718 0.7306462
bee 0.00014228444 0.41112036 0.71545696 0.9809341 1.0
bee 0.00014114476 0.32948172 0.056729913 0.67060137 0.91388357
bee 0.0001372986 0.04058683 0.32989365 0.23474073 0.7778905
bee 0.00013437733 0.34750375 0.030331358 0.5514859 0.39349288
bee 0.00013096585 0.27824003 0.5056204 0.6486392 1.0
bee 0.00012808878 0.20997745 0.15895377 0.7544099 0.46071094
bee 0.00012350276 0.0 0.20737034 0.3162559 0.7878066
bee 0.00011913373 0.0 0.6562416 0.17584948 1.0
bee 0.000117819174 0.0 0.34141853 0.25667176 1.0
bee 0.00011734925 0.2514805 0.3542024 0.7507231 0.67570555
bee 0.00011651923 0.37126046 0.3621938 0.946884 0.6518134
bee 0.00011540648 0.0 0.90286744 0.17133337 1.0
bee 0.000115197254 0.32819873 0.25249434 0.544207 0.6626444
