bee 0.9999659 0.34676135 0.7776049 0.41692162 0.88052756
bee 0.9996464 0.67868555 0.77684283 0.7647197 0.8823997
bee 0.99696153 0.3524698 0.038113862 0.44715375 0.13183855
bee 0.32083887 0.92992157 0.52868974 0.9939042 0.7086158
bee 0.08754847 0.3533702 0.09002017 0.48019135 0.2651894
bee 0.0133874575 0.002623845 0.8044722 0.020825816 0.9133214
bee 0.0052400497 0.50995094 0.018305749 0.80849487 0.3724164
bee 0.0031464952 0.017933555 0.057040483 0.15247607 0.59075105
bee 0.0016179035 0.0065018674 0.87044376 0.031077877 0.9668494
bee 0.0014868977 0.0 0.19992092 1.0 0.8735591
bee 0.0014500513 0.054173976 0.0 0.87161195 1.0
bee 0.0013495641 0.0028822715 0.76169515 0.014434069 0.9014435
bee 0.0009177641 0.53953236 0.09631881 0.78121763 0.5823773
bee 0.0007309167 0.018782295 0.059963644 0.25454634 0.63238305
bee 0.00062662223 0.10717431 0.073586494 0.3655754 0.51450586
bee 0.00062005874 0.0 0.5407351 0.34784186 0.74378157
bee 0.0006088255 0.0 0.0 0.5136082 0.7709669
bee 0.0006088141 0.55531025 0.79896444 0.61672187 0.89208883
bee 0.00058016635 0.30225828 0.10461542 0.46636322 0.26428103
bee 0.000532401 0.0 0.0 0.34926772 0.61491084
bee 0.00051804294 0.000714913 0.3596315 0.1567843 0.9130634
bee 0.00047721976 0.43594253 0.0 1.0 0.8664491
bee 0.0004624576 0.51268065 0.27888095 1.0 1.0
bee 0.00045730633 0.057943434 0.019976482 0.41254497 0.35089874
bee 0.0004545899 0.5479716 0.0 0.87695086 0.4545232
bee 0.00043812642 0.249776 0.051020697 0.75172484 0.47492325
bee 0.0004146205 0.0060260743 0.46061045 0.2691775 0.9146796
bee 0.00040847904 0.42517394 0.037445046 0.8182023 0.27897087
bee 0.00040494427 0.0 0.4290257 0.76953393 0.9496543
bee 0.0003980556 0.22802599 0.20647417 0.35347158 0.48063457
bee 0.00039515606 0.68164366 0.0 1.0 0.42503208
bee 0.00039467064 0.14194956 0.0 1.0 0.5655781
bee 0.00038116437 0.37558785 0.0 1.0 0.28063738
bee 0.0003795327 0.28551885 0.2136364 0.9284097 1.0
bee 0.00036398732 0.0 0.50116944 1.0 0.88182557
bee 0.00032702353 0.03554496 0.25088534 0.25920826 0.83043706
bee 0.00032463728 0.45531464 0.32810745 0.8440236 0.56568605
bee 0.00032400744 0.35887057 0.32884094 0.71675235 0.5757775
bee 0.00031494888 0.014219798 0.16483712 0.14711776 0.7391716
bee 0.0003117521 0.21102399 0.0 0.81518286 0.2700479
bee 0.00030645748 0.43723768 0.24244191 0.85497767 0.46423697
bee 0.00030489222 0.19419652 0.0 0.92838234 0.37620503
bee 0.00029809316 0.485393 0.24363846 0.86030596 0.67165124
bee 0.0002851099 0.35146555 0.0 0.6526542 0.5854794
bee 0.00027603895 0.29807395 0.48254627 0.5882113 0.8147654
bee 0.00027564864 0.043653503 0.19001526 0.32420713 0.70258707
bee 0.00027523082 0.11787566 0.1662759 0.36007932 0.6270227
bee 0.0002721951 0.013858229 0.9299754 0.054816455 0.9922259
bee 0.000270182 0.0 0.19039345 0.38970095 0.8611592
bee 0.00026780946 0.07892589 0.85006726 0.18987273 0.9091461
bee 0.0002613313 0.0 0.0 0.6338339 0.41135007
bee 0.00025650754 0.15418029 0.1276854 0.42267847 0.7976357
bee 0.00025502368 0.3381573 0.4305598 0.71744573 0.6831364
bee 0.00025312355 0.04040532 0.75226706 0.35731757 0.9613419
bee 0.00024907172 0.0 0.35436702 0.39022568 0.6429759
bee 0.0002447214 0.068240955 0.016320989 0.50550866 0.4815042
bee 0.00024420815 0.62825555 0.36637387 0.86863476 0.813555
bee 0.00024221757 0.0 0.0 0.30322635 0.2614841
bee 0.00024103119 0.031116724 0.64229524 0.39196116 0.8164613
bee 0.00024053417 0.043283463 0.23698705 0.49888414 0.70736223
bee 0.00023588943 0.18213354 0.16150919 0.4573362 0.5184932
bee 0.00023131559 0.09485245 0.49146098 0.3517673 0.8305144
bee 0.00023060541 0.0 0.12504959 0.39771026 0.47851998
bee 0.00022919726 0.15334892 0.0 0.42419988 0.52725834
bee 0.00022911796 0.0 0.0 0.27559334 0.42610896
bee 0.00022781968 0.45912352 0.0631765 0.9611138 0.5151095
bee 0.00022354037 0.005446544 0.6854211 0.01196588 0.8994303
bee 0.0002188887 0.53415847 0.21656367 0.7577244 0.75231314
bee 0.00021651805 0.6460984 0.0 1.0 0.64368665
bee 0.00021113091 0.24551752 0.24954702 0.73552 0.7136505
bee 0.00021112728 0.0 0.5451822 0.4958654 0.9766301
bee 0.0001976153 0.45022732 0.5479416 1.0 1.0
bee 0.00019419852 0.6170241 0.15686798 1.0 0.7925484
bee 0.00019316011 0.31710258 0.52881134 0.68733084 0.7632736
bee 0.00019100739 0.3624147 0.23266314 0.7439717 0.4772337
bee 0.00018739497 0.36451837 0.53732634 0.9429308 0.8619615
bee 0.00018513695 0.14306733 0.35187113 0.748111 0.6662419
bee 0.00018375777 0.27997833 0.3845761 0.626192 0.7630862
bee 0.00018092817 0.0046834797 0.0 0.38814092 0.14213768
bee 0.00017429885 0.25720274 0.03419163 0.6090025 0.278057
bee 0.00017189691 0.7281703 0.43266696 0.95213103 0.8062077
bee 0.00016580099 0.6522944 0.43814558 0.9525242 1.0
bee 0.00016129922 0.10690431 0.5851932 0.3459779 0.88395816
bee 0.00016076687 0.44653106 0.118404664 0.8336849 0.34982544
bee 0.0001596103 0.2861057 0.24130373 1.0 0.684844
bee 0.00015861685 0.54725313 0.3329998 0.8473737 0.9232683
bee 0.00015579344 0.3522363 0.14414191 0.657894 0.8052951
bee 0.000152736 0.7616261 0.019988716 0.961506 0.42291927
bee 0.00015176681 0.0 0.54882693 0.38348317 0.8496009
bee 0.00014902053 0.77821195 0.10580933 0.98593795 0.5388014
bee 0.00014716786 0.24773659 0.43784794 0.6043253 0.6873907
bee 0.00014186311 0.41176635 0.1427471 0.7635376 0.5236737
bee 0.00014140582 0.21724176 0.2813511 0.49952114 0.6304434
bee 0.00013943131 0.24837372 0.33796555 0.5981537 0.5749641
bee 0.00013844129 0.0 0.77630067 0.43595088 1.0
bee 0.00013609498 0.29412663 0.27567244 0.6155192 0.65119743
bee 0.00013453247 0.3966512 0.26318008 0.7444058 0.6659211
bee 0.00013296254 0.0 0.119159 0.36340022 0.33851779
bee 0.00013199881 0.44736105 0.0 0.70111305 0.34551728
bee 0.00013071619 0.43964487 0.43488747 0.8098076 0.6735241
