bee 0.9999521 0.30691832 0.24952543 0.38219953 0.4282552
bee 0.9985268 0.5497606 0.4049504 0.66647875 0.59607166
bee 0.99824667 0.3184725 0.73514 0.39844233 0.8874956
bee 0.9958545 0.45029777 0.008241132 0.50198996 0.16860756
bee 0.94734937 0.39063913 0.20770589 0.48191595 0.43677583
bee 0.90359 0.15172812 0.481965 0.21531919 0.6884034
bee 0.8540589 0.6896038 0.6375736 0.80274403 0.7972168
bee 0.58625126 0.945554 0.6742287 0.997646 0.84469074
bee 0.5659366 0.110358156 0.68124783 0.19499946 0.8646281
bee 0.56162107 0.22370154 0.522057 0.30696756 0.7121336
bee 0.518945 0.91525245 0.5368197 0.99424267 0.70749927
bee 0.30156592 0.8965448 0.4541767 0.9858495 0.5943805
bee 0.018025674 0.89869404 0.4812673 0.9973614 0.65811753
bee 0.008722769 0.0033209794 0.7991011 0.018055344 0.91818154
bee 0.0066171195 0.7799054 0.060838804 0.9875094 0.5509287
bee 0.004977039 0.61808276 0.8869535 0.6812806 0.95808184
bee 0.0033536684 0.0 0.032415032 0.153629 0.63563645
bee 0.0025010377 0.5535677 0.009072721 0.758486 0.4231661
bee 0.0017909851 0.58608085 0.9034911 0.6366057 0.9635605
bee 0.0013527804 0.0 0.20663399 0.116844386 0.8373621
bee 0.001338059 0.39044046 0.2824558 0.45875967 0.44906688
bee 0.0010714281 0.008345096 0.6164398 0.023588747 0.8632388
bee 0.0009101046 0.71184003 0.0 0.9798019 0.4802964
bee 0.0008883621 0.003677452 0.67598933 0.015509224 0.8848317
bee 0.0006687163 0.0 0.0 0.16215248 0.41289902
bee 0.00063253735 0.95794684 0.71755624 0.9977861 0.8573663
bee 0.00057982444 0.6668031 0.8937722 0.7445209 0.9650658
bee 0.00057116733 0.0 0.24649298 0.38715136 0.45366496
bee 0.000555459 0.0 0.026465833 0.3655784 0.62280303
bee 0.00054255535 0.07619643 0.0 0.8969621 1.0
bee 0.00045606174 0.0 0.18869928 1.0 0.78783727
bee 0.00043875392 0.00829978 0.54253596 0.024666961 0.76885957
bee 0.00039655255 0.009285782 0.5664067 0.027262855 0.8315277
bee 0.00038205838 0.0 0.12785539 0.3654454 0.3394856
bee 0.00033368793 0.0 0.12952791 0.41382736 0.48337412
bee 0.00032374624 0.007523638 0.86355937 0.026037756 0.96107876
bee 0.00030223455 0.017141357 0.0 0.48127872 0.82231724
bee 0.0003003442 0.4582475 0.030581221 0.6716215 0.4258548
bee 0.00029554573 0.0 0.4981513 0.7888117 0.93610835
bee 0.00028417882 0.055770487 0.2694229 0.72156346 1.0
bee 0.00027060683 0.0 0.042544752 0.2534792 0.5371336
bee 0.00026765093 0.19303507 0.23952034 0.80025315 0.7831508
bee 0.00025894435 0.061666638 0.43088883 0.3870152 0.689877
bee 0.00025809792 0.0 0.3384417 0.3888942 0.554851
bee 0.00025360764 0.0 0.63689506 0.6349908 1.0
bee 0.00025280158 0.0 0.0 0.29154778 0.26531452
bee 0.00024917835 0.0058253706 0.5452742 0.3474043 0.77108175
bee 0.0002470319 0.46835473 0.0 1.0 0.6415209
bee 0.00024588167 0.004665643 0.47565696 0.048169114 0.8476465
bee 0.00024216909 0.03812556 0.642497 0.34048533 0.8583142
bee 0.00024049377 0.0 0.0 0.37685788 0.14835958
bee 0.00023678128 0.16797215 0.0 1.0 0.5778958
bee 0.00023363564 0.65982884 0.0 1.0 0.32306388
bee 0.00022312302 0.5556233 0.020446002 0.8500272 0.539808
bee 0.00021963673 0.16402137 0.0 0.76028925 0.35154366
bee 0.00021191729 0.12979022 0.0 0.46675923 0.43857324
bee 0.00020956653 0.031304985 0.0 0.7465092 0.6716014
bee 0.00020943691 0.4824413 0.8225095 0.91958284 1.0
bee 0.00020893828 0.3921263 0.0 1.0 0.29816765
bee 0.00020607696 0.03191082 0.7484094 0.34403044 0.96524036
bee 0.00020336297 0.011084033 0.50708175 0.02374162 0.6887939
bee 0.00019647692 0.5139972 0.0 0.92491794 0.39566362
bee 0.00019399347 0.5355431 0.15476565 1.0 0.44220442
bee 0.00019238665 0.62618494 0.8335788 1.0 0.99081206
bee 0.00019234703 0.385289 0.3367745 1.0 1.0
bee 0.00019153045 0.35914803 0.0 0.6414455 0.5056382
bee 0.00018813509 0.41957837 0.016239896 0.72800285 0.34967363
bee 0.00018672628 0.55920124 0.044975407 1.0 0.27227524
bee 0.00018150356 0.63912255 0.0 0.9633301 0.9043475
bee 0.00018033003 0.21078843 0.61401385 1.0 0.9910148
bee 0.00017770853 0.18024826 0.42470285 0.8876052 1.0
bee 0.0001765277 0.0 0.49614415 0.4874878 1.0
bee 0.00017592765 0.0 0.0 0.6254065 0.41064084
bee 0.00017541811 0.4005344 0.917207 0.4925086 1.0
bee 0.00017448877 0.64845407 0.114196435 0.8686558 0.60215867
bee 0.00017227973 0.29281497 0.0 0.6788337 0.6249725
bee 0.00017208404 0.5940652 0.19226387 1.0 0.7852001
bee 0.00017084768 0.2619067 0.67633075 0.8110392 1.0
bee 0.00017061312 0.3293435 0.041841388 0.67816097 0.91327703
bee 0.00016890849 0.0 0.19941117 0.26988202 0.48725986
bee 0.00016838216 0.0 0.22677782 0.39118773 0.88760734
bee 0.00016627452 0.0 0.23884365 0.26177213 0.7435869
bee 0.00016396564 0.42168278 0.049516745 0.8092957 0.26900527
bee 0.00016168618 0.46370047 0.5470607 1.0 1.0
bee 0.0001602673 0.51262605 0.35821933 1.0 0.64524394
bee 0.00015816798 0.5382028 0.25716084 0.8539645 0.72154605
bee 0.00015767783 0.44736955 0.43623334 0.6601739 0.82122403
bee 0.00015616853 0.45388567 0.52364194 0.92847717 0.85053253
bee 0.00015032884 0.7489006 0.089306295 1.0 0.71168476
bee 0.0001500357 0.64977205 0.43648455 0.9489435 1.0
bee 0.00014403801 0.0 0.2931786 0.73808634 0.6855898
bee 0.00014308962 0.0 0.4758045 0.29396617 0.9183305
bee 0.00014012518 0.0 0.7791667 0.44098455 1.0
bee 0.00014006146 0.53594226 0.026548803 0.7067464 0.35926312
bee 0.00013972652 0.35465622 0.17029402 0.64327216 0.78320754
bee 0.00013786889 0.6527803 0.12884936 1.0 0.3358022
bee 0.00013688486 0.25367492 0.045523927 0.44332093 0.41625512
bee 0.00013583945 0.031235076 0.4400682 0.23008254 0.87979144
bee 0.0001354615 0.23168439 0.5203902 0.73677045 0.8672989
bee 0.0001351432 0.2743113 0.24338758 1.0 0.69974315
