bee 0.9999926 0.31563818 0.72282934 0.39366913 0.8887894
bee 0.99916303 0.7032036 0.6576052 0.8035026 0.80654776
bee 0.99736977 0.5505317 0.4295636 0.64993244 0.59608984
bee 0.9698945 0.33333468 0.36822915 0.43081254 0.5338824
bee 0.91501045 0.34544244 0.2228406 0.43440434 0.35420758
bee 0.8806107 0.1151719 0.7497195 0.19584465 0.89706874
bee 0.8738092 0.53834796 0.31264824 0.6225215 0.4637797
bee 0.7613278 0.9315224 0.69751316 0.9961056 0.8518582
bee 0.5697778 0.56638855 4.3846667e-05 0.6145893 0.12060016
bee 0.45937195 0.927465 0.5234423 0.9963359 0.7168866
bee 0.19922566 0.045445036 0.6103891 0.13714668 0.8057749
bee 0.1685445 0.3909988 0.18514204 0.48235002 0.3558551
bee 0.14739461 0.21757892 0.5450788 0.29533193 0.71577185
bee 0.0037417375 0.00043480424 0.79234165 0.010508012 0.91777986
bee 0.003163168 0.9483766 0.5035023 0.9981248 0.68420786
bee 0.0026214996 0.62171584 0.89379966 0.68464035 0.9581697
bee 0.0017284728 0.77269274 0.10048801 0.9914816 0.5664498
bee 0.0013454598 0.5834971 0.9079043 0.6398923 0.9650962
bee 0.0013427178 0.083396845 0.7594438 0.13383672 0.8725049
bee 0.001166159 0.0 0.030131727 0.15053825 0.6287347
bee 0.0011468519 0.0061526033 0.45237958 0.014952444 0.6922624
bee 0.0010452067 0.0 0.74891794 0.006133712 0.91813993
bee 0.000813157 0.77212006 0.019943535 0.9682414 0.44013265
bee 0.00075785705 0.6650476 0.897549 0.7388341 0.9620866
bee 0.0006803394 0.08975214 0.0 0.87836903 1.0
bee 0.0005767882 0.0 0.18086925 1.0 0.78334486
bee 0.00056670234 0.0072760913 0.41494185 0.01913496 0.67888886
bee 0.0005153205 0.7431531 0.048738986 1.0 0.71417785
bee 0.00050155184 0.102552734 0.74800247 0.24866346 0.8963447
bee 0.00048538714 0.0 0.0 0.15980673 0.4075507
bee 0.0004426649 0.6461397 0.046174347 0.8015283 0.40607715
bee 0.00035742557 0.5277327 0.3156579 0.6756465 0.46709818
bee 0.0003523946 0.007625095 0.5096531 0.015551278 0.74024415
bee 0.0003432239 0.023028463 0.75905997 0.32276934 0.9622533
bee 0.00033422408 0.0 0.010691643 0.33430707 0.6110604
bee 0.00030410694 0.0 0.0 0.38097 0.14739718
bee 0.0002997932 0.011293516 0.0 0.49280018 0.8326894
bee 0.00029952612 0.949733 0.65462327 1.0 0.840101
bee 0.00029033658 0.55439866 0.038842037 0.7715206 0.43803465
bee 0.00028846643 0.0 0.0 0.29647338 0.26194474
bee 0.00028666327 0.12608711 0.0 0.47735655 0.42757386
bee 0.0002810586 0.18745801 0.0 0.79478097 0.27465892
bee 0.0002731083 0.373406 0.0 0.99184173 0.26879922
bee 0.00026469777 0.0 0.46001554 1.0 0.91409564
bee 0.00026039142 0.18029344 0.0 0.7445565 0.5328663
bee 0.00025958012 0.4754461 0.0 1.0 0.63319886
bee 0.00025860633 0.19050995 0.0 0.91131175 0.39056116
bee 0.00025818974 0.46751013 0.016616702 0.81187737 0.34989464
bee 0.00025190704 0.0 0.6450017 0.6189128 1.0
bee 0.00025169743 0.39476222 0.020999193 0.6795601 0.30516696
bee 0.00024554547 0.35086668 0.0 0.63585246 0.4930426
bee 0.00023128779 0.06248939 0.2668782 0.70265913 1.0
bee 0.00022812595 0.6811709 0.025474072 1.0 0.4878375
bee 0.00021687134 0.0077474713 0.54780936 0.8090576 1.0
bee 0.00021268667 0.0 0.16088997 0.42148966 0.46608186
bee 0.00021033724 0.0 0.0 0.2613709 0.4450932
bee 0.00020709075 0.4628576 0.8191638 0.92353344 1.0
bee 0.00020552534 0.0 0.0 0.60898465 0.2815928
bee 0.00020337888 0.0 0.66111803 0.302692 0.8634106
bee 0.0002029798 0.3656832 0.19212738 0.5143388 0.3560575
bee 0.00019598241 0.0068941247 0.22634909 0.0562364 0.67261755
bee 0.00019488894 0.4971736 0.36923957 1.0 0.64480555
bee 0.00019123172 0.0 0.022731557 1.0 0.4793017
bee 0.0001886391 0.5602075 0.0 0.9396224 0.82202923
bee 0.00018830845 0.61385924 0.15868527 1.0 0.77121854
bee 0.0001866469 0.21448016 0.6119571 1.0 0.9943199
bee 0.00018637587 0.545181 0.0 0.8655929 0.45801705
bee 0.0001850635 0.38712808 0.34751725 1.0 1.0
bee 0.00018494988 0.3810666 0.11441143 0.6996708 0.3703987
bee 0.00018123983 0.01686728 0.34339905 0.35630032 0.5684806
bee 0.00017579769 0.012002483 0.5580623 0.3103298 0.768818
bee 0.00016855291 0.11275488 0.053804055 0.37214577 0.50142175
bee 0.0001664887 0.18867993 0.43301892 0.88966584 1.0
bee 0.00016498724 0.45067376 0.00782752 0.6562771 0.37320018
bee 0.00016441905 0.0 0.2278618 0.24292827 0.7165671
bee 0.00016425842 0.26561123 0.66682506 0.8106809 1.0
bee 0.0001596925 0.18469682 0.23007378 0.8167808 0.78880155
bee 0.00015896495 0.5025514 0.5540179 1.0 0.8372264
bee 0.00015850451 0.6500491 0.4353985 0.9503828 1.0
bee 0.00015825292 0.0 0.77791214 0.41976127 1.0
bee 0.00015802086 0.0 0.23202878 0.37867224 0.8932627
bee 0.0001551422 0.0 0.13004428 0.37971556 0.34429517
bee 0.00015024515 0.34434602 0.031644672 0.54981935 0.39644197
bee 0.0001453795 0.0 0.0 0.53754956 0.500885
bee 0.00014455868 0.41265428 0.04891503 0.80954385 0.2516422
bee 0.00014288946 0.0 0.5800917 0.2669912 1.0
bee 0.0001408393 0.0 0.48814777 0.48550925 1.0
bee 0.00013961278 0.2376228 0.5245601 0.7226805 0.87395453
bee 0.00013677799 0.6509251 0.053860158 0.90156096 0.56019104
bee 0.00013434493 0.0 0.4726638 0.30761412 0.9230311
bee 0.00013356436 0.38656035 0.7276777 0.9890797 1.0
bee 0.00013094411 0.0 0.7058985 0.0073915003 0.8690742
bee 0.00013074026 0.27634177 0.02239871 0.56869304 0.30008957
bee 0.00012746046 0.0 0.33716816 0.37860006 0.67656213
bee 0.00012417397 0.620881 0.83273846 1.0 0.98723406
bee 0.00012396822 0.27448678 0.515985 0.6455055 1.0
bee 0.00012382504 0.30492657 0.05034157 0.69495976 0.24188963
bee 0.00012171214 0.0 0.2542234 0.5561732 0.78797024
bee 0.00011989009 0.32772022 0.22084382 1.0 0.703043
bee 0.00011919088 0.0 0.011794044 0.014312506 0.05399128
