bee 0.99945277 0.636574 0.74670815 0.7049505 0.8770821
bee 0.99434185 0.71269536 0.79972357 0.78597534 0.8874772
bee 0.98183376 0.33042657 0.7751619 0.41964406 0.88320345
bee 0.9277695 0.38396424 0.079608634 0.4841482 0.23555847
bee 0.0073272237 0.60273504 0.7455501 0.66401684 0.87642545
bee 0.0059138243 0.0027383277 0.80690134 0.020322993 0.9115497
bee 0.0028560574 0.6003051 0.70829743 0.67376745 0.85198337
bee 0.00252765 0.007926874 0.058401972 0.13807365 0.61197984
bee 0.00247283 0.53862685 0.83118373 0.5994585 0.89676565
bee 0.001360928 0.26330665 0.0 0.7693356 1.0
bee 0.0012864316 0.00845436 0.8737908 0.03858591 0.97019356
bee 0.0011619925 0.0 0.18901405 1.0 0.8996041
bee 0.0010064361 0.033132374 0.037041128 0.25681403 0.65693754
bee 0.00089300645 0.53607124 0.016194865 0.7653516 0.38521266
bee 0.0005544181 0.010878146 0.0 0.50946957 0.7883574
bee 0.0005130975 0.0 0.29089588 0.15199563 0.851093
bee 0.0004966709 0.0029404378 0.76361746 0.012782087 0.9081182
bee 0.0004166277 0.012600876 0.92178154 0.06571339 0.99264383
bee 0.00041128564 0.46238214 0.0 1.0 0.91046196
bee 0.00037602082 0.039567888 0.25931764 0.71659774 1.0
bee 0.00037415195 0.20886669 0.0 0.82903826 0.27155936
bee 0.00036367934 0.3723882 0.0 1.0 0.28286242
bee 0.00035617012 0.0 0.0 0.7444012 0.6469584
bee 0.00034530737 0.2419878 0.045818985 0.7445613 0.47941017
bee 0.0003392966 0.0 0.53460205 0.8903787 0.9480252
bee 0.00032142334 0.6491517 0.8039651 0.7139243 0.88700867
bee 0.00031766653 0.5104344 0.2884646 1.0 1.0
bee 0.00030522232 0.2475465 0.032698542 1.0 0.42949903
bee 0.00030427313 0.06328496 0.024928808 0.44150147 0.35383475
bee 0.00030271788 0.0 0.0 0.29917717 0.25930363
bee 0.0002952033 0.46817327 0.022840574 0.8102087 0.2853073
bee 0.00029151677 0.0 0.0 0.39202178 0.6216856
bee 0.00029077704 0.5022534 0.0 0.93289363 0.3915094
bee 0.00028713152 0.034302637 0.25463864 0.5046103 0.71143126
bee 0.00027386917 0.360077 0.0 0.6445097 0.50287765
bee 0.00026930144 0.0 0.5407839 0.34935558 0.7567239
bee 0.0002625105 0.38238415 0.030687444 0.74392164 0.26867524
bee 0.00026220534 0.0 0.0 0.8539847 0.37631372
bee 0.0002472982 0.15227717 0.12392819 0.42319804 0.81814003
bee 0.00024239339 0.7716824 0.018535048 0.9635954 0.42440584
bee 0.00024059105 0.13494208 0.1428623 0.3614363 0.6233608
bee 0.00023172265 0.041184753 0.752203 0.3543275 0.9629569
bee 0.00022639918 0.0 0.0 0.62242776 0.27656615
bee 0.00021866175 0.0 0.0 0.38234392 0.14235713
bee 0.00021545151 0.6728616 0.0 1.0 0.42462996
bee 0.00021387773 0.0 0.21484432 0.38768166 0.8772291
bee 0.00021221935 0.11762877 0.051295117 0.36926174 0.51615226
bee 0.00020992511 0.15845288 0.0 0.4231968 0.55290306
bee 0.00020880703 0.23649889 0.25718686 0.74655455 0.7112894
bee 0.00020859629 0.7853693 0.07837136 0.9806347 0.527135
bee 0.00020549654 0.3505441 0.145246 0.64983976 0.8165201
bee 0.00020344269 0.0 0.0 0.27143037 0.4400887
bee 0.0001988939 0.0 0.22605379 0.39610407 0.45094395
bee 0.00019792303 0.5431579 0.12683783 0.7602524 0.56102544
bee 0.00019568068 0.0 0.5440522 0.4974943 0.9801213
bee 0.00019252833 0.82350177 0.37297752 1.0 0.8699002
bee 0.00019079479 0.5588015 0.0 0.86304635 0.55790913
bee 0.00018169144 0.21718538 0.16981283 0.46620977 0.56544507
bee 0.00018115724 0.06781453 0.449057 0.51209134 0.88415575
bee 0.00018033363 0.13338877 0.34970942 0.42414045 0.9740188
bee 0.00017833641 0.0 0.35979167 0.5700345 0.6569166
bee 0.00016933371 0.46934056 0.2454691 0.86687386 0.47043097
bee 0.00016607266 0.47132164 0.33836806 0.8453253 0.5675177
bee 0.00016134353 0.022012472 0.8883401 0.25346252 0.99714243
bee 0.00015877043 0.0 0.7783669 0.43341452 1.0
bee 0.00015781968 0.45487416 0.05436644 0.98252285 0.53639364
bee 0.00015601747 0.030711561 0.6408116 0.370499 0.8518166
bee 0.00015195954 0.0 0.13020095 0.35453123 0.33440405
bee 0.00015011913 0.33497232 0.38647315 0.64346236 1.0
bee 0.00014785721 0.3496164 0.3318829 0.69676125 0.57188463
bee 0.00014778154 0.24238878 0.6042187 1.0 1.0
bee 0.00014299592 0.6587423 0.47290415 0.9567555 1.0
bee 0.00014191236 0.0 0.0 0.14697811 0.4047619
bee 0.00014126068 0.4408206 0.028324887 0.6647228 0.38657695
bee 0.00014075311 0.24898049 0.3378462 0.60224247 0.5735493
bee 0.00013937747 0.48627988 0.28922635 1.0 0.6793813
bee 0.00013884582 0.31145358 0.15260805 0.9444871 0.480758
bee 0.0001387615 0.08121431 0.04282885 0.44987905 0.23742953
bee 0.00013829867 0.6368269 0.0 0.9598005 0.88461304
bee 0.00013770202 0.19417292 0.556504 0.76817375 0.86437285
bee 0.00013390752 0.45766908 0.46542895 0.9543405 0.91708684
bee 0.00012976576 0.2818026 0.66675377 0.7817866 1.0
bee 0.00012917897 0.25370148 0.041375414 0.6207416 0.27416927
bee 0.00012839632 0.22935718 0.07931566 0.46564257 0.4350809
bee 0.00012507224 0.0067238538 0.68501395 0.013122697 0.90269846
bee 0.00012478014 0.34993786 0.54434896 0.73205036 0.75523984
bee 0.00012181002 0.36000404 0.2260051 0.7253231 0.47228858
bee 0.000119642384 0.0 0.3338892 0.36635387 0.6840616
bee 0.00011931039 0.0 0.48427713 0.32692188 1.0
bee 0.00011846174 0.0 0.120211974 0.375235 0.48388857
bee 0.00011785703 0.28507882 0.46251333 0.7279919 0.90022993
bee 0.00011544985 0.9904159 0.8412425 1.0 0.88150877
bee 0.00010982242 0.0 0.158808 0.5743176 0.4652865
bee 0.00010963856 0.68365973 0.20183574 0.9825843 0.6999404
bee 0.00010772169 0.0 0.693105 0.550253 1.0
bee 0.00010731876 0.308375 0.18839967 0.59381175 0.524721
bee 0.00010673183 0.0 0.64506793 0.17643818 1.0
bee 0.00010523702 0.39781415 0.10506345 0.74508417 0.3807217
bee 0.00010400961 0.29880187 0.0 0.72241807 0.34503627
bee 0.00010362648 0.7325049 0.87626076 0.9709272 1.0
