bee 0.99995923 0.33813262 0.7672271 0.41934782 0.8864991
bee 0.96197546 0.54935515 0.7888234 0.61990166 0.8861634
bee 0.82365125 0.684079 0.7801335 0.78208584 0.88772595
bee 0.581886 0.3560941 0.05232551 0.45904347 0.23701763
bee 0.012521434 0.0022593616 0.80594045 0.017536711 0.92108744
bee 0.011373868 0.014301486 0.046021223 0.17042956 0.60054404
bee 0.0040795463 0.00845699 0.014403164 0.27199638 0.6244506
bee 0.0031150202 0.00676661 0.87250006 0.032351043 0.9718461
bee 0.0017754094 0.47565037 0.030082285 0.8410056 0.39439258
bee 0.0014485159 0.006978832 0.47099185 0.1287502 0.84598196
bee 0.0013956665 0.0 0.0 0.91773075 1.0
bee 0.0012625831 0.00231753 0.75517637 0.010281465 0.9269704
bee 0.0011452553 0.2787557 0.0 0.78610873 1.0
bee 0.0010834722 0.0 0.22387815 1.0 0.81279886
bee 0.00085896 0.70223767 0.0 1.0 0.54961383
bee 0.0008457526 0.12253446 0.045664907 0.36131805 0.5190952
bee 0.00082190183 0.47500855 0.0 1.0 0.9090571
bee 0.00074774993 0.006587535 0.0 0.5096543 0.78572625
bee 0.00074484514 0.0 0.5370538 0.3846177 0.7605096
bee 0.0007237728 0.008292079 0.44242084 0.07896769 0.8512533
bee 0.0007182816 0.0022261553 0.22170947 0.05986589 0.67462546
bee 0.0006940828 0.0 0.11726195 0.37498236 0.3393352
bee 0.0006909318 0.032890327 0.17112818 0.26292467 0.7511791
bee 0.0006517177 0.38636854 0.0 1.0 0.27533734
bee 0.0006386099 0.0 0.165923 0.43413678 0.45924258
bee 0.0005838188 0.0032605603 0.38285533 0.15699273 0.8861325
bee 0.0005769889 0.011674976 0.92115825 0.056711756 0.99500173
bee 0.0005682533 0.028721973 0.43619156 0.2646358 0.92592716
bee 0.0005602511 0.62551403 0.22590752 0.95619226 0.65368944
bee 0.00054762827 0.29771414 0.0 0.6838995 0.54785496
bee 0.0005328732 0.5125024 0.29313606 1.0 1.0
bee 0.00053117593 0.5387495 0.03443207 0.7754906 0.43496966
bee 0.0005285859 0.0 0.53522813 0.85742307 0.96089244
bee 0.0005277693 0.031597137 0.2583717 0.72333586 1.0
bee 0.0005150688 0.82065517 0.3136718 1.0 0.8446449
bee 0.0005102115 0.4598177 0.052738726 0.9648735 0.520772
bee 0.00047524122 0.19784838 0.0 0.9226219 0.37559217
bee 0.000463073 0.6464335 0.116186604 0.89639354 0.6027022
bee 0.0004609452 0.649968 0.0 1.0 0.33580253
bee 0.00042250744 0.10436535 0.0 1.0 0.5826315
bee 0.0004065958 0.36589178 0.033349246 0.768538 0.25811863
bee 0.0003945638 0.0060443124 0.6716221 0.014234935 0.9189257
bee 0.00039197062 0.010089427 0.4763661 0.020874517 0.74467367
bee 0.00037757691 0.0 0.36049545 0.42095977 0.6531292
bee 0.00037711897 0.0 0.0 0.47507766 0.3628931
bee 0.0003744283 0.20331162 0.14889728 0.77709794 0.462107
bee 0.00034401636 0.23044446 0.2503314 0.74322736 0.70942515
bee 0.00034229524 0.005872375 0.35657784 0.017969575 0.6533232
bee 0.00033828485 0.35162655 0.13081333 0.64981985 0.7951095
bee 0.0003381127 0.030495763 0.6451125 0.3804877 0.8550886
bee 0.00033516667 0.0 0.02277182 0.17504975 0.40358424
bee 0.00033254115 0.00306103 0.35684592 0.064142674 0.78712636
bee 0.0003288362 0.0 0.0 0.37047523 0.5105324
bee 0.00032541476 0.0 0.0 0.29605484 0.2562245
bee 0.00032073984 0.0079303365 0.41214684 0.018998459 0.68120944
bee 0.00031903078 0.041355506 0.23275514 0.49819452 0.71255046
bee 0.00031901436 0.0 0.18830812 0.39357212 0.86237967
bee 0.000311597 0.092920765 0.46659654 0.37340707 0.8270373
bee 0.00030956723 0.045623064 0.7518687 0.36241713 0.96638656
bee 0.0003067106 0.0 0.0 0.3835856 0.14261803
bee 0.00030414408 0.15003212 0.12210643 0.42225927 0.7884383
bee 0.00030315717 0.1084511 0.19882335 0.3593476 0.65594804
bee 0.00028675701 0.05496539 0.3329143 0.44089442 0.56178665
bee 0.00028585896 0.5628611 0.0 0.8569461 0.558602
bee 0.00028046677 0.0 0.5402471 0.5094996 0.9884435
bee 0.00026987307 0.027198412 0.8868161 0.26149285 0.9970005
bee 0.00026642124 0.4580968 0.3358513 0.84186214 0.5666833
bee 0.0002662062 0.0 0.07496849 0.25610778 0.37792543
bee 0.00025889472 0.6011938 0.15176648 1.0 0.772446
bee 0.0002553648 0.00821797 0.29842246 0.019401206 0.61166596
bee 0.00025221487 0.3485093 0.23632854 1.0 0.7022582
bee 0.00024901828 0.15983133 0.0 0.4289251 0.59374154
bee 0.0002476174 0.7272756 0.87537044 0.97777545 1.0
bee 0.0002449992 0.22740029 0.21375096 0.34848553 0.49401176
bee 0.0002403331 0.0020323768 0.076711625 0.06519472 0.5932661
bee 0.00023703833 0.25686085 0.19361338 0.6981066 0.91362107
bee 0.00022586921 0.11164304 0.33966577 0.35287634 0.76504135
bee 0.00021914767 0.21255821 0.1410057 0.45236486 0.53659225
bee 0.0002180663 0.4527554 0.22797874 0.8598979 0.45798543
bee 0.00021776275 0.58704036 0.3262155 0.9504884 0.5846943
bee 0.00021523242 0.2128256 0.6065198 1.0 0.9991735
bee 0.00021390937 0.7699051 0.11519155 1.0 0.79398406
bee 0.0002088827 0.49513695 0.11426389 0.8417698 0.49400288
bee 0.0002072486 0.0 0.48094144 0.322053 1.0
bee 0.00019907964 0.09356156 0.5894836 0.34773785 0.8788924
bee 0.00019796626 0.23256865 0.06503175 0.45846543 0.41577697
bee 0.00019671948 0.010809628 0.25748777 0.022179754 0.55669135
bee 0.00018850624 0.6490809 0.38012666 0.8830538 0.80179054
bee 0.00018794432 0.44726354 0.0 0.6893037 0.34345022
bee 0.0001841252 0.34540784 0.33554295 0.70546913 0.56810737
bee 0.00017736387 0.055005327 0.40982538 0.37716675 0.7165472
bee 0.00017144089 0.44927534 0.1185846 0.8457699 0.34544376
bee 0.00016995452 0.013150541 0.5238203 0.027646719 0.80466413
bee 0.0001674125 0.13539547 0.34450996 0.42017 0.9683211
bee 0.00016667199 0.651107 0.43236658 0.95099515 1.0
bee 0.0001662972 0.0 0.77708316 0.43745932 1.0
bee 0.00016592689 0.34041658 0.14813685 0.9501829 0.46749288
bee 0.00016542658 0.22896913 0.039205573 0.6265447 0.24077788
bee 0.00016123295 0.07731593 0.44544515 0.5052561 0.8736234
bee 0.00016067585 0.08329055 0.037879094 0.44885078 0.24619229
