bee 0.9998253 0.4003869 0.1564431 0.50075567 0.30067784
bee 0.99939775 0.15740746 0.8392162 0.20901906 0.9065893
bee 0.9988959 0.7136718 0.65488565 0.8041624 0.82740974
bee 0.9986841 0.80875343 0.7305148 0.8887692 0.8711998
bee 0.9814773 0.31642896 0.7031152 0.38864022 0.872756
bee 0.97711414 0.16496618 0.54338324 0.27851468 0.6982609
bee 0.94817936 0.57605267 0.122749195 0.6815597 0.26139092
bee 0.89629847 0.92283475 0.56924975 0.9958314 0.7197162
bee 0.8753314 0.92968255 0.6904893 0.99326473 0.8408991
bee 0.61531824 0.5274479 0.4412024 0.62197214 0.65013623
bee 0.4630085 0.0052831247 0.6023699 0.06988851 0.77318764
bee 0.059077352 0.0 0.009018093 0.18252099 0.62469494
bee 0.017110584 0.004348377 0.79752624 0.019040972 0.9302747
bee 0.0073248125 0.0101292245 0.8676795 0.035304442 0.9662725
bee 0.004123195 0.20994274 0.23473106 0.33695573 0.5132838
bee 0.002581007 0.0 0.22085254 0.38703746 0.44596934
bee 0.0018294984 0.006155289 0.68230015 0.033090997 0.850732
bee 0.0013839586 0.01588796 0.9281305 0.062298603 0.9932685
bee 0.0013449832 0.0 0.18370336 0.24578628 0.5051444
bee 0.0010878723 0.0 0.0 0.16606182 0.3985698
bee 0.00075641874 0.0 0.12801741 0.37312916 0.33595383
bee 0.0007227182 0.0 0.33395094 0.36819297 0.5665527
bee 0.00069725816 0.0 0.0 0.34288114 0.6374176
bee 0.0006538155 0.09256378 0.0 0.90407515 1.0
bee 0.00060543284 0.0 0.20958471 0.22919658 0.7105611
bee 0.0005481442 0.0 0.17480373 1.0 0.7897184
bee 0.00044178934 0.03273286 0.876269 0.12880844 0.96763825
bee 0.00040715124 0.042206332 0.008289605 0.2561344 0.56121993
bee 0.00037296893 0.0 0.07801448 0.26573518 0.38085908
bee 0.0003592998 0.82081676 0.30335912 0.9245311 0.63409626
bee 0.00035651983 0.0 0.43711522 0.3425227 0.6676527
bee 0.00035506912 0.9449904 0.6633861 1.0 0.8283334
bee 0.00034006246 0.011913747 0.0 0.49272123 0.80739
bee 0.00033207415 0.0058790743 0.7645433 0.32368132 0.9651654
bee 0.00033007844 0.0 0.20673811 0.3920787 0.87598443
bee 0.00030505244 0.035578102 0.5478548 0.34989652 0.76120293
bee 0.00030364603 0.0 0.46048874 1.0 0.9153113
bee 0.00030212363 0.03983465 0.26721823 0.7083212 1.0
bee 0.00027706142 0.030052245 0.0 0.72306496 0.67660224
bee 0.00027062543 0.49099913 0.0 1.0 0.6421894
bee 0.00027019126 0.009312205 0.92306316 0.14528036 0.99666286
bee 0.00026807512 0.0 0.6562664 0.323215 0.85483736
bee 0.0002666525 0.0 0.29846305 0.25863308 0.60988635
bee 0.0002632564 0.17389002 0.0 1.0 0.59660196
bee 0.0002613575 0.20568961 0.61477816 1.0 0.99712324
bee 0.00025902508 0.74113905 0.013138235 0.98685634 0.5326626
bee 0.00025767408 0.09766218 0.8833584 0.17785448 0.9567992
bee 0.00025420438 0.0016514957 0.5499385 0.8214396 1.0
bee 0.00024457116 0.11933765 0.8382826 0.18469146 0.90797293
bee 0.00024305761 0.0 0.0 0.6227846 0.40143055
bee 0.00024293781 0.0 0.0 0.29062456 0.26289162
bee 0.00023902641 0.13800587 0.0 0.4758402 0.44430736
bee 0.00023358932 0.18164364 0.21649262 0.8114319 0.7791747
bee 0.00023046035 0.29266268 0.0 0.67637247 0.55229115
bee 0.00022634718 0.15043858 0.0 0.77100563 0.3424874
bee 0.00022473134 0.0 0.28382632 0.7170156 0.7049545
bee 0.00022310727 0.38608107 0.3521679 1.0 1.0
bee 0.00021971526 0.056271363 0.8439758 0.12044796 0.91085255
bee 0.00021932197 0.0 0.0 0.37975767 0.14738649
bee 0.00021827973 0.5211617 0.02315861 0.9563341 1.0
bee 0.0002149441 0.60512066 0.10533074 0.7612622 0.26090616
bee 0.00021154562 0.7829728 0.7321733 0.9311354 0.87858796
bee 0.00020817982 0.1397108 0.0856642 0.34626395 0.5572494
bee 0.00018826248 0.35366687 0.0 0.98574793 0.2737589
bee 0.00018661487 0.2089169 0.15882127 0.7617742 0.45730227
bee 0.00018637213 0.6498124 0.43326455 0.9514778 1.0
bee 0.00018483831 0.017974988 0.2697962 0.15135823 0.75680894
bee 0.00018037217 0.3339162 0.23626149 1.0 0.69392383
bee 0.00017697111 0.58239436 0.8982943 0.63872576 0.96331024
bee 0.00016866514 0.62115145 0.15773219 1.0 0.78337437
bee 0.00016236241 0.0 0.48876116 0.48450157 1.0
bee 0.00015778659 0.28845617 0.24779059 0.7116293 0.68471354
bee 0.00015265447 0.0 0.7796365 0.43037593 1.0
bee 0.00015134281 0.3288582 0.048972994 0.665888 0.90793586
bee 0.00015031779 0.14335722 0.15176323 0.4256397 0.7839109
bee 0.00014744695 0.0 0.64980876 0.32252556 1.0
bee 0.00014525757 0.0 0.0 0.42721564 0.30384824
bee 0.00014020284 0.5409723 0.0 0.86779016 0.44606635
bee 0.00013985022 0.27025005 0.5051677 0.64312077 1.0
bee 0.00013917362 0.0031309426 0.35427198 0.5691968 0.654708
bee 0.00013748332 0.0 0.6856164 0.17239049 1.0
bee 0.000136338 0.8405729 0.0 1.0 0.51582533
bee 0.00013314588 0.51314354 0.11889747 0.65879285 0.2625512
bee 0.00013289714 0.0033773556 0.85075235 0.1556991 0.9765712
bee 0.00013270188 0.4087101 0.71834755 0.9809886 1.0
bee 0.00013268847 0.08369839 0.26116803 0.5163899 0.695999
bee 0.00012919794 0.0 0.42385668 0.22603676 0.95489186
bee 0.00012492812 0.0 0.5342238 0.35010448 0.8685019
bee 0.00012242766 0.017808616 0.55470645 0.5329795 0.8564472
bee 0.000121274585 0.45500177 0.037112325 0.80776054 0.2782137
bee 0.00012051177 0.9451875 0.73577374 0.99676615 0.84083825
bee 0.000117865806 0.6710846 0.0 1.0 0.32278934
bee 0.00011721527 0.21107438 0.35529143 0.7432116 0.65231115
bee 0.00011628402 0.4977803 0.37418467 1.0 0.6341321
bee 0.00011188468 0.47459364 0.5312588 0.9197005 0.8652656
bee 0.00011008936 0.22778007 0.5491124 0.729149 0.85674375
bee 0.00010676054 0.026453465 0.5115843 0.28110382 0.80161166
bee 0.00010478371 0.25222132 0.30793738 0.31771818 0.5049807
bee 0.00010336052 0.7721809 0.030096129 0.96307516 0.4107604
bee 0.00010078451 0.62356806 0.51607007 1.0 0.8607897
