bee 0.9999944 0.65930676 0.7551812 0.7250109 0.88668656
bee 0.9999385 0.5174844 0.3259988 0.57138395 0.44921806
bee 0.9985545 0.4026566 0.10124448 0.490667 0.28191388
bee 0.88904667 0.33241022 0.77469677 0.4192047 0.8824609
bee 0.88801235 0.6142423 0.7284044 0.68241405 0.8732418
bee 0.013034175 0.0018169209 0.80775815 0.019879919 0.9136451
bee 0.005596126 0.0065541742 0.87350345 0.037190624 0.9729831
bee 0.0021197714 0.015194267 0.060028136 0.1571385 0.59847516
bee 0.0019618687 0.7240419 0.0 1.0 0.6317419
bee 0.0018679135 0.60074323 0.7453054 0.6650589 0.8817829
bee 0.0016251258 0.04086259 0.0 0.8942373 1.0
bee 0.0016185273 0.27698386 0.0 0.7762834 1.0
bee 0.0012722792 0.0 0.21142364 1.0 0.85490274
bee 0.0010089258 0.0 0.5394211 0.342852 0.74935687
bee 0.0009992147 0.54054236 0.03187801 0.76658857 0.43462586
bee 0.0007459927 0.021725714 0.051358074 0.25814164 0.6275586
bee 0.0007045352 0.0 0.40534782 0.17152849 0.8941653
bee 0.0006007044 0.01249719 0.91988635 0.06351502 0.9937545
bee 0.0005552902 0.0070523024 0.0 0.50857264 0.8055688
bee 0.0005543639 0.0031707552 0.7647506 0.012075961 0.90818477
bee 0.0005103394 0.010034829 0.46321833 0.26361027 0.91204906
bee 0.0004954566 0.48934639 0.2899478 1.0 1.0
bee 0.0004360589 0.13113604 0.10133812 0.3618278 0.6169479
bee 0.000434897 0.027255893 0.24029434 0.7124163 1.0
bee 0.0004347349 0.4416786 0.0 1.0 0.8627495
bee 0.0004057749 0.0 0.0 0.6812818 0.5895592
bee 0.00039813278 0.0 0.53828883 0.92618716 0.94498646
bee 0.00038444382 0.50182736 0.0 0.9284321 0.3850038
bee 0.00037420244 0.46828815 0.06466217 0.97471 0.5265014
bee 0.00037211392 0.7811147 0.07376662 0.9887532 0.53716695
bee 0.0003691586 0.76967657 0.0033069104 0.97345173 0.42938858
bee 0.0003608053 0.37088996 0.0 1.0 0.2763472
bee 0.00035555687 0.19634736 0.0 0.8213978 0.2722658
bee 0.0003387255 0.14422894 0.0 1.0 0.60072696
bee 0.00033131617 0.19868189 0.057999134 1.0 0.4405528
bee 0.00031723283 0.840661 0.28961188 1.0 0.8657319
bee 0.000306772 0.29045674 0.0 0.67986214 0.5551204
bee 0.00030143315 0.0 0.20253319 0.39287245 0.8718043
bee 0.00028422434 0.0004227683 0.14026543 0.16838226 0.72842705
bee 0.00026513397 0.20038775 0.15547656 0.749521 0.4595909
bee 0.00026112856 0.026457325 0.6393104 0.37336004 0.8495093
bee 0.0002565156 0.56282246 0.0 0.865872 0.5526317
bee 0.00025631342 0.04425423 0.2446975 0.5078612 0.705408
bee 0.00025528081 0.070456296 0.01908639 0.50666237 0.5061872
bee 0.0002541462 0.043411866 0.19476296 0.32420653 0.6933907
bee 0.00024321406 0.0 0.35959542 0.40707076 0.64782274
bee 0.00024048073 0.0 0.0 0.3722248 0.52500194
bee 0.00023597312 0.6463622 0.018843547 1.0 0.4717527
bee 0.00023573317 0.0 0.5510328 0.49133322 0.97305644
bee 0.00023491823 0.31801817 0.15343927 0.96142745 0.47407943
bee 0.00023483651 0.0035106093 0.0 0.3805201 0.14651325
bee 0.0002345628 0.6283721 0.13041013 1.0 0.74793
bee 0.00023272875 0.014183775 0.2101728 0.41536337 0.44808426
bee 0.00023135 0.15633923 0.12186527 0.4231801 0.80468357
bee 0.00023042849 0.04443404 0.7505581 0.35651952 0.9618549
bee 0.00022350776 0.0 0.0 0.29809564 0.26380146
bee 0.0002231258 0.0 0.0 0.4707764 0.35254166
bee 0.0002171958 0.7316469 0.8706412 0.9739976 1.0
bee 0.0002166318 0.07552253 0.44394404 0.5151019 0.8858879
bee 0.00020884325 0.16949373 0.18492481 0.7598289 0.7541325
bee 0.00020455956 0.24198252 0.24828923 0.90844303 0.6592964
bee 0.00020274111 0.23637927 0.2523965 0.83584523 0.9257444
bee 0.00019008572 0.5248196 0.28184336 1.0 0.6969979
bee 0.00018820683 0.37561297 0.026646063 0.7269062 0.27802235
bee 0.00018730474 0.33538988 0.0 0.66793644 0.88966227
bee 0.00018606088 0.31947714 0.3870396 0.5695347 0.76811415
bee 0.00018404008 0.76379895 0.15808922 1.0 0.8552447
bee 0.00018283479 0.43690974 0.34302014 0.8189066 0.55654943
bee 0.00018052322 0.13825703 0.35347205 0.42873156 0.9880485
bee 0.00017606057 0.0 0.0 0.86939764 0.376887
bee 0.00017310304 0.0 0.7784559 0.4258008 1.0
bee 0.0001725714 0.65900517 0.2971785 0.84814715 0.79494333
bee 0.00017188216 0.0 0.0 0.25725856 0.44066906
bee 0.00016402913 0.23324981 0.22859186 0.3486834 0.4996938
bee 0.0001606161 0.2742972 0.6667722 0.7949878 1.0
bee 0.00015739995 0.46498334 0.25445896 0.84366417 0.46960938
bee 0.00015699837 0.48724148 0.55096567 1.0 0.83527064
bee 0.00015253965 0.20494777 0.18365632 0.4666283 0.5288231
bee 0.00015009007 0.39699936 0.72376245 0.9852321 1.0
bee 0.00014495179 0.5340104 0.17854755 0.8048233 0.50505704
bee 0.00014415316 0.0058810366 0.67761683 0.011465509 0.90818584
bee 0.0001435818 0.5613243 0.4762532 0.7486406 0.90674704
bee 0.00014252737 0.19490531 0.34655267 0.7392355 0.6801148
bee 0.00014127228 0.44963837 0.04445444 0.65949905 0.40860355
bee 0.00014033754 0.2058289 0.59468406 1.0 1.0
bee 0.00013851286 0.24051416 0.34365803 0.6061927 0.5581982
bee 0.00013725867 0.2315274 0.4479512 0.6096053 0.67458785
bee 0.00013504195 0.0 0.4444705 0.33959788 0.6479753
bee 0.00013389246 0.668454 0.54859114 1.0 0.74194634
bee 0.00013358652 0.4722637 0.64477396 0.8354621 0.8493415
bee 0.0001329244 0.037287936 0.21701229 0.24804635 0.7985188
bee 0.00013245245 0.07079111 0.5219747 0.38257623 0.8070024
bee 0.00013141331 0.0 0.12376412 0.368476 0.338679
bee 0.0001310012 0.48597306 0.019612804 0.8085405 0.30314696
bee 0.0001294263 0.0 0.40444043 0.35442418 0.99207234
bee 0.00012933747 0.6438517 0.14437255 0.8478872 0.64617646
bee 0.0001279977 0.0 0.59843683 0.28248042 1.0
bee 0.00012362223 0.19584712 0.5497726 0.7520373 0.86413133
bee 0.00012140289 0.56674725 0.17009541 1.0 0.45969883
bee 0.00012113853 0.0 0.15445568 0.5755304 0.463997
