bee 0.99999475 0.34887022 0.7836823 0.41739613 0.8839298
bee 0.9977653 0.37718076 0.10273143 0.50368816 0.2844005
bee 0.960151 0.6828254 0.7683777 0.7578754 0.8778325
bee 0.9294382 0.55783373 0.79819226 0.6184842 0.88561773
bee 0.4600423 0.9296279 0.45744118 0.9942796 0.6490503
bee 0.017715419 0.47971597 0.0062388107 0.53355557 0.10211557
bee 0.008819422 0.0030668532 0.81093407 0.017662019 0.91702914
bee 0.00447703 0.008124669 0.87461436 0.035954278 0.9705664
bee 0.0027136558 0.5339091 0.017513186 0.8017912 0.35000515
bee 0.0016733388 0.0 0.037467808 0.2069596 0.6294651
bee 0.0012128927 0.099725634 0.0 0.8700725 1.0
bee 0.0010787798 0.0 0.17182675 1.0 0.8891562
bee 0.0009535771 0.012188589 0.92449945 0.06648298 0.992569
bee 0.0005830731 0.0 0.013296425 0.34352076 0.65364236
bee 0.0004585628 0.0 0.0 0.50986797 0.8148453
bee 0.00044583678 0.68275136 0.012972668 1.0 0.46881998
bee 0.00043612235 0.770928 0.088015825 0.9894595 0.57348263
bee 0.00041412716 0.0 0.41908598 0.7662525 0.95169747
bee 0.0003990643 0.43682665 0.0 1.0 0.8664398
bee 0.0003768302 0.9842915 0.8309438 0.9995366 0.8869902
bee 0.0003733878 0.0 0.0 0.6948446 0.59185183
bee 0.00037007526 0.3788502 0.36717504 1.0 1.0
bee 0.00036694112 0.114466265 0.094382 0.364802 0.5705692
bee 0.00036189627 0.15140754 0.0 1.0 0.56994283
bee 0.00032777266 0.2903527 0.0 0.6806285 0.5406126
bee 0.00030575937 0.20708007 0.0 0.8113771 0.27069548
bee 0.0003042766 0.72698164 0.8739976 0.9764705 1.0
bee 0.00029346155 0.38216433 0.0 1.0 0.2801223
bee 0.00028991475 0.55174804 0.101258874 0.77466 0.5616143
bee 0.00027614948 0.0 0.1383961 0.39109254 0.4878757
bee 0.00027463867 0.2288529 0.17157313 0.4649736 0.5556365
bee 0.00027102928 0.06551483 0.0260614 0.5066047 0.4936605
bee 0.00026283305 0.50100106 0.0 0.9354915 0.39523596
bee 0.00025662498 0.0 0.0 0.48688942 0.3626656
bee 0.0002533249 0.033446144 0.89237374 0.14547296 0.9732024
bee 0.00023001341 0.0 0.2682311 0.6122807 0.7094598
bee 0.00022640632 0.0 0.0 0.29599202 0.2654229
bee 0.00021962165 0.47307366 0.33647668 0.8183325 0.56290454
bee 0.00021842358 0.77445114 0.020895302 0.9753319 0.42752552
bee 0.00021692326 0.0 0.0 0.83697325 0.37559462
bee 0.00021593008 0.7426019 0.41739264 0.9416306 0.8124455
bee 0.00020347818 0.37154734 0.041151643 0.7472601 0.2588711
bee 0.00020318892 0.0020745576 0.76833147 0.008707472 0.9099476
bee 0.00019745954 0.15618034 0.0 0.42969579 0.53946865
bee 0.0001950505 0.0 0.0 0.26204342 0.43887663
bee 0.00019243582 0.2177161 0.6129733 1.0 1.0
bee 0.00018764779 0.04591532 0.75221884 0.36071718 0.95784426
bee 0.00018099479 0.65202695 0.43729204 0.95403796 1.0
bee 0.00017989965 0.5063845 0.5485946 1.0 0.85069704
bee 0.0001777453 0.27303034 0.23259954 1.0 0.6912842
bee 0.00017581429 0.18597713 0.1479966 0.7551762 0.46305066
bee 0.00017501663 0.17702842 0.1944423 0.7649771 0.75565386
bee 0.00017299727 0.63182735 0.0 0.9598899 0.8521614
bee 0.00017278708 0.22522327 0.25522146 0.8347622 0.94210553
bee 0.00017007791 0.72059536 0.31390005 0.93938804 0.7431943
bee 0.00016977296 0.0 0.6196123 0.56404644 1.0
bee 0.0001648234 0.65053505 0.3677767 0.87407714 0.8127884
bee 0.00016243425 0.08089651 0.85602564 0.18895598 0.91023153
bee 0.00016237449 0.5329629 0.07675932 1.0 0.4910664
bee 0.00015795804 0.46295053 0.25271314 0.85505193 0.4753067
bee 0.00015576862 0.0 0.0 0.38193512 0.14466864
bee 0.00015559183 0.75934607 0.5210155 0.9637502 0.90125203
bee 0.00014748478 0.5650961 0.0 0.8706507 0.56681097
bee 0.00014537909 0.50720793 0.25414905 0.827225 0.6668209
bee 0.00014401288 0.020150736 0.09020889 0.2923957 0.7921506
bee 0.0001425279 0.27395678 0.66823566 0.79049706 1.0
bee 0.00014087395 0.0 0.12456608 0.36294067 0.33976296
bee 0.00013825382 0.15588592 0.11891979 0.4310434 0.7881044
bee 0.00013711688 0.33850074 0.16693929 0.5530128 0.5407113
bee 0.00013705922 0.35732865 0.3328848 0.6862407 0.5729152
bee 0.00013634126 0.6330255 0.040568307 0.92844284 0.51347375
bee 0.00013380196 0.9674709 0.57351875 0.998366 0.74279606
bee 0.0001318882 0.13436733 0.20293416 0.3553542 0.67158526
bee 0.00013097846 0.53140146 0.4548939 0.84951097 0.90630263
bee 0.00013084775 0.24075471 0.34019876 0.6027746 0.5668814
bee 0.0001300947 0.50238204 0.34992564 1.0 0.6359589
bee 0.00012995907 0.32372007 0.0 0.6655837 0.86351377
bee 0.00012918586 0.54924786 0.25578135 1.0 0.72256887
bee 0.00012535855 0.2427047 0.43746072 0.5998494 0.68517774
bee 0.00012386483 0.13694938 0.3606371 0.42245513 0.9741007
bee 0.00012333176 0.0 0.77634627 0.43272394 1.0
bee 0.0001229478 0.0 0.5003775 0.3239587 1.0
bee 0.00011918213 0.21655749 0.23655565 0.33717805 0.49826753
bee 0.00011305236 0.20568034 0.55270255 0.741874 0.8692292
bee 0.00011279404 0.06099215 0.5101104 0.54163384 0.86778283
bee 0.000110745204 0.16114523 0.24075232 0.5194903 0.47852874
bee 0.00010928222 0.8868231 0.879918 0.96303433 0.9500598
bee 0.000109069224 0.63512516 0.2006568 0.8888744 0.7185302
bee 0.000108168635 0.0 0.85146224 0.38751835 1.0
bee 0.00010771563 0.0 0.007008463 0.16934347 0.40306446
bee 0.000107610715 0.15755546 0.35970682 0.74018425 0.6677769
bee 0.00010658476 0.7463762 0.30019164 1.0 0.93226707
bee 0.000104220184 0.68869495 0.17032531 1.0 0.7414397
bee 0.00010220333 0.29680416 0.27495515 0.66938245 0.7070244
bee 0.00010174765 0.21213622 0.2624861 0.49717772 0.61177945
bee 9.91775e-05 0.9926116 0.69682217 1.0 0.853901
bee 9.7648895e-05 0.0 0.33354557 0.3926876 0.67856157
bee 9.758672e-05 0.32166094 0.3845116 0.5811105 0.7773049
bee 9.7014796e-05 0.0876251 0.87795186 0.20337777 0.95938456
bee 9.6365875e-05 0.54543036 0.23771814 0.7574243 0.73443055
