bee 0.9999999 0.71783924 0.7461001 0.7946398 0.8842048
bee 0.99985576 0.313309 0.7562882 0.40321243 0.8922044
bee 0.99969244 0.6973834 0.6505091 0.80893886 0.7782459
bee 0.9943508 0.55973446 0.42594934 0.6757214 0.6176616
bee 0.9638511 0.47133732 0.0 0.5186505 0.14540067
bee 0.85995436 0.4011448 0.20725697 0.49273974 0.40986758
bee 0.8314497 0.91675717 0.5405899 0.9971995 0.70714355
bee 0.7846155 0.105261594 0.5890238 0.17912674 0.78088415
bee 0.55533195 0.9033293 0.4172463 0.9959007 0.5543815
bee 0.47644863 0.12602481 0.4277604 0.19220868 0.6092007
bee 0.47299245 0.31522793 0.25345653 0.40969425 0.44288373
bee 0.4293129 0.22110948 0.5296972 0.30887893 0.71751595
bee 0.38266197 0.9489303 0.67172194 0.99821 0.8465655
bee 0.03589404 0.6079728 0.8340685 0.65109223 0.89559394
bee 0.032071184 0.34209788 0.22910066 0.43193287 0.425094
bee 0.005367731 0.0035815565 0.46457207 0.019964058 0.7345935
bee 0.0044377916 0.005642511 0.028609663 0.1431404 0.60972464
bee 0.004090818 0.0037083332 0.8046765 0.01757608 0.9244341
bee 0.0031776405 0.7798377 0.061101943 0.98957133 0.525249
bee 0.0019044471 0.0055350927 0.43258858 0.019108512 0.671826
bee 0.0016181922 0.0046536215 0.61597633 0.02300827 0.8449284
bee 0.0012382347 0.0013208278 0.11972237 0.12140803 0.7258763
bee 0.0012038052 0.008755297 0.8716376 0.029001206 0.96303225
bee 0.001170442 0.0030155191 0.75121784 0.013987268 0.91542935
bee 0.0010261246 0.0 0.0064181983 0.16404751 0.4000018
bee 0.00091033016 0.005745899 0.6749631 0.017513013 0.87728286
bee 0.0009071148 0.9649705 0.7088072 0.99614936 0.86507314
bee 0.00076934544 0.0 0.008140385 0.24135493 0.55467826
bee 0.0006922081 0.0028244276 0.42096955 0.04138817 0.8090623
bee 0.0006072124 0.5556418 0.005520478 0.7582413 0.39531434
bee 0.0005636302 0.0 0.124517515 0.36394268 0.34617907
bee 0.0005594219 0.08033204 0.8851812 0.18047065 0.9569639
bee 0.00048952736 0.03983295 0.0 0.9208057 1.0
bee 0.00040456848 0.0 0.0 0.3819613 0.14627394
bee 0.00037306067 0.015151694 0.0 0.49542177 0.82558787
bee 0.0003676239 0.0 0.0 0.29625347 0.2603746
bee 0.00036199373 0.110803 0.4295363 0.2645349 0.5958259
bee 0.0003603129 0.0076414207 0.37052244 0.020753946 0.6193393
bee 0.00035031317 0.0 0.19889042 1.0 0.79684544
bee 0.00034971887 0.48159337 0.011447042 0.8126807 0.34862262
bee 0.00033045092 0.0 0.50493586 0.7930733 0.9363483
bee 0.00030852976 0.050247878 0.27962953 0.70890284 1.0
bee 0.0002982131 0.0 0.16073634 0.37953734 0.4541329
bee 0.00029378483 0.03437209 0.7590199 0.33738294 0.9635827
bee 0.00029020512 0.12781139 0.0 0.47152543 0.43010116
bee 0.00025950218 0.0 0.5537015 0.5097058 0.99161816
bee 0.00025129074 0.5042123 0.0 1.0 0.6338141
bee 0.00024701635 0.07685664 0.0 0.43638793 0.62833476
bee 0.0002375671 0.0 0.0 0.35766816 0.41277656
bee 0.00023677562 0.1747866 0.0 0.9222232 0.39877105
bee 0.00023330085 0.035722986 0.8960332 0.13816857 0.971888
bee 0.00023133014 0.040042818 0.0 0.7431689 0.6783073
bee 0.00022850887 0.022118628 0.649225 0.33919194 0.85281444
bee 0.00022412257 0.016458148 0.9306664 0.061276138 0.99227256
bee 0.00022368108 0.38809228 0.3414346 1.0 1.0
bee 0.0002181239 0.19791886 0.22880137 0.8101938 0.7775185
bee 0.00021194133 0.0 0.061785996 0.24611789 0.82039934
bee 0.00021190153 0.0 0.3441474 0.44183218 0.63214934
bee 0.00021179083 0.41814637 0.044162385 0.7889786 0.24991897
bee 0.00020286255 0.5211319 0.037572563 0.95042896 1.0
bee 0.00020060803 0.0 0.0 0.6344026 0.40915698
bee 0.00019617668 0.0022194684 0.8936656 0.22242828 0.99341434
bee 0.00019451597 0.06424314 0.42732275 0.2100518 0.5984173
bee 0.0001930318 0.0 0.018678144 1.0 0.48249078
bee 0.0001922374 0.18983915 0.0 0.79879594 0.27124122
bee 0.00019091873 0.0 0.20842281 0.32233796 0.75867593
bee 0.00018437959 0.631024 0.29448527 0.89195347 0.6098488
bee 0.00018289842 0.6601275 0.0 1.0 0.3008672
bee 0.00018030475 0.0 0.24403208 0.3987932 0.91392356
bee 0.00017996639 0.28886044 0.0 0.6741549 0.55433625
bee 0.00017543451 0.064807445 0.41797557 0.3865459 0.67756903
bee 0.00017429337 0.0 0.08252415 0.25512046 0.38589928
bee 0.00017221585 0.21487671 0.6224578 1.0 0.99920195
bee 0.00016831618 0.37874204 0.0 1.0 0.29575574
bee 0.0001667394 0.0005525835 0.20265236 0.05290108 0.6638274
bee 0.00015591143 0.6518798 0.4528426 0.9496231 1.0
bee 0.00015581482 0.06865823 0.34507245 0.56026304 0.6829364
bee 0.00015402095 0.25251195 0.052175373 0.44382796 0.40365037
bee 0.00015149658 0.020326778 0.5405044 0.34686476 0.76378363
bee 0.00015147578 0.2751909 0.6742462 0.7989164 1.0
bee 0.0001443138 0.54075384 0.0 0.86048794 0.43915617
bee 0.0001421274 0.01073426 0.92626107 0.1546978 0.994977
bee 0.0001396514 0.44180128 0.4873429 0.6479352 0.83990616
bee 0.00013819583 0.6090058 0.21095526 1.0 0.80244195
bee 0.00013649398 0.0 0.26792014 0.5564905 0.7758666
bee 0.00013510365 0.18617687 0.42579943 0.8990997 1.0
bee 0.00013331929 0.26120645 0.24710599 1.0 0.6892977
bee 0.00013164095 0.31941444 0.046638757 0.6715449 0.8911427
bee 0.00013120598 0.46648717 0.3521863 0.96114814 0.6675705
bee 0.00013097834 0.0 0.7803751 0.42897755 1.0
bee 0.0001297175 0.69055384 0.004713461 1.0 0.4813707
bee 0.0001288408 0.0 0.0 0.3380617 1.0
bee 0.0001267455 0.19213293 0.1116745 0.4661066 0.41150594
bee 0.00012598444 0.6170495 0.51527447 1.0 0.8615292
bee 0.000123334 0.35607725 0.15114293 0.64312696 0.76258683
bee 0.00012276763 0.41557455 0.021806955 0.70281255 0.31350288
bee 0.00012248477 0.2503035 0.31755838 0.6017394 0.5845418
bee 0.00012157203 0.15900542 0.15730992 0.43141228 0.7889981
bee 0.000121550685 0.27192736 0.5187739 0.643315 1.0
bee 0.0001215354 0.0 0.49693018 0.31615543 1.0
