bee 0.9999578 0.4058092 0.2568667 0.4918013 0.4367035
bee 0.99859506 0.33487505 0.7701813 0.41081637 0.88721204
bee 0.91235304 0.5860419 0.7329014 0.68044007 0.8728284
bee 0.5418362 0.53118795 0.003194809 0.58846456 0.08278267
bee 0.013089005 0.0022098077 0.8084514 0.02050829 0.91822743
bee 0.0031961042 0.005954288 0.8670481 0.03376714 0.97189695
bee 0.0024464687 0.009939887 0.0749948 0.13945943 0.6154937
bee 0.001186934 0.26294747 0.0 0.77031493 1.0
bee 0.0010817936 0.046791703 0.0913648 0.9728786 0.85382766
bee 0.0007968734 0.010413399 0.9233254 0.06017507 0.99563277
bee 0.0007019232 0.015651248 0.8811308 0.25527638 1.0
bee 0.000553151 0.026741952 0.06745404 0.25991234 0.64305514
bee 0.0005517846 0.53854036 0.024378017 0.76525474 0.39753246
bee 0.0005108168 0.04141487 0.0 0.43589848 0.6412809
bee 0.00050300395 0.0025467114 0.7688155 0.012098299 0.9094881
bee 0.00048293258 0.0013004541 0.0 0.5109603 0.8446719
bee 0.00043234517 0.0 0.0 0.46747947 0.3469539
bee 0.000389628 0.43230617 0.0 1.0 0.8997457
bee 0.00038761116 0.7656108 0.0033318102 0.96468055 0.41943857
bee 0.00038167232 0.20639423 0.0 0.91500735 0.39676085
bee 0.0003759599 0.044045746 0.22064751 0.7179516 1.0
bee 0.00036922758 0.0 0.036616504 1.0 0.49745578
bee 0.00036288955 0.0 0.0 0.6689694 0.595469
bee 0.00035801643 0.48299128 0.25432152 1.0 1.0
bee 0.00034381126 0.17831522 0.0 0.8066868 0.27461317
bee 0.00034298544 0.78746885 0.0748235 0.98575646 0.56875503
bee 0.00034047494 0.0 0.48225385 1.0 0.8647433
bee 0.00032752496 0.058937594 0.8784017 0.35172004 1.0
bee 0.00032351914 0.45441037 0.040755272 0.80701965 0.3604026
bee 0.00032315694 0.0 0.0 0.28099823 0.4428225
bee 0.00031915397 0.29131722 0.0 0.6787326 0.548484
bee 0.00029950496 0.0 0.0 0.29557255 0.25778055
bee 0.00029232196 0.36166006 0.0 0.99983495 0.27530158
bee 0.00027360165 0.07492535 0.08151862 0.3463388 0.6181412
bee 0.0002634761 0.5492886 0.0 0.87336725 0.45026857
bee 0.00025922054 0.0 0.22702903 0.3893239 0.44831294
bee 0.0002548239 0.0 0.12678972 0.3662414 0.33473313
bee 0.0002545643 0.03972254 0.8455754 0.27190372 0.9735932
bee 0.00025093713 0.067368686 0.027907327 0.5228021 0.4952581
bee 0.00023652856 0.050291598 0.75574493 0.36337802 0.961445
bee 0.00023076644 0.22649139 0.12873976 0.73339415 0.4705935
bee 0.00023021658 0.6413858 0.15679525 0.848366 0.63216484
bee 0.00021677975 0.8327345 0.35782826 1.0 0.86324537
bee 0.00020507924 0.5225122 0.18102728 0.78136325 0.54438657
bee 0.00020103331 0.055207163 0.244974 0.52125764 0.67840725
bee 0.00019650765 0.0 0.0 0.3790872 0.1411119
bee 0.00019453933 0.0 0.21109533 0.38211238 0.8696778
bee 0.00019034652 0.6595401 0.0 1.0 0.32192874
bee 0.00018659921 0.6901899 0.014432445 1.0 0.51167536
bee 0.00018120544 0.0 0.550499 0.84852934 0.9844844
bee 0.00017585553 0.0 0.5529232 0.49369174 0.97887576
bee 0.0001671799 0.14881788 0.12917957 0.43260455 0.77870226
bee 0.00016615106 0.05846207 0.005415067 0.40353036 0.26349163
bee 0.00016099084 0.0 0.9018685 0.16560808 1.0
bee 0.00015757112 0.22137055 0.24950524 0.34629735 0.5104526
bee 0.00015678862 0.44807374 0.034706146 0.6627654 0.39851484
bee 0.00015610333 0.6494048 0.2742233 0.8434939 0.7901077
bee 0.00015422993 0.0 0.3645254 0.5902976 0.67102313
bee 0.00015286393 0.3064774 0.03791236 0.7209606 0.2478747
bee 0.00015262506 0.15731615 0.19004357 0.7621897 0.74404466
bee 0.00014616428 0.22058165 0.59915364 1.0 0.99923337
bee 0.00014341282 0.122553006 0.14249429 0.38771254 0.5345602
bee 0.00014027423 0.0 0.0 0.14442065 0.4086539
bee 0.00013713608 0.32759 0.0019193888 0.7553959 0.13476275
bee 0.00013646443 0.34333313 0.04160607 0.5577598 0.39223954
bee 0.00013571695 0.0 0.7754187 0.43019938 1.0
bee 0.0001355836 0.45767808 0.06531528 0.9636948 0.52170336
bee 0.00013451042 0.44776326 0.2536824 0.8147996 0.46417812
bee 0.00013077291 0.3593294 0.21236444 1.0 0.70171463
bee 0.00013003158 0.10463488 0.24643871 0.3665086 0.59170187
bee 0.00012991793 0.21192196 0.041828513 0.4672055 0.3895495
bee 0.00012473483 0.0 0.50319344 0.32789022 1.0
bee 0.00012455095 0.35817757 0.23559886 0.6927675 0.4586379
bee 0.00012414544 0.00025013834 0.04254687 0.06296424 0.5359358
bee 0.0001214945 0.39455643 0.7280503 0.99574065 1.0
bee 0.00011837785 0.18879732 0.3452001 0.7174305 0.6780343
bee 0.00011755545 0.641287 0.12818038 1.0 0.75098294
bee 0.00011522955 0.5624482 0.23628482 0.7592228 0.73347247
bee 0.00011436369 0.26499164 0.6692872 0.79808986 1.0
bee 0.00011416734 0.0 0.84842694 0.15724188 0.97828496
bee 0.0001108516 0.042738847 0.4105348 0.23786771 0.9349856
bee 0.00011048193 0.64766717 0.4551564 0.95061827 1.0
bee 0.000107500455 0.3550309 0.15125462 0.65414083 0.7691493
bee 0.00010652614 0.4497877 0.34015867 0.79374814 0.5657559
bee 0.00010464431 0.058474466 0.33414397 0.4173044 0.5539573
bee 0.00010212743 0.05420722 0.031402215 0.24561344 0.34893084
bee 0.0001019586 0.53495294 0.43852752 0.85032445 0.9112087
bee 0.00010039317 0.0 0.715828 0.16974196 1.0
bee 9.9518365e-05 0.31344706 0.45859283 0.6401578 0.90318745
bee 9.9464196e-05 0.3067132 0.15553637 0.9217174 0.4695018
bee 9.8346114e-05 0.21608233 0.524693 0.72464025 0.8754655
bee 9.5506395e-05 0.08409616 0.455033 0.5090127 0.8942328
bee 9.437303e-05 0.29444593 0.0 0.7314586 0.34632307
bee 9.4351526e-05 0.0 0.34252304 0.3700828 0.6793874
bee 9.363833e-05 0.24666882 0.2445401 0.597888 0.45677352
bee 9.286497e-05 0.4490162 0.0 0.6508156 0.081965685
bee 9.2756374e-05 0.010132819 0.15896085 0.5915477 0.4664642
bee 9.140784e-05 0.19740534 0.7899838 0.73889536 1.0
bee 8.90096e-05 0.09625392 0.46873635 0.349905 0.8123167
bee 8.863354e-05 0.078990564 0.85162276 0.1925586 0.9159574
