bee 0.99998343 0.59338456 0.74574816 0.6909036 0.87688434
bee 0.99991274 0.33612108 0.7605729 0.41693813 0.88786983
bee 0.9850964 0.4004881 0.2827391 0.48477718 0.47730237
bee 0.96615803 0.33917332 0.0 0.43893826 0.12790239
bee 0.01168479 0.014569424 0.044859648 0.16271862 0.61125857
bee 0.009295115 0.0017891154 0.80426013 0.014683679 0.92616415
bee 0.004036854 0.45979232 0.017948419 0.8369219 0.42075634
bee 0.0040317196 0.00809931 0.12723595 0.13680118 0.73109883
bee 0.0035240245 0.0066788364 0.8665175 0.031590022 0.97342616
bee 0.003266021 0.7790455 0.017482042 1.0 0.62024915
bee 0.0025439954 0.02324237 0.052504063 0.2627787 0.61885077
bee 0.0022196453 0.0014545191 0.31896368 0.06233315 0.79964423
bee 0.0017605082 0.52990204 0.038075343 0.77440983 0.45394117
bee 0.0016138932 0.0 0.0 0.9126027 1.0
bee 0.0013998175 0.0 0.21417403 1.0 0.80434096
bee 0.0012303073 0.2848097 0.0 0.79686654 1.0
bee 0.0010539884 0.002709914 0.7551669 0.0112094395 0.93686354
bee 0.0010525992 0.75882846 0.019931361 0.9735729 0.45044726
bee 0.00096510927 0.0025362447 0.18646762 0.057076562 0.7195504
bee 0.00085418724 0.81285703 0.35700768 0.9936522 0.82789904
bee 0.00085081777 0.4708374 0.094521135 0.800386 0.5110905
bee 0.0008082096 0.012602575 0.36465764 0.13406473 0.9034282
bee 0.0008065846 0.0029955506 0.0 0.51079595 0.758842
bee 0.0007497665 0.0 0.117518894 0.38472003 0.34218937
bee 0.00070650055 0.4873303 0.2867139 1.0 1.0
bee 0.0006844498 0.05954972 0.008573547 0.42867762 0.3530575
bee 0.0006698533 0.7435225 0.16148746 1.0 0.7412793
bee 0.0006625739 0.4539633 0.0 1.0 0.88583624
bee 0.0006624779 0.0 0.21715969 0.41641784 0.4531266
bee 0.0006339647 0.6318533 0.11460717 0.8815592 0.59682894
bee 0.0006295813 0.55042905 0.066391915 1.0 0.50059986
bee 0.0005957874 0.0 0.24762502 0.588786 0.8106824
bee 0.0005932542 0.0 0.5347561 0.831779 0.96051246
bee 0.0005929032 0.38807774 0.0 1.0 0.27733427
bee 0.0005903761 0.054649904 0.07253456 0.48072147 1.0
bee 0.0005901148 0.0122157205 0.92234826 0.061538607 0.9955753
bee 0.0005892161 0.07269406 0.0 1.0 0.5713532
bee 0.000583729 0.0 0.12941399 0.22670695 0.7527993
bee 0.0005748582 0.0 0.0 0.3255161 0.98227215
bee 0.00055003806 0.63714457 0.36362982 0.8903096 0.80621195
bee 0.00053839444 0.009223295 0.44311363 0.068314455 0.8585343
bee 0.00053444447 0.2905914 0.0 0.68107986 0.5507227
bee 0.0005289481 0.18117344 0.0 0.92371845 0.3848796
bee 0.00052070885 0.009160519 0.26105154 0.7157357 1.0
bee 0.0005193549 0.13420342 0.11201537 0.35901362 0.67495656
bee 0.0005093718 0.006848388 0.66708386 0.014759483 0.922678
bee 0.00049785513 0.0 0.36391175 0.41314736 0.66257584
bee 0.00049233204 0.027695239 0.18591279 0.31360507 0.720593
bee 0.0004916192 0.15506518 0.1289219 0.42289096 0.7836478
bee 0.00048775595 0.49657854 0.35795265 1.0 0.65930194
bee 0.00048244555 0.5787824 0.40037 0.93941885 0.8589207
bee 0.00047162842 0.0 0.53847283 0.39656162 0.756303
bee 0.00044623515 0.6466148 0.0 1.0 0.33654553
bee 0.00044284278 0.44767857 0.23085247 0.9543623 0.72820514
bee 0.00044067475 0.010158334 0.40837723 0.020828811 0.72898275
bee 0.00042823315 0.07668474 0.20205837 0.49039844 0.71555585
bee 0.00041800216 0.0 0.47831815 1.0 0.8689652
bee 0.00041108145 0.2060673 0.0 0.7973442 0.2653536
bee 0.00041034908 0.028047144 0.40912962 0.2643892 0.941401
bee 0.00040199384 0.61337745 0.24148318 0.9418777 0.65955055
bee 0.00038219555 0.0 0.0 0.6098852 0.39482933
bee 0.00037650685 0.0 0.0 0.30218822 0.25682163
bee 0.0003692825 0.42489177 0.22885618 0.8208296 0.45894918
bee 0.0003673631 0.0 0.0 0.3718773 0.491435
bee 0.00036723088 0.0 0.021611065 0.25529295 0.4032621
bee 0.00035569895 0.07726973 0.02203323 0.5037536 0.5156206
bee 0.00034479864 0.0 0.0 0.3855555 0.13922372
bee 0.00033393712 0.40358743 0.025901824 0.79165053 0.2703017
bee 0.00032727805 0.010466721 0.60660434 0.021957345 0.88830745
bee 0.00031995462 0.35182762 0.1417762 0.64615846 0.7683313
bee 0.00031400807 0.5598031 0.0 0.85901296 0.56073165
bee 0.00031281586 0.502954 0.5534277 1.0 0.85471594
bee 0.00030933888 0.26496816 0.012463778 0.63776976 0.3510612
bee 0.00030645393 0.17541093 0.18800253 0.77578807 0.7677618
bee 0.00030475156 0.57195556 0.11974692 0.8646252 0.7556106
bee 0.00030249168 0.26476824 0.12086749 0.7591351 0.4693908
bee 0.0003003176 0.012919512 0.5571344 0.026101094 0.8634976
bee 0.00029833624 0.0 0.33180073 0.40827936 0.5522029
bee 0.00029515743 0.59669185 0.1743963 1.0 0.7968273
bee 0.00029179818 0.5627763 0.33021307 0.9545337 0.5795732
bee 0.0002828659 0.0 0.5369774 0.50004303 0.9830493
bee 0.00027862992 0.038770795 0.7545611 0.3571366 0.96548706
bee 0.00027763576 0.3448576 0.0 0.5701448 0.34963164
bee 0.0002659971 0.23161048 0.33620352 0.74376947 0.6662279
bee 0.00024291116 0.018243492 0.8854279 0.24874476 0.99769956
bee 0.00024289194 0.037518457 0.64562666 0.37662643 0.85768676
bee 0.00021486744 0.43353426 0.0 0.8573407 0.14024498
bee 0.00021304084 0.3081747 0.26897764 0.68837297 0.7149495
bee 0.00020936204 0.3868197 0.11651644 0.76239395 0.37169087
bee 0.00020882694 0.009124506 0.3465857 0.018866962 0.6856447
bee 0.00020061588 0.648551 0.42845488 0.95153606 1.0
bee 0.00019982074 0.0 0.0 0.14327401 0.4074777
bee 0.00019785664 0.21191013 0.604765 1.0 0.9990292
bee 0.00019633517 0.23975715 0.057155132 0.46546218 0.42955402
bee 0.00019436154 0.4573934 0.032920554 0.6932969 0.44389188
bee 0.00018902351 0.0 0.17665303 0.2565118 0.50153095
bee 0.00018502434 0.0 0.7777769 0.43904296 1.0
bee 0.00018166355 0.44539422 0.3442218 0.808767 0.5674921
bee 0.0001778343 0.05415085 0.43562746 0.36880043 0.84110355
bee 0.00017454533 0.13730718 0.3229139 0.41381997 0.93780506
