bee 0.9967924 0.38470617 0.4609875 0.45955518 0.6385681
bee 0.9963085 0.56041855 0.40225953 0.63091236 0.5567229
bee 0.9960205 0.34433118 0.18380225 0.42080995 0.3773452
bee 0.9893372 0.3305471 0.7679944 0.41909724 0.90110517
bee 0.9782422 0.32314005 0.75881416 0.39101705 0.8998471
bee 0.93401986 0.6357684 0.72274196 0.7274201 0.8440802
bee 0.046259772 0.35971656 0.7963329 0.42977074 0.89671606
bee 0.016167391 0.0025323294 0.8068369 0.021906601 0.9191626
bee 0.007388997 0.5485566 0.7881906 0.61214036 0.88881445
bee 0.0053520547 0.014138073 0.064469755 0.16221759 0.6270401
bee 0.0051747444 0.0074790902 0.8758877 0.04664171 0.9723416
bee 0.003772405 0.4262851 0.019061834 0.81261617 0.40230253
bee 0.0031144163 0.027057141 0.008575678 0.24994394 0.6420642
bee 0.0021635292 0.68092847 0.0 1.0 0.53304756
bee 0.0013445345 0.5265422 0.028245896 0.76545906 0.41959018
bee 0.0013328582 0.011200298 0.91477966 0.0722934 0.993716
bee 0.0011536706 0.085930526 0.0 0.86540824 1.0
bee 0.0009584717 0.0 0.16307673 1.0 0.7974874
bee 0.0008735221 0.48513404 0.058268875 0.9686892 0.5227597
bee 0.00080835854 0.0030515557 0.75829417 0.013698266 0.92071694
bee 0.0007755591 0.001904659 0.25060374 0.15717536 0.8512116
bee 0.00075976003 0.39447817 0.0 1.0 0.2843568
bee 0.00070591393 0.18464923 0.0 0.8228222 0.27161747
bee 0.0005366957 0.54717886 0.0 0.8833679 0.47254413
bee 0.0004953544 0.016171277 0.0 0.4996692 0.84692246
bee 0.00047882827 0.0004130751 0.21655457 0.40346462 0.44767326
bee 0.00044990215 0.19437703 0.0 0.9161463 0.3909641
bee 0.00044913517 0.025818594 0.21609607 0.26463187 0.7546165
bee 0.0004459717 0.42758974 0.0 1.0 0.8620125
bee 0.00044592054 0.19050443 0.0 1.0 0.5968522
bee 0.0004176089 0.049263343 0.0 0.42563725 0.6431656
bee 0.00038433023 0.0 0.48112586 1.0 0.88097453
bee 0.00037607818 0.3596325 0.023163497 0.7484356 0.26094654
bee 0.00036519708 0.29609722 0.0 0.70722026 0.40593016
bee 0.00034724598 0.0 0.0 0.70761335 0.5804686
bee 0.000333756 0.46397302 0.2971828 1.0 1.0
bee 0.00032216642 0.0 0.0 0.45240593 0.3444342
bee 0.0003145288 0.01801771 0.0 0.61700743 0.2763266
bee 0.00031172208 0.04928553 0.22522725 0.22181556 0.58693004
bee 0.0002993899 0.64532673 0.14182621 0.8797457 0.6503483
bee 0.0002967454 0.03897646 0.28948903 0.71463215 1.0
bee 0.0002930086 0.0 0.0 0.29821688 0.2581553
bee 0.00028137228 0.043496802 0.7539995 0.35578024 0.9654107
bee 0.00026308125 0.0 0.53993165 0.34382707 0.7627524
bee 0.00026187403 0.0 0.12076132 0.3699134 0.32983768
bee 0.00026114675 0.75630605 0.07084972 1.0 0.7074594
bee 0.00025080438 0.0 0.23922408 0.5947084 0.7638613
bee 0.00024960897 0.60222733 0.15064153 1.0 0.7478764
bee 0.00024746518 0.1209843 0.0 0.47987002 0.4378694
bee 0.00024506694 0.0 0.0 0.2749648 0.44295302
bee 0.00022905834 0.35708553 0.11100647 0.75991195 0.35575226
bee 0.00022754484 0.0 0.0 0.3850485 0.14116937
bee 0.00022749082 0.100883015 0.27135688 0.3451384 0.6107864
bee 0.00021333172 0.8296453 0.30941686 1.0 0.83325946
bee 0.00020748902 0.11317876 0.04864408 0.36968285 0.4644168
bee 0.00019885105 0.3305274 0.1441052 0.9759836 0.4843064
bee 0.00019830669 0.31651154 0.22622174 0.9017844 1.0
bee 0.00019724952 0.0 0.12370226 0.1996117 0.755157
bee 0.000194328 0.5827361 0.0 0.9303506 0.29361996
bee 0.00019295543 0.64335173 0.0 0.9883124 0.94929683
bee 0.00019060478 0.0 0.55732346 0.840034 1.0
bee 0.00018881581 0.0 0.0 0.33618224 1.0
bee 0.00018695484 0.007091671 0.6663009 0.013280209 0.9221798
bee 0.00018267674 0.16493583 0.20267844 0.7805082 0.77582043
bee 0.00017968827 0.33026972 0.0100063905 0.6895573 0.15182984
bee 0.00017758978 0.03661318 0.6443481 0.38160992 0.8610439
bee 0.00017606074 0.0 0.3559291 0.38086525 0.6512058
bee 0.00017591439 0.0 0.54909 0.49535185 0.98278487
bee 0.00017453419 0.44416454 0.039176553 0.6717956 0.39568552
bee 0.00017332699 0.0 0.17158818 0.25143635 0.5008548
bee 0.00017321928 0.45208943 0.23440233 0.82652545 0.45844713
bee 0.00016396925 0.21420759 0.6023326 1.0 1.0
bee 0.00016080658 0.41877913 0.0 0.86723983 0.14554876
bee 0.00016035151 0.0 0.33387253 0.34234238 0.55332255
bee 0.00015634003 0.34348834 0.23068433 1.0 0.7073317
bee 0.0001503882 0.61689204 0.055491522 0.97076255 0.39964348
bee 0.00014988742 0.28309584 0.67471886 0.79421914 1.0
bee 0.00014973144 0.088836595 0.22266482 0.51945585 0.67862594
bee 0.00014785792 0.0 0.0 0.14360574 0.40324003
bee 0.00014334131 0.0 0.29718983 0.25652453 0.61563206
bee 0.00014194769 0.0 0.7777877 0.4341406 1.0
bee 0.00014132657 0.76547337 0.4739999 0.950979 0.8877305
bee 0.00014001754 0.3434989 0.20055196 0.63930064 0.8604319
bee 0.00013981087 0.24582028 0.12928551 0.752264 0.46581858
bee 0.00013849595 0.15495701 0.16029972 0.42710692 0.8006734
bee 0.00013829245 0.3370649 0.050635234 0.65963244 0.50015473
bee 0.00013111554 0.10359295 0.45359513 0.44221616 0.90947104
bee 0.00012951148 0.2876645 0.11486694 0.6156868 0.37466007
bee 0.00012528554 0.64799654 0.45782018 0.9479821 1.0
bee 0.000121052166 0.0 0.5884023 0.2797678 1.0
bee 0.00012000058 0.4689435 0.55252206 1.0 0.8412006
bee 0.00011928912 0.74690247 0.004064545 0.976647 0.41610426
bee 0.000117076874 0.28192458 0.512099 0.6430793 1.0
bee 0.000116468684 0.68208504 0.4263639 1.0 0.88699275
bee 0.00011587159 0.29390192 0.7489705 0.43629736 0.8922479
bee 0.000115830946 0.2663111 0.31903374 0.6133882 0.5891868
bee 0.00011501197 0.11777446 0.1790559 0.36696047 0.54728293
bee 0.000114092574 0.0 0.33089012 0.25863665 1.0
bee 0.00011109827 0.33858272 0.009440109 0.5884699 0.35425282
bee 0.0001072853 0.0 0.8506233 0.3859594 1.0
