bee 0.914568 0.40873432 0.21211463 0.49715757 0.3985628
bee 0.76641107 0.3378331 0.77060664 0.41449028 0.8810519
bee 0.6170683 0.5972717 0.70966405 0.68207955 0.868601
bee 0.010061176 0.0033327471 0.80626035 0.020662988 0.9109181
bee 0.0037122704 0.009694509 0.058773756 0.14554808 0.60494137
bee 0.0014840537 0.0086224815 0.87518233 0.03394555 0.9692258
bee 0.0014744069 0.25327238 0.0 0.77532077 1.0
bee 0.0014634619 0.04658556 0.10162741 0.98562956 0.83148515
bee 0.001099164 0.84200096 0.2641307 1.0 0.87146235
bee 0.0010794012 0.49219027 0.017101765 0.7932718 0.34132528
bee 0.00094718934 0.003783078 0.7623629 0.014727022 0.909843
bee 0.0008482912 0.025177963 0.061352193 0.26049548 0.6387565
bee 0.0006457117 0.18693426 0.0 0.8411819 0.27328643
bee 0.0005629811 0.729069 0.003186494 1.0 0.62750006
bee 0.0005383896 0.77460766 0.07639268 0.98200953 0.556095
bee 0.00044026243 0.35844105 0.0 0.99964553 0.2727793
bee 0.00043491958 0.043742448 0.0 0.4406796 0.6213764
bee 0.00041217208 0.41907197 0.0 1.0 0.88231593
bee 0.00040889144 0.01861231 0.0 0.5182451 0.84164035
bee 0.00039352287 0.24580923 0.05624093 0.7553085 0.4810232
bee 0.00038893125 0.032849938 0.2402426 0.7128215 1.0
bee 0.0003807803 0.736992 0.16686958 1.0 0.8639093
bee 0.0003693434 0.0041156635 0.26825306 0.15384647 0.85993636
bee 0.000353003 0.3880695 0.21526992 0.53580725 0.38532752
bee 0.00035188833 0.0 0.0 0.6823362 0.5850464
bee 0.00034235104 0.47833577 0.26654392 1.0 1.0
bee 0.00034173406 0.0 0.53916603 0.33043423 0.7578959
bee 0.00033526894 0.6781821 0.0 1.0 0.42743856
bee 0.00032399228 0.55238783 0.0 0.8708986 0.4488259
bee 0.00030678543 0.2122019 0.045541868 1.0 0.4325884
bee 0.00029855105 0.0 0.48768958 1.0 0.8660321
bee 0.00029845146 0.35027653 0.0 0.6442184 0.61432403
bee 0.00029220656 0.0 0.0 0.45998716 0.35013425
bee 0.00028986778 6.142259e-05 0.21923387 0.39987725 0.44719416
bee 0.00026403187 0.0 0.0 0.30111647 0.26220644
bee 0.00025733034 0.04887241 0.75064266 0.35376418 0.9634553
bee 0.000256869 0.048938528 0.23109959 0.51884943 0.68645537
bee 0.0002398359 0.11778997 0.11290674 0.36937463 0.571434
bee 0.00023425595 0.53248703 0.15403342 0.7995328 0.5094045
bee 0.00023167073 0.0 0.0 0.8605554 0.3827782
bee 0.00022452445 0.15028761 0.123853415 0.43087488 0.80164504
bee 0.00021468702 0.63916 0.14542198 0.8642747 0.6431353
bee 0.00021062883 0.0 0.0 0.38118178 0.1440416
bee 0.00019587051 0.0 0.0 0.2706013 0.44724438
bee 0.00019347329 0.013652509 0.92238194 0.060718007 0.9936233
bee 0.00018821494 0.038442627 0.6400646 0.37877297 0.85417926
bee 0.00018708287 0.0 0.36132157 0.58927965 0.6687089
bee 0.00018312896 0.6695403 0.55033666 1.0 0.7399532
bee 0.00017900286 0.0 0.5530299 0.49474248 0.9800477
bee 0.00017865503 0.0 0.2154406 0.38354474 0.8857645
bee 0.00017826534 0.018925935 0.0 0.629169 0.2764445
bee 0.00017690937 0.029571518 0.20894569 0.25438273 0.7654222
bee 0.0001733437 0.41478878 0.02763006 0.8203692 0.25682566
bee 0.00017274063 0.08569631 0.03067635 0.4094792 0.4779355
bee 0.00017083123 0.5371711 0.28984588 1.0 0.68170244
bee 0.00016604274 0.0 0.12696287 0.36020452 0.3374054
bee 0.00016180077 0.0 0.5515609 0.85535574 0.99718106
bee 0.00015899647 0.6210772 0.0 0.9708153 0.8685079
bee 0.00015781999 0.4590934 0.06722388 0.96983284 0.51034355
bee 0.00015247407 0.020305678 0.47291398 0.25875372 0.9280304
bee 0.00015208797 0.4617133 0.24308747 0.8355348 0.4617921
bee 0.00015142524 0.22217959 0.60021603 1.0 0.9997952
bee 0.00015007648 0.33774304 0.21676871 1.0 0.7029339
bee 0.00014903063 0.0 0.7784152 0.42929125 1.0
bee 0.00014205438 0.15240633 0.1804137 0.74453014 0.7458054
bee 0.00014103578 0.48744303 0.5524089 1.0 0.8430273
bee 0.00013754285 0.44865596 0.33533385 0.8147787 0.55757785
bee 0.00013733277 0.0 0.3329011 0.35157734 0.6755992
bee 0.00013353965 0.106291994 0.60387754 0.350963 0.88138247
bee 0.00013253343 0.20650804 0.2628802 0.4730932 0.58729106
bee 0.00013015525 0.07928653 0.45547143 0.50543547 0.89113486
bee 0.00013008677 0.30752861 0.0 0.7468723 0.34108323
bee 0.00012972766 0.4067859 0.097486734 0.7655217 0.37706745
bee 0.00012701821 0.33514524 0.056334034 0.556244 0.40315866
bee 0.00012694797 0.0 0.0 0.14894131 0.40409416
bee 0.0001248206 0.2257256 0.0426825 0.47914368 0.40351048
bee 0.00012349004 0.055974007 0.19221139 0.33194983 0.69669694
bee 0.00011733493 0.2740019 0.6749307 0.7878632 1.0
bee 0.00011732364 0.5472705 0.49619043 0.740658 0.89457715
bee 0.00011588663 0.6476847 0.43781456 0.9514301 1.0
bee 0.00011569616 0.13401358 0.34313715 0.4223284 0.9898716
bee 0.00011479383 0.64751655 0.28889063 0.85354143 0.7948216
bee 0.000113661365 0.7679086 0.37551612 0.9885398 0.8238148
bee 0.00011284407 0.0 0.15959345 0.5884547 0.46785176
bee 0.0001123731 0.0 0.17407122 0.25530726 0.49860665
bee 0.00010984828 0.736367 0.49682835 1.0 0.7756978
bee 0.0001082198 0.002845034 0.73086125 0.28442365 0.9846522
bee 0.00010715831 0.022871643 0.88527006 0.25648013 0.99571925
bee 0.000105466774 0.0 0.44480127 0.3254 0.64452475
bee 0.00010498475 0.0 0.7186882 0.1701589 1.0
bee 0.000104568906 0.0061087627 0.68232024 0.012078041 0.912132
bee 0.00010036369 0.35231286 0.15188798 0.6517491 0.8005973
bee 9.887448e-05 0.41694367 0.0 0.86228085 0.14510867
bee 9.706291e-05 0.6248143 0.026920661 0.94433033 0.5173502
bee 9.452236e-05 0.72399783 0.8781539 0.9711305 1.0
bee 9.379857e-05 0.25544605 0.33557704 0.6321496 0.56236196
bee 9.149452e-05 0.83591175 0.0 1.0 0.51456976
bee 9.107434e-05 0.4766147 0.65846384 0.8490777 0.84744406
bee 9.074829e-05 0.18588752 0.3462885 0.7296843 0.6802451
bee 8.942094e-05 0.5763494 0.13267188 1.0 0.34631622
