bee 0.9999802 0.33390793 0.7675106 0.414332 0.88597566
bee 0.9998815 0.58833426 0.73761487 0.68449634 0.87415564
bee 0.9998155 0.4079998 0.27341253 0.4872409 0.4512223
bee 0.920515 0.47936884 0.0010724962 0.54661304 0.1125916
bee 0.01268254 0.0022400226 0.8096695 0.016256755 0.91546655
bee 0.0031306678 0.0 0.04834819 0.1744056 0.6111051
bee 0.0026872223 0.007407856 0.8690196 0.03018925 0.96499586
bee 0.0017148219 0.5465055 0.03158459 0.78247243 0.41340443
bee 0.0012204185 0.051516563 0.10845789 0.99653995 0.8465978
bee 0.0011870662 0.27084035 0.0 0.7538933 1.0
bee 0.0008585242 0.025089137 0.0020310283 0.26453727 0.54523915
bee 0.0004958719 0.06581169 0.027060643 0.4443962 0.35079372
bee 0.00045129296 0.036107466 0.0 0.43304437 0.653033
bee 0.00038983775 0.013283234 0.9319063 0.055755008 0.993187
bee 0.0003755913 0.7640006 0.006900862 0.96568006 0.42396915
bee 0.00036232936 0.0 0.0 0.61161065 0.39993626
bee 0.00036183765 0.19375697 0.0 0.7984816 0.27551645
bee 0.000359448 0.0 0.12416946 0.37152973 0.3351202
bee 0.0003538717 0.0 0.22285295 0.39637262 0.44406503
bee 0.00035332944 0.050781712 0.031044662 0.46537048 1.0
bee 0.0003421362 0.20755163 0.0 0.9292127 0.38756317
bee 0.00033863107 0.5170833 0.10928267 0.7898301 0.5116909
bee 0.00033705754 0.0 0.0 0.29468903 0.25709897
bee 0.00033277713 0.41556683 0.0 1.0 0.6161262
bee 0.00032788268 0.0 0.013509735 0.17573088 0.3939311
bee 0.00032493516 0.28615248 0.0 0.6747373 0.5387637
bee 0.00032491967 0.822063 0.34107697 1.0 0.84804356
bee 0.00032218636 0.036450624 0.21059495 0.72762793 1.0
bee 0.00031400536 0.0 0.037389293 1.0 0.4799763
bee 0.00030746945 0.3857181 0.0 1.0 0.27164733
bee 0.00030054816 0.5131356 0.26864922 1.0 1.0
bee 0.00029166552 0.06064102 0.8822456 0.34467676 1.0
bee 0.0002875271 0.02529946 0.88728464 0.26497352 0.9956583
bee 0.00027539386 0.49697423 0.0 0.92772496 0.3806296
bee 0.0002538082 0.0 0.0 0.75345397 0.6898133
bee 0.00025028005 0.5538705 0.0 0.95936245 0.7895136
bee 0.00024975254 0.0 0.47986245 1.0 0.87027884
bee 0.00024890935 0.37393686 0.026642114 0.75150585 0.3513145
bee 0.00024540082 0.7372258 0.004952073 1.0 0.5999361
bee 0.0002430518 0.076130286 0.020259783 0.5201723 0.48280746
bee 0.00023456171 0.0 0.23063752 0.56384826 0.76914513
bee 0.00022972673 0.0012125685 0.7623198 0.008826772 0.9132155
bee 0.00022968226 0.27565104 0.26540905 0.91866845 1.0
bee 0.0002262846 0.5595139 0.0 0.86615944 0.5392061
bee 0.00021922644 0.0 0.1960262 0.38624513 0.8502356
bee 0.00021805527 0.032901645 0.8933665 0.15034874 0.97156173
bee 0.00021466205 0.08440003 0.88029367 0.20670623 0.95914215
bee 0.00020870869 0.7891415 0.097353026 0.98762494 0.5566076
bee 0.0002083651 0.050318807 0.750211 0.36731583 0.95774615
bee 0.00020805481 0.66295457 0.0 1.0 0.31758296
bee 0.00020681629 0.21178573 0.041202918 0.4584965 0.39058936
bee 0.00020346732 0.46788788 0.2431379 0.8492055 0.4584273
bee 0.00020224915 0.0 0.0 0.3863241 0.1402299
bee 0.00019609401 0.24554302 0.13067591 0.7309518 0.469207
bee 0.00019058897 0.48464686 0.016541615 0.81689924 0.30987513
bee 0.00018062376 0.046145275 0.03506799 0.41046602 0.24239518
bee 0.00017668432 0.1499762 0.0 0.42462665 0.56369734
bee 0.00017179582 0.5331388 0.067969516 1.0 0.49959743
bee 0.00017082243 0.30823275 0.28397328 0.6864294 0.6960707
bee 0.00016551874 0.33386862 0.001612775 0.772552 0.12683335
bee 0.00016492227 0.6544412 0.25002748 0.88279027 0.7589517
bee 0.00016036206 0.44305712 0.030712262 0.6614774 0.3955958
bee 0.00015970285 0.0 0.62338185 0.57632124 1.0
bee 0.00015900147 0.0 0.5460893 0.85527456 0.99124587
bee 0.00015708776 0.10842627 0.23273547 0.37886554 0.5991963
bee 0.0001503717 0.36500868 0.0 0.7596028 0.24126084
bee 0.000149927 0.59415424 0.22529033 0.94174314 0.69139624
bee 0.000148914 0.35349447 0.045632213 0.56413966 0.39327934
bee 0.00014749124 0.35148823 0.15146509 0.6547872 0.7712934
bee 0.00014389827 0.20221567 0.60108733 1.0 0.99991226
bee 0.00014313424 0.1848914 0.36125648 0.74906534 0.67224646
bee 0.00014284792 0.034747906 0.260077 0.27281877 0.8617368
bee 0.00013664243 0.26670164 0.018399566 0.57387686 0.29953176
bee 0.00013659487 0.15209496 0.19583729 0.7467321 0.7521882
bee 0.00013484586 0.04018013 0.44165096 0.23922841 0.92007077
bee 0.00012983284 0.6939681 0.21736984 0.99167913 0.710041
bee 0.00012976625 0.63628125 0.15093468 0.88184154 0.6241595
bee 0.00012772337 0.29524833 0.22085595 1.0 0.6867468
bee 0.00012599069 0.0 0.7766693 0.43581325 1.0
bee 0.00012500475 0.6515904 0.44338143 0.95082194 1.0
bee 0.00012190589 0.4341413 0.0 0.873225 0.1337094
bee 0.00012053327 0.48803216 0.3308255 0.8424435 0.56091976
bee 0.00011834466 0.39851266 0.7259278 0.9871653 1.0
bee 0.00011780963 0.6342014 0.04941541 0.91383564 0.5187101
bee 0.000117348696 0.0 0.85166 0.38623083 1.0
bee 0.000116287796 0.051352955 0.86188376 0.27807596 0.9676726
bee 0.00011451253 0.0 0.59521997 0.27875128 1.0
bee 0.00011429445 0.06186956 0.33334774 0.43288872 0.5590512
bee 0.00011262391 3.374368e-05 0.051845178 0.06605581 0.52542406
bee 0.00011236914 0.53406715 0.011572555 0.8052372 0.1471988
bee 0.000108968285 0.4927169 0.5575298 1.0 0.84607816
bee 0.0001065558 0.2658022 0.67003715 0.8008824 1.0
bee 0.000105198684 0.0 0.35909188 0.5663632 0.66339016
bee 9.992279e-05 0.0 0.717966 0.16942078 1.0
bee 9.948449e-05 0.36968392 0.23828588 0.7004109 0.46544588
bee 9.9164456e-05 0.5032972 0.007168308 0.71093416 0.13422018
bee 9.908705e-05 0.44713575 0.47093838 0.960684 0.91849023
bee 9.90468e-05 0.091948956 0.100500196 0.3884953 0.539616
bee 9.640512e-05 0.31103593 0.45796186 0.64674 0.90425664
bee 9.411906e-05 0.15460737 0.12851143 0.4341271 0.7808582
