bee 0.99999607 0.5806728 0.75387746 0.642425 0.87692684
bee 0.9992561 0.69745183 0.77659345 0.7883004 0.88161683
bee 0.9915168 0.16131572 0.00350653 0.20888467 0.095184
bee 0.98514706 0.33319315 0.7645799 0.40656188 0.8868604
bee 0.08694452 0.36845094 0.06007819 0.47492826 0.22748147
bee 0.06777865 0.6495901 0.8311571 0.707239 0.88268733
bee 0.01179491 0.0026332242 0.8077929 0.021213807 0.91211617
bee 0.010038054 0.0 0.0337393 0.19483554 0.613564
bee 0.002590143 0.008521736 0.11747292 0.1499225 0.7395508
bee 0.0020688155 0.008261925 0.8744073 0.039687663 0.97091055
bee 0.0011428556 0.009149693 0.11480355 0.2516975 0.6777026
bee 0.0011337855 0.006535113 0.27863282 0.13773915 0.8235045
bee 0.0011294328 0.0 0.09758943 0.9288038 0.85779613
bee 0.0010550442 0.73338073 0.0 1.0 0.6129322
bee 0.0009817745 0.0025207703 0.7627508 0.012860473 0.91511565
bee 0.0009330275 0.27353144 0.0 0.7905569 1.0
bee 0.0007491619 0.0 0.12773529 0.35142794 0.3383726
bee 0.0006245807 0.44721544 0.0 1.0 0.90518856
bee 0.0006225316 0.012561353 0.92101955 0.061627813 0.9944985
bee 0.0005871198 0.52059424 0.03206323 0.8061912 0.431471
bee 0.00057933974 0.005888313 0.0 0.5092306 0.8047864
bee 0.00054631237 0.0 0.2086505 0.39270794 0.4519721
bee 0.0005300208 0.0040992796 0.53893805 0.37331435 0.7678374
bee 0.00048660432 0.21329364 0.0 0.81540275 0.26745147
bee 0.00045716035 0.0 0.363871 0.40605497 0.65863335
bee 0.00044547798 0.0 0.54353756 0.8485094 0.9545401
bee 0.00044530776 0.0 0.01958549 0.32954752 0.6285391
bee 0.00042554265 0.5047289 0.3023823 1.0 0.68831336
bee 0.0004246631 0.0 0.030716091 0.15945357 0.41454092
bee 0.00041916335 0.23931059 0.03896661 0.74010146 0.48034513
bee 0.0004187278 0.035876155 0.25672 0.72442853 1.0
bee 0.0004066908 0.37690997 0.0 1.0 0.27513805
bee 0.0003918544 0.2239309 0.05481361 1.0 0.42635816
bee 0.00038174092 0.35763404 0.0 0.64988613 0.49040583
bee 0.00037107008 0.14025572 0.0 1.0 0.57249796
bee 0.0003700578 0.49687025 0.0 0.93304086 0.3739079
bee 0.00036835446 0.0 0.0 0.64172584 0.56982505
bee 0.00036052853 0.025284722 0.46245018 0.25682735 0.91480625
bee 0.00034672482 0.50868523 0.28853428 1.0 1.0
bee 0.00034037672 0.8212523 0.27486467 1.0 0.82634985
bee 0.0003386225 0.40607542 0.03843864 0.8121056 0.26332405
bee 0.0003326325 0.017935276 0.29657418 0.262254 0.77263814
bee 0.00032783736 0.039596915 0.24879733 0.5042949 0.7131878
bee 0.00032697897 0.45619994 0.33837628 0.83807343 0.5650924
bee 0.00031313035 0.045149878 0.1930954 0.2219906 0.583638
bee 0.00030647588 0.15118799 0.1353685 0.4283413 0.79987717
bee 0.00030629477 0.6873661 0.21589756 1.0 0.728857
bee 0.0002922233 0.0 0.0 0.35425478 0.40584993
bee 0.00028929656 0.6453757 0.12944955 0.8855953 0.64091575
bee 0.0002805831 0.042897165 0.75068617 0.35473424 0.96438515
bee 0.0002739684 0.0 0.19088197 0.3205632 0.8031644
bee 0.0002623666 0.46246162 0.05543302 0.96945536 0.5051738
bee 0.00025899027 0.0 0.3978787 0.16667113 0.86781305
bee 0.00025787117 0.112557 0.121343136 0.35953477 0.5752779
bee 0.00025441023 0.004707267 0.68551904 0.011324296 0.91144055
bee 0.0002525361 0.0 0.0 0.3023523 0.2598498
bee 0.00025087208 0.39828104 0.055992655 0.5563346 0.21506047
bee 0.00024637705 0.018526867 0.32769713 0.40611118 0.56042385
bee 0.00024541066 0.44617075 0.23523799 0.84964067 0.46032223
bee 0.0002448906 0.0 0.5335777 0.5091827 0.98363936
bee 0.00023965715 0.0 0.0 0.37475067 0.1448995
bee 0.0002376849 0.5681468 0.0 0.8629081 0.56260026
bee 0.00023758452 0.6385841 0.0 1.0 0.4383165
bee 0.00023112688 0.34036604 0.33826494 0.71033335 0.5647166
bee 0.0002280455 0.0 0.0 0.6068803 0.26707274
bee 0.00022785293 0.010504222 0.42660156 0.019128907 0.669145
bee 0.00022689707 0.0213781 0.8867329 0.2578724 0.99681896
bee 0.00022229637 0.056183115 0.022818685 0.5031383 0.49153346
bee 0.00021946737 0.0 0.0 0.82771814 0.37199712
bee 0.00021753923 0.15723538 0.0 0.42983115 0.5143912
bee 0.00021317312 0.08776352 0.020176515 0.4300026 0.3517571
bee 0.00021253749 0.4677656 0.12362632 0.8709284 0.350541
bee 0.0002006067 0.21455362 0.15350322 0.45884237 0.5512216
bee 0.0001998219 0.14303339 0.04210049 0.34924972 0.4237511
bee 0.00019634808 0.0 0.0 0.3389753 0.98688483
bee 0.0001961748 0.26015094 0.26717842 0.91994953 0.65738946
bee 0.00019560306 0.35668212 0.1540528 0.65512925 0.7982214
bee 0.00019536394 0.2958668 0.29208723 0.6720298 0.7030659
bee 0.00018965681 0.0 0.22916529 1.0 0.6827043
bee 0.0001865083 0.54235876 0.106253296 0.76399755 0.5600389
bee 0.00018560284 0.012352256 0.48357123 0.021736728 0.7298899
bee 0.00018507833 0.17561257 0.16950145 0.7537372 0.76174164
bee 0.00018346346 0.045173556 0.6479094 0.37857398 0.8518808
bee 0.00018115154 0.006995773 0.3567813 0.016303562 0.64089847
bee 0.00017940938 0.16350418 0.3546229 0.74675995 0.66967326
bee 0.00017677953 0.8305905 0.0 1.0 0.54873157
bee 0.00017667505 0.21364242 0.6066016 1.0 1.0
bee 0.00016673416 0.0 0.7759436 0.43483102 1.0
bee 0.0001659261 0.23827378 0.34074724 0.6036522 0.56935436
bee 0.00016424606 0.0 0.09205161 0.24882583 0.37421662
bee 0.00016238702 0.0 0.42111188 0.33655307 0.9820792
bee 0.00016190326 0.06623049 0.23096383 0.37728786 0.63109225
bee 0.00015973317 0.76130784 0.015361503 0.9647938 0.443937
bee 0.00015801695 0.0 0.41510335 0.2823025 0.7194053
bee 0.00015708957 0.33414912 0.053577095 0.5484931 0.42941096
bee 0.00015319632 0.44054812 0.027777508 0.6689021 0.39310062
bee 0.00015222652 0.49582627 0.12221299 0.8437445 0.5165402
bee 0.00015165658 0.0 0.16630848 0.23515016 0.49921572
bee 0.0001504685 0.078603715 0.45042723 0.5045731 0.8874685
bee 0.00014982584 0.6288101 0.0 0.9747657 0.84352183
