bee 0.99999785 0.73137957 0.77311707 0.8153114 0.8824209
bee 0.9999429 0.2649267 0.1899287 0.3316972 0.3566339
bee 0.99979264 0.7020558 0.6504727 0.8038342 0.8042386
bee 0.9997887 0.31395677 0.7635812 0.39862272 0.90021247
bee 0.9974458 0.4999654 0.0014455989 0.54554105 0.12593397
bee 0.99475324 0.452288 0.25756714 0.5220041 0.43689308
bee 0.9935893 0.5966586 0.81241906 0.6429279 0.89758945
bee 0.79164505 0.053289864 0.35859522 0.13037965 0.5481074
bee 0.7193 0.22415581 0.5334086 0.30812743 0.72238964
bee 0.56420356 0.41282514 0.22811255 0.4810641 0.41952112
bee 0.55092937 0.91926837 0.525243 0.995178 0.6929839
bee 0.50234157 0.57129586 0.47067618 0.6714107 0.63657916
bee 0.16344759 0.112242214 0.38646224 0.19247532 0.59001994
bee 0.08841665 0.9515031 0.66211176 0.9996299 0.8441758
bee 0.048519317 0.0021654153 0.80498576 0.022004638 0.92660654
bee 0.0044318163 0.56282413 0.020684227 0.7789949 0.42156535
bee 0.0037252374 0.0052715978 0.8632232 0.034011655 0.96208
bee 0.0035892292 0.0004210174 0.022933424 0.15852697 0.5161404
bee 0.00347654 0.76948684 0.021740824 0.9787224 0.43384436
bee 0.0033916314 0.0052931528 0.7540074 0.018334921 0.9270546
bee 0.0023236566 0.010218348 0.9261743 0.069865465 0.9962168
bee 0.0020891759 0.004450264 0.5266814 0.016977437 0.7680315
bee 0.0014899592 0.000596581 0.48946697 0.008705663 0.7082843
bee 0.0011472284 0.0057723857 0.4796853 0.056731697 0.8392445
bee 0.0011007772 0.9768859 0.7057717 0.9978156 0.8789904
bee 0.0008168895 0.0066578593 0.68494654 0.0223747 0.8858316
bee 0.00079714 0.009409544 0.5681833 0.03235168 0.82535934
bee 0.00071263954 0.7434301 0.0 1.0 0.5648982
bee 0.0004886784 0.03556168 0.0 0.9240905 1.0
bee 0.00048587666 0.0 0.0 0.38191876 0.14469557
bee 0.00047717654 0.0 0.0 0.29394358 0.25598454
bee 0.00045624218 0.0 0.1787532 1.0 0.8052349
bee 0.00045066103 0.027767316 0.7577511 0.34132755 0.9637544
bee 0.00041931038 0.026554957 0.33747524 0.3382284 0.5905006
bee 0.0003906996 0.007119268 0.64797366 0.33758795 0.8468578
bee 0.00038906423 0.011777848 0.54339737 0.35088322 0.7604678
bee 0.00037329493 0.0053816885 0.4337331 0.16164003 0.8617693
bee 0.00036739878 0.13891315 0.0 1.0 0.57829344
bee 0.00033755082 0.017973885 0.0 0.4850788 0.79367757
bee 0.00032502192 0.06238621 0.580566 0.17484064 0.8433798
bee 0.00031580732 0.0 0.44755468 0.3199699 0.64607954
bee 0.0003128794 0.0 0.12443679 0.36092424 0.3367133
bee 0.00031143246 0.54456097 0.0 0.8643102 0.46205217
bee 0.0002951563 0.0 0.6355 0.6406591 1.0
bee 0.00029150816 0.40087363 0.0 1.0 0.29004484
bee 0.0002914437 0.18297768 0.0 0.9195093 0.38431862
bee 0.00028800312 0.4534285 0.0 1.0 0.63979816
bee 0.00028509932 0.0 0.0 0.18606892 0.32011378
bee 0.0002813007 0.56924975 0.08737418 1.0 0.4956462
bee 0.00027313904 0.0 0.50317276 0.7786544 0.9361979
bee 0.00027180894 0.6723932 0.0 1.0 0.33097643
bee 0.00026323757 0.76814634 0.25642508 0.9398542 0.7341764
bee 0.00025785028 0.37625283 0.019905135 0.7374111 0.34600258
bee 0.0002401446 0.25283757 0.045889214 0.44147047 0.4138468
bee 0.00023401353 0.032553524 0.0 0.7445477 0.6560683
bee 0.00023037818 0.00476465 0.022376016 0.07194249 0.43691134
bee 0.00022918306 0.0 0.0 0.30295616 0.498236
bee 0.00022815031 0.56920767 0.0 0.954154 0.83092904
bee 0.00022176205 0.0 0.48728976 0.4814409 1.0
bee 0.00021991206 0.13026382 0.0 0.47024888 0.43236667
bee 0.0002195136 0.18295011 0.22565517 0.8147446 0.7765976
bee 0.00021924838 0.054323614 0.27524096 0.7149095 1.0
bee 0.00021568642 0.0 0.11007464 0.24762744 0.81927454
bee 0.00020995994 0.2892388 0.0 0.67052674 0.5526313
bee 0.00020870553 0.0 0.34094137 0.4486174 0.63301706
bee 0.0002062993 0.20149738 0.0 0.79770225 0.2719824
bee 0.00020191852 0.45259324 0.03649661 0.65585554 0.39983317
bee 0.00020061474 0.3874564 0.34705108 1.0 1.0
bee 0.00019897509 0.32588267 0.043790914 0.71857643 0.25798297
bee 0.00019840883 0.4223532 0.041755043 0.8008477 0.2721922
bee 0.0001940969 0.63639355 0.041879132 0.8959142 0.52477753
bee 0.0001887449 0.6353906 0.13852358 0.865465 0.649161
bee 0.00018687145 0.45929405 0.16957387 1.0 0.8117273
bee 0.00018438768 0.0 0.39714918 0.2357631 0.9472263
bee 0.00018360102 0.005175146 0.2490326 0.019475492 0.47152758
bee 0.00018123638 0.0 0.77951837 0.43905085 1.0
bee 0.00017678678 0.0 0.0 0.62326074 0.39930466
bee 0.00017347846 0.20715618 0.6216558 1.0 0.9989066
bee 0.00017103301 0.0055981 0.12011942 0.061251894 0.47287974
bee 0.00016412769 0.49272755 0.3686729 1.0 0.6364582
bee 0.000163716 0.0 0.15484153 0.36876476 0.4446395
bee 0.00016266521 0.025617622 0.36769998 0.17152226 0.5396991
bee 0.00016229646 0.27062857 0.6646927 0.7956786 1.0
bee 0.00016204672 0.0 0.5442766 0.45971268 0.8415549
bee 0.00015250097 0.3037629 0.2381309 1.0 0.6968049
bee 0.00014673614 0.35480386 0.16837391 0.6473225 0.79534745
bee 0.00014635437 0.17881766 0.44129702 0.8989731 1.0
bee 0.0001463093 0.32621294 0.027712882 0.67354363 0.9406169
bee 0.00014377265 0.0 0.5821384 0.2804561 1.0
bee 0.0001434057 0.0062025636 0.6779672 0.20889305 1.0
bee 0.00014080452 0.34848362 0.036943734 0.552357 0.40255213
bee 0.00014043832 0.44029492 0.24447677 0.82467943 0.46120223
bee 0.00013752632 0.43389338 0.25464058 0.5836293 0.4266693
bee 0.00013683083 0.0 0.23374858 0.3929765 0.9054152
bee 0.0001362178 0.6475057 0.44601715 0.9457572 1.0
bee 0.0001355496 0.05910434 0.41142386 0.38414848 0.67484504
bee 0.00013075535 0.5459267 0.28656605 0.7797359 0.6222029
bee 0.00012517067 0.11834574 0.0 0.3434633 0.39865136
bee 0.00012462045 0.24386579 0.34727693 0.74057406 0.6838827
bee 0.00012433878 0.0 0.0237889 0.22719486 0.41854045
