bee 0.99998415 0.31639138 0.72193456 0.38760814 0.8797667
bee 0.99974316 0.1454065 0.78043884 0.19745807 0.90370494
bee 0.9996971 0.20390001 0.54941225 0.29872784 0.71031
bee 0.99839777 0.08514732 0.5741986 0.15852492 0.769874
bee 0.99809307 0.4035649 0.16205433 0.4991775 0.32570773
bee 0.9914653 0.46885666 0.40006092 0.5430377 0.5805314
bee 0.99022317 0.707789 0.65242386 0.8121329 0.8233428
bee 0.80301195 0.35478243 0.009924602 0.42260286 0.0741089
bee 0.77187437 0.920677 0.5679431 0.9955155 0.73048604
bee 0.7371485 0.53280425 0.43254375 0.6291292 0.6203762
bee 0.6289467 0.9204186 0.6942195 0.9960735 0.84876925
bee 0.026338996 0.585794 0.9087438 0.63674235 0.9620858
bee 0.023041092 0.62214416 0.8936757 0.6828391 0.95564973
bee 0.009755847 0.5391445 0.0009984169 0.59971666 0.044072933
bee 0.006797152 0.0 0.032116294 0.1563049 0.65625453
bee 0.005299057 0.0013528562 0.79593515 0.008597577 0.92076015
bee 0.004873526 0.5514842 0.0006967895 0.61961126 0.040709026
bee 0.0016448691 0.22899838 0.23749855 0.3432709 0.52136374
bee 0.0012466552 0.91694367 0.6308524 0.99878275 0.8186634
bee 0.0011908415 0.0 0.09196636 0.24515827 0.6278006
bee 0.0010250366 0.73728406 0.0039134026 1.0 0.5895029
bee 0.0010247218 0.5255874 0.89273936 0.5892611 0.958502
bee 0.0008496798 0.0018163621 0.2289726 0.39678028 0.45251817
bee 0.00069769094 0.088770896 0.0 0.894899 1.0
bee 0.00061933644 0.5581758 0.009554923 0.7783145 0.3906562
bee 0.0005981019 0.6707224 0.8996259 0.7396731 0.96259165
bee 0.0005535893 0.0 0.18257532 1.0 0.792377
bee 0.0005356143 0.48478627 0.019111529 0.8330895 0.35777962
bee 0.00047606303 0.0022345614 0.67811877 0.010070628 0.8762346
bee 0.0004191701 0.0 0.0 0.16663705 0.39583385
bee 0.00039024008 0.0 0.12868553 0.3458141 0.33571997
bee 0.00038874758 0.008332618 0.25385562 0.14079344 0.80502796
bee 0.00036666295 0.0 0.18804605 0.25972015 0.49995214
bee 0.0003419992 0.019339323 0.0 0.48888063 0.8151419
bee 0.0003265849 0.771976 0.018002346 0.97652483 0.44746488
bee 0.0003202552 0.47085685 0.0 1.0 0.64416325
bee 0.00031509998 0.0 0.46120209 1.0 0.9178631
bee 0.00031378362 0.38788775 0.0 1.0 0.27340153
bee 0.000305542 0.0 0.0 0.38094157 0.14621753
bee 0.00028920223 0.0 0.0 0.29384312 0.26363167
bee 0.00028424113 0.0146766305 0.7567102 0.3290732 0.96037996
bee 0.00027254256 0.05058214 0.2723077 0.70170975 1.0
bee 0.00026885196 0.16092265 0.0 1.0 0.5875112
bee 0.00026749633 0.18023938 0.22531492 0.80219775 0.792206
bee 0.00026714514 0.20664236 0.0 0.8140042 0.2766981
bee 0.00026211984 0.12801763 0.0 0.4645439 0.4166438
bee 0.0002549476 0.06683831 0.0 0.428845 0.6316825
bee 0.00025050828 0.60983294 0.17199749 1.0 0.7684061
bee 0.000245239 0.0041631944 0.6327028 0.018962188 0.8311446
bee 0.00024292161 0.0 0.0 0.31262705 0.51272064
bee 0.00023406594 0.19467172 0.0 0.9292592 0.39120507
bee 0.00023398743 0.41524172 0.0445693 0.80405533 0.25759202
bee 0.0002309097 0.29630494 0.0 0.669349 0.5326787
bee 0.00023007921 0.5468204 0.0 0.88016737 0.46723104
bee 0.00022609503 0.02617693 0.0 0.7365508 0.6761938
bee 0.0002252348 0.47123182 0.81913126 0.9229709 1.0
bee 0.00022204236 0.38276082 0.333799 1.0 1.0
bee 0.00021364684 0.0 0.0 0.617563 0.27700713
bee 0.0002114107 0.0 0.5532843 0.517231 0.98299944
bee 0.00020921456 0.6303742 0.0 0.96527183 0.93581855
bee 0.00020714743 0.64680284 0.0 1.0 0.41361156
bee 0.00020256915 0.2048868 0.61437964 1.0 0.9996089
bee 0.00019372748 0.64625794 0.13540092 0.87304753 0.6656842
bee 0.00018930741 0.0 0.08951704 0.262258 0.36893255
bee 0.00018855603 0.40875432 0.017961562 0.69362366 0.299534
bee 0.00018384907 0.008922353 0.6507178 0.32979822 0.86034244
bee 0.00017662469 0.33063 0.22778918 1.0 0.7005716
bee 0.00017249753 0.64956236 0.4314189 0.9533467 1.0
bee 0.0001722119 0.0 0.0 0.5311688 0.49516952
bee 0.00017105501 0.4664178 0.5223669 0.9310409 0.8573288
bee 0.00017013404 0.0 0.34083575 0.3944372 0.63894033
bee 0.00016410642 0.3277291 0.017306834 0.67367613 0.9301529
bee 0.00015772386 0.022426426 0.36198524 0.5921373 0.65361285
bee 0.00015736422 0.0 0.23479173 0.38436165 0.8836603
bee 0.00014854301 0.527748 0.4309374 0.68480396 0.6092763
bee 0.00014637042 0.11953509 0.06037654 0.36845142 0.53168416
bee 0.00014383695 0.24353288 0.009797335 0.45619965 0.3751469
bee 0.00014348463 0.27421823 0.66575915 0.80493355 1.0
bee 0.00014225555 0.35178867 0.18198928 0.6423626 0.7817639
bee 0.0001408416 0.48758686 0.36223793 1.0 0.6367319
bee 0.00013797542 0.0 0.7769789 0.423734 1.0
bee 0.00013344164 0.0028880984 0.44372213 0.34957635 0.6705948
bee 0.00013221712 0.0 0.014048377 0.016650578 0.057180904
bee 0.00013070123 0.5555802 0.07392961 1.0 0.52068186
bee 0.00012893937 0.5615145 0.12182136 0.798756 0.5500701
bee 0.00012787814 0.4408337 0.43820223 0.64775944 0.8187903
bee 0.00012779415 0.62130755 0.022841513 0.8122917 0.37910426
bee 0.00012743262 0.23113225 0.52292424 0.72467136 0.87310463
bee 0.00012418072 0.14758876 0.17952612 0.42564914 0.8110728
bee 0.00012366468 0.44597715 0.040155455 0.65612096 0.38872713
bee 0.000123245 0.009602167 0.51550454 0.020447813 0.76501256
bee 0.00012313882 0.20383412 0.18895417 0.44669163 0.52816004
bee 0.00012250438 0.0 0.23334609 0.26531747 0.7302019
bee 0.00012086485 0.3924136 0.72454846 0.98825514 1.0
bee 0.00012026989 0.0 0.29225516 0.73522055 0.6940416
bee 0.000118676675 0.08829813 0.27254838 0.5254687 0.69216913
bee 0.000118517 0.20570898 0.35890278 0.75425047 0.6516832
bee 0.00011662016 0.1919918 0.15283878 0.7354491 0.46031135
bee 0.000116460906 0.6636454 0.2900161 0.85447073 0.7820532
bee 0.00011173254 0.9176476 0.7877817 0.97258306 0.8520577
