bee 0.9903167 0.33335677 0.77425724 0.41654953 0.89128405
bee 0.9803417 0.5952819 0.7220905 0.67577904 0.8691541
bee 0.90017855 0.4049827 0.21771295 0.4918304 0.4064883
bee 0.009702294 0.0014196653 0.8058642 0.018251667 0.9160409
bee 0.005626262 0.45520973 0.03341444 0.77723324 0.38372886
bee 0.004616982 0.015869617 0.0625456 0.15710872 0.60538703
bee 0.0013650606 0.005688846 0.14217836 0.837988 0.990827
bee 0.0012707071 0.023309834 0.05833432 0.25490916 0.6304295
bee 0.001130745 0.2670187 0.0 0.7715199 1.0
bee 0.0010435679 0.0036313664 0.7566048 0.01472008 0.9199184
bee 0.0010392765 0.17366084 0.0 0.8202536 0.27366164
bee 0.0010386463 0.005662376 0.8720307 0.031217856 0.97087115
bee 0.0005297501 0.3506825 0.0 0.97910273 0.27986002
bee 0.0004838461 0.22163711 0.23832913 0.3496275 0.5018313
bee 0.00048341107 0.44668758 0.0 1.0 0.90120906
bee 0.00047178715 0.0 0.28238574 0.15274784 0.8655127
bee 0.00045900696 0.01313274 0.9210746 0.05794202 0.99407446
bee 0.000456649 0.54413146 0.0 0.868699 0.44622374
bee 0.0004450618 0.050140403 0.23037331 0.21804419 0.5784597
bee 0.0004328175 0.2911325 0.0 0.6808685 0.5279873
bee 0.0004273657 0.4966425 0.27411014 1.0 1.0
bee 0.00041791634 0.039670095 0.0 0.44620562 0.6047319
bee 0.0004163458 0.0015577674 0.0 0.51249695 0.84402364
bee 0.00041240067 0.5041246 0.11942224 0.7873303 0.4808982
bee 0.0004120472 0.7767541 0.06703037 0.979922 0.5349291
bee 0.0004083848 0.7599795 0.0035179108 0.97188437 0.4144953
bee 0.00038356832 0.0010611266 0.2157428 0.4105394 0.44823936
bee 0.00037526182 0.0 0.0 0.7001022 0.59349835
bee 0.0003582397 0.20814359 0.05928904 1.0 0.43700236
bee 0.00035784685 0.043011278 0.32639098 0.61624527 1.0
bee 0.00035671736 0.0 0.0 0.6259872 0.27583337
bee 0.00033773927 0.24180558 0.11311886 0.76126134 0.45981923
bee 0.00032585402 0.0 0.5017252 1.0 0.856779
bee 0.00031334418 0.13099831 0.14555348 0.37042695 0.55707216
bee 0.0003072116 0.1331357 0.0 1.0 0.5782683
bee 0.00030647646 0.0501851 0.7499319 0.36280662 0.9638079
bee 0.00028097554 0.0 0.0 0.29809898 0.26027688
bee 0.0002729854 0.0 0.0 0.8388448 0.38216597
bee 0.00026333396 0.6484062 0.02484119 0.9489928 0.4818362
bee 0.00026160528 0.046355397 0.24899372 0.52022314 0.68637073
bee 0.0002610258 0.38540134 0.018049404 0.7677119 0.27488095
bee 0.0002579356 0.0 0.12385906 0.37135047 0.33778423
bee 0.00025413628 0.007347802 0.6703662 0.015258143 0.91013116
bee 0.00025303185 0.47399077 0.3371551 0.84851384 0.5574591
bee 0.00024790064 0.0 0.0 0.38601696 0.14242673
bee 0.00024771303 0.3015078 0.0 0.7378472 0.33244428
bee 0.00024739723 0.12193291 0.0 0.49150515 0.44093186
bee 0.00024134024 0.14826971 0.13138363 0.43476272 0.79836977
bee 0.0002255146 0.023831919 0.6444918 0.37170327 0.855144
bee 0.00022495129 0.4618203 0.23376912 0.83096164 0.459952
bee 0.00022133638 0.0 0.36529472 0.5964636 0.67180526
bee 0.00021777517 0.0 0.0 0.27701414 0.44570115
bee 0.00020916571 0.66931427 0.0 1.0 0.3367376
bee 0.00019430892 0.64218104 0.12549117 1.0 0.77533305
bee 0.00018500087 0.16833377 0.17793274 0.7521424 0.7495446
bee 0.00018290766 0.0 0.017445788 0.1674645 0.39774698
bee 0.00017882595 0.36503255 0.22249615 1.0 0.68617314
bee 0.00017787467 0.0 0.5471325 0.86913264 1.0
bee 0.00017697515 0.7289773 0.0 1.0 0.626444
bee 0.0001764587 0.0 0.3547599 0.387403 0.6490469
bee 0.00017645147 0.649597 0.16736527 0.8807818 0.61481893
bee 0.00017543149 0.21712363 0.59968925 1.0 0.99682605
bee 0.00017453502 0.0 0.5423108 0.49039227 0.9799108
bee 0.0001709316 0.0 0.5431265 0.32335204 0.74858385
bee 0.00016974512 0.34255835 0.026794344 0.58060676 0.381722
bee 0.0001668038 0.4483663 0.06434193 0.94302654 0.51474607
bee 0.00016148575 0.36258537 0.10675299 0.7645642 0.3564509
bee 0.00015978084 0.0 0.20437181 0.38963962 0.87615454
bee 0.00015861896 0.35329002 0.16760758 0.6657041 0.81320274
bee 0.00015651723 0.21322018 0.050866157 0.4791348 0.3959938
bee 0.00015157244 0.0 0.7787441 0.4248132 1.0
bee 0.00015131454 0.2408041 0.26815316 0.8269367 0.92950404
bee 0.00013955953 0.26080626 0.6672322 0.79048043 1.0
bee 0.00013397931 0.0 0.17589983 0.2504015 0.4943482
bee 0.00013289612 0.64931166 0.43607685 0.9472244 1.0
bee 0.0001300214 0.05800174 0.33167034 0.41410953 0.55953807
bee 0.00012948037 0.003689155 0.7303646 0.2883249 0.9851822
bee 0.00012792862 0.3219872 0.0 0.76110166 0.1476475
bee 0.00012615455 0.07793468 0.45366907 0.50478244 0.89262474
bee 0.00012614361 0.16698015 0.35623813 0.75622344 0.6814208
bee 0.00012592849 0.20643167 0.2690348 0.47007835 0.5779733
bee 0.0001243976 0.037361413 0.2107901 0.26232588 0.7703131
bee 0.00012439 0.9883088 0.8420844 1.0 0.8832871
bee 0.000117677584 0.44470853 0.47055012 0.96007603 0.9217889
bee 0.00011619169 0.29637587 0.108891726 0.6521926 0.37278074
bee 0.00011455293 0.13038734 0.34956527 0.42647907 0.99124885
bee 0.00011381428 0.3901839 0.7240635 0.9976977 1.0
bee 0.00011026523 0.0725691 0.2235553 0.38579088 0.5988399
bee 0.00010913091 0.48637575 0.5544057 1.0 0.83341503
bee 0.0001066897 0.0 0.7170576 0.16914326 1.0
bee 0.00010566105 0.388792 0.22117329 0.5394117 0.38792104
bee 0.00010497703 0.09347886 0.23584968 0.4511537 0.4876657
bee 0.00010496572 0.1360624 0.24239965 0.35084724 0.6566855
bee 0.00010443398 0.34806132 0.5360044 0.90685344 0.85747707
bee 0.00010374483 0.8266439 0.3373396 1.0 0.8548751
bee 0.00010253434 0.0 0.33211088 0.25528035 1.0
bee 0.00010250334 0.0 0.693157 0.54391277 1.0
bee 0.00010119331 0.0 0.4456795 0.33018994 0.6469111
bee 0.000100275196 0.3289075 0.35778132 0.6444261 1.0
bee 9.881727e-05 0.31394455 0.29260594 0.6814141 0.71687275
