bee 0.9999373 0.6305862 0.7337604 0.70092446 0.8789955
bee 0.99950826 0.5269095 0.58457065 0.58130765 0.7073213
bee 0.92077535 0.39635733 0.08529251 0.49148497 0.26053792
bee 0.87243795 0.65333825 0.7526134 0.71832055 0.8860067
bee 0.17604075 0.33226627 0.77925724 0.4162746 0.88411146
bee 0.019334884 0.0025072834 0.80590016 0.01930201 0.91354316
bee 0.0033994832 0.006907423 0.87326777 0.03734854 0.9710028
bee 0.0024240897 0.014697745 0.07366142 0.148979 0.60997295
bee 0.002158568 0.5182034 0.02273643 0.7699686 0.346822
bee 0.0016314813 0.60850286 0.71737605 0.6842686 0.8662682
bee 0.0013708149 0.0031596967 0.7645982 0.012447936 0.9085813
bee 0.0012532532 0.05873847 0.10807982 1.0 0.81999886
bee 0.0012193002 0.27363777 0.0 0.78304946 1.0
bee 0.00064614904 0.7299005 0.0068532526 0.99718344 0.5297855
bee 0.00064091163 0.01213037 0.92047817 0.064467706 0.99377185
bee 0.0005260863 0.40617305 0.021585777 0.7526582 0.2775334
bee 0.00049529254 0.0 0.53812736 0.3291114 0.75017637
bee 0.00047820955 0.022204146 0.05142981 0.2559682 0.63194644
bee 0.0004350183 0.5400328 0.0 0.87123185 0.44477946
bee 0.0004222947 0.8378753 0.29963446 1.0 0.8376727
bee 0.00041447824 0.008365065 0.0 0.51538706 0.83097965
bee 0.00038992008 0.014553092 0.18657607 0.14020565 0.74383116
bee 0.00038225437 0.038161576 0.0 0.44672444 0.6145653
bee 0.00036642692 0.2495299 0.057836533 0.76034683 0.46594596
bee 0.00035915544 0.20525879 0.0 0.81268066 0.26759985
bee 0.0003552057 0.3686301 0.0 0.99860984 0.27824187
bee 0.00035463847 0.029575378 0.23919958 0.70959663 1.0
bee 0.0003355914 0.42844158 0.0 1.0 0.86872303
bee 0.00032578447 0.20266539 0.0 0.91287524 0.38600546
bee 0.00031759747 0.49393836 0.27007198 1.0 1.0
bee 0.00030175288 0.0 0.0 0.6763358 0.58245194
bee 0.00028867277 0.039091125 0.30957842 0.26022768 0.8176205
bee 0.0002810238 0.0 0.5259347 0.88743526 0.93812716
bee 0.0002742258 0.0 0.0 0.46461326 0.35129467
bee 0.00026876558 0.04498206 0.24834438 0.49669474 0.7037014
bee 0.0002589925 0.025745071 0.46861076 0.27204373 0.9258039
bee 0.00025865244 0.3598534 0.0 0.64056826 0.4972419
bee 0.0002545966 0.3417282 0.15966254 0.65315306 0.83134824
bee 0.00025056273 0.008323029 0.38005576 0.15605508 0.91344774
bee 0.0002504968 0.0 0.021145836 1.0 0.5083036
bee 0.00024663957 0.0039554313 0.23311615 0.058154766 0.6807198
bee 0.00023651346 0.04896283 0.22472319 0.32740006 0.67124677
bee 0.00023383151 0.6186614 0.7458298 0.7645266 0.88193464
bee 0.00023300163 0.0 0.35532212 0.38964272 0.6479044
bee 0.00023099648 0.04956098 0.7488542 0.36182332 0.95994455
bee 0.00022799439 0.0 0.0 0.3774821 0.14775518
bee 0.000226707 0.037222937 0.4541723 0.36992055 0.82987744
bee 0.0002219266 0.008184887 0.29929692 0.021329649 0.571786
bee 0.0002186311 0.0 0.0 0.29690713 0.26456517
bee 0.00021716082 0.14780489 0.14014226 0.4292809 0.8052487
bee 0.00021491722 0.101010695 0.34148785 0.35652453 0.77103686
bee 0.00021422512 0.11204283 0.123546734 0.36962754 0.5883203
bee 0.0002114849 0.7665264 0.010773882 0.96348435 0.42547524
bee 0.00020632663 0.0 0.62214285 0.58094835 1.0
bee 0.00020578536 0.40640694 0.14143479 0.49515295 0.27017403
bee 0.00020528604 0.5091416 0.30000076 1.0 0.68811476
bee 0.00020196896 0.6801603 0.22495191 0.99769247 0.7022115
bee 0.00019828533 0.1715866 0.36114067 0.7528492 0.6591726
bee 0.00019809842 0.0 0.23069403 0.38916296 0.89343405
bee 0.00019732722 0.84133786 0.0 1.0 0.5536146
bee 0.00019235328 0.008264974 0.21558136 0.40609097 0.45131487
bee 0.00018862868 0.2786057 0.2626677 0.7212692 0.7041837
bee 0.00018455213 0.4473249 0.06951998 0.9686818 0.514049
bee 0.00018311532 0.0736088 0.44687983 0.50102556 0.9015944
bee 0.0001818528 0.0 0.0 0.25788048 0.44362587
bee 0.00017611161 0.032187894 0.6403667 0.3918631 0.81926775
bee 0.00017514601 0.22330588 0.23968151 0.3450517 0.49610928
bee 0.0001737269 0.18033488 0.19048963 0.46411067 0.52352935
bee 0.00017000188 0.7349545 0.8722606 0.9741757 1.0
bee 0.00016747443 0.0 0.28419513 0.69964445 0.6890709
bee 0.00016662989 0.66958994 0.0 1.0 0.3171948
bee 0.00016033532 0.011624709 0.3380528 0.34492087 0.5603805
bee 0.00015918337 0.0 0.7770358 0.4317038 1.0
bee 0.00015441109 0.19463146 0.6009953 1.0 1.0
bee 0.0001514882 0.013626143 0.88762933 0.242319 0.99526364
bee 0.00014901286 0.06767009 0.04547455 0.43768823 0.2380374
bee 0.00014835798 0.28231734 0.6786572 0.788022 1.0
bee 0.0001431187 0.24262807 0.26840386 0.824898 0.9216249
bee 0.00014253416 0.39813524 0.72036207 0.9969055 1.0
bee 0.00014176441 0.44398212 0.033348277 0.66959655 0.39105105
bee 0.00014110976 0.0078847 0.3631727 0.01870579 0.6052298
bee 0.00014097823 0.0197151 0.44814616 0.3909615 0.6782711
bee 0.00014044676 0.16754305 0.17993537 0.74307907 0.76254475
bee 0.00013381855 0.6884803 0.4492372 1.0 0.6374275
bee 0.00013159701 0.34160447 0.44847795 0.7525494 0.66223073
bee 0.00013070299 0.5294206 0.07301785 0.7850764 0.52046806
bee 0.00013051904 0.09483102 0.07957071 0.46216103 0.49211472
bee 0.00012700513 0.0 0.15695326 0.5810522 0.46545595
bee 0.00012687221 0.0 0.40213752 0.3467657 0.9927112
bee 0.00012632128 0.4628366 0.24113382 0.8325707 0.45772326
bee 0.00012626311 0.13969465 0.34960675 0.42485964 0.9629233
bee 0.00012432135 0.6497532 0.44066435 0.94601643 1.0
bee 0.00012207142 0.46324039 0.46102303 0.948895 0.91911465
bee 0.00012199997 0.0 0.5986045 0.28277063 1.0
bee 0.00011898307 0.47827184 0.55318993 1.0 0.8333935
bee 0.0001186183 0.2420499 0.041596577 0.6095346 0.27782887
bee 0.000118259486 0.06210296 0.22622922 0.21941917 0.59524226
bee 0.000115221206 0.0 0.5514636 0.533792 0.8568404
bee 0.00011308201 0.0 0.9005369 0.16435991 1.0
bee 0.00011293105 0.0 0.0 0.15091482 0.3925271
