bee 0.99999964 0.78835493 0.7438874 0.8563537 0.88236475
bee 0.898656 0.6160518 0.641078 0.7118664 0.8479471
bee 0.24418095 0.90317136 0.1489617 0.9968887 0.33527544
bee 0.045368973 0.0054482445 0.9135001 0.06180223 0.99410236
bee 0.020395376 0.0011501983 0.88905615 0.04789255 0.98190576
bee 0.016810589 0.4871701 0.024497002 0.85369813 0.37741932
bee 0.006765603 0.0029882658 0.80577403 0.027697302 0.9204084
bee 0.004632626 0.011855736 0.03875947 0.1528904 0.6105433
bee 0.0033699148 0.41634256 0.0 0.7267832 0.37558866
bee 0.002336644 0.82491976 0.2688527 1.0 0.80445516
bee 0.002232574 0.0 0.075276285 0.25682452 0.61389506
bee 0.002120315 0.0 0.0057433546 0.8528167 0.87527347
bee 0.0020905482 0.0 0.22326604 0.99038863 0.7993407
bee 0.0020386823 0.46907437 0.049422994 0.66260684 0.35148615
bee 0.001987032 0.0060994374 0.7528145 0.019005466 0.91009396
bee 0.0017561928 0.20682259 0.31000447 0.51002026 0.8018851
bee 0.0017200737 0.3000633 0.28403443 0.6221944 0.7566381
bee 0.0015527139 0.018286735 0.9294929 0.18576407 0.99770707
bee 0.0013726811 0.30536106 0.0 0.82609296 1.0
bee 0.0012490614 0.0 0.22354054 0.39095712 0.44205755
bee 0.0011778869 0.025765434 0.90006983 0.15604174 0.97566724
bee 0.0011687602 0.39577398 0.0 1.0 0.28952312
bee 0.0011559657 0.93258077 0.17791739 0.99653155 0.34234443
bee 0.0011188729 0.4455013 0.0 1.0 0.86369836
bee 0.0010238488 0.44397062 0.054208696 0.93241817 0.4919381
bee 0.0010074222 0.0 0.12837473 0.38231564 0.32432967
bee 0.0010069165 0.0 0.24287012 0.16024579 0.85606956
bee 0.0009836415 0.19374397 0.0 0.82234895 0.2736355
bee 0.0009800718 0.47066972 0.27506793 1.0 1.0
bee 0.00096689747 0.022598036 0.91174686 0.22680682 0.9944658
bee 0.00089970144 0.2102678 0.27274105 0.46852684 0.6552795
bee 0.0008716227 0.0176211 0.27554053 0.6030147 1.0
bee 0.0007985571 0.035938993 0.0 0.4618075 0.5872462
bee 0.0007848238 0.100275174 0.116841316 0.42342615 0.57493514
bee 0.0007696391 0.0 0.43973616 0.8207764 0.9673619
bee 0.0007155208 0.31980014 0.35492188 0.57183456 0.82915515
bee 0.00070816244 0.24158937 0.05683218 1.0 0.41936564
bee 0.00067478674 0.0 0.039693117 0.46833313 1.0
bee 0.0006705626 0.35899043 0.0 0.6569232 0.5396091
bee 0.0006482839 0.00035965443 0.0 1.0 0.5397815
bee 0.00064097636 0.19902176 0.19059728 0.46776056 0.55133706
bee 0.0006320194 0.35167342 0.107920185 0.7870082 0.33941936
bee 0.00057184795 0.23599762 0.054482147 0.7517283 0.50048345
bee 0.00056115026 0.0 0.10532606 0.07883683 0.5756599
bee 0.000534922 0.63942194 0.04024139 0.86224926 0.38224286
bee 0.00051646394 0.25827676 0.234397 0.5821689 0.5147099
bee 0.00051580503 0.13809334 0.21015653 0.39409018 0.6715162
bee 0.0004919272 0.52382815 0.0 1.0 0.42349488
bee 0.0004886807 0.76881903 0.35260156 0.98560685 0.817629
bee 0.00048724015 0.3269571 0.0153630525 0.59954005 0.3925538
bee 0.0004805118 0.0 0.0 0.62140644 0.26947734
bee 0.0004699937 0.55596215 0.0 0.8500379 0.5658431
bee 0.00046967532 0.59959364 0.246456 0.98398423 0.4673451
bee 0.00046965384 0.0 0.523592 0.40263236 0.7325429
bee 0.00046579522 0.0591456 0.23045594 0.5201248 0.75380254
bee 0.00046036314 0.07871309 0.0 0.499257 0.39933634
bee 0.000448741 0.17325383 0.17140967 0.4490536 0.8515428
bee 0.0004459101 0.11085795 0.31887066 0.39049393 0.7917656
bee 0.0004131038 0.5903296 0.17499693 0.8826377 0.5339757
bee 0.00041222986 0.012532979 0.42389137 0.24606666 0.92054015
bee 0.00040634663 0.72049445 0.0 1.0 0.44394058
bee 0.00040612766 0.36686045 0.24907151 0.76556534 0.4667804
bee 0.00038106952 0.0 0.3251027 0.38871044 0.6826016
bee 0.00038054134 0.58792007 0.16463152 1.0 0.797475
bee 0.00037514896 0.03297703 0.7478722 0.351561 0.95924574
bee 0.00037325293 0.0 0.17355727 0.24390535 0.49929512
bee 0.00035078736 0.14903544 0.33404747 0.5280434 0.5764594
bee 0.00034955255 0.6387965 0.24243796 0.8492026 0.8125272
bee 0.00034607275 0.38746676 0.2898953 0.6973523 0.72051704
bee 0.00034029142 0.5175305 0.12962644 0.7972092 0.49021238
bee 0.00033803578 0.0 0.22965309 0.33471078 0.8220513
bee 0.0003316164 0.0 0.0 0.35995343 0.39943767
bee 0.00032770017 0.0 0.5335252 0.55712885 1.0
bee 0.0003249807 0.0 0.5540146 0.41087902 0.8464921
bee 0.0003240726 0.35355484 0.25743905 0.42394048 0.4518607
bee 0.00031941728 0.5462262 0.21792519 0.7734968 0.7304907
bee 0.0003154778 0.25610408 0.19969904 0.71538734 0.94094646
bee 0.00031302412 0.20732047 0.05739221 0.47336572 0.4824442
bee 0.00031233756 0.36756074 0.15238991 1.0 0.45726612
bee 0.00030917436 0.9917415 0.82325053 1.0 0.9003241
bee 0.00030714803 0.4269703 0.17960505 0.71621555 0.516627
bee 0.00030698176 0.14479977 0.25495028 0.5182004 0.48326576
bee 0.00030305432 0.2503897 0.2540526 0.89256203 0.6821482
bee 0.0002984802 0.21770948 0.32979426 0.6263071 0.5960189
bee 0.00029378402 0.0 0.0 0.8367342 0.37786305
bee 0.0002884546 0.0 0.4651537 0.3313357 1.0
bee 0.00028715754 0.1852088 0.15218994 0.7691914 0.76557994
bee 0.00027273514 0.33573896 0.1860553 0.56423163 0.5960496
bee 0.00026985919 0.0 0.073996976 0.26452237 0.37340337
bee 0.00026707407 0.25151712 0.11842505 0.660498 0.35326907
bee 0.00026190875 0.0 0.77485967 0.45045736 1.0
bee 0.00026141404 0.57494646 0.25055587 0.9095854 0.7112191
bee 0.00025737818 0.20840172 0.57907414 0.47553372 0.8775002
bee 0.00025620253 0.6946494 0.20545477 0.95497435 0.50814027
bee 0.00025252718 0.0 0.4233057 0.39811116 0.6393034
bee 0.00024829924 0.35744834 0.1506289 0.6466036 0.81370497
bee 0.00024268894 0.63347024 0.022053614 0.94104475 0.30546147
bee 0.0002421518 0.0 0.3979591 0.27820662 0.7035351
bee 0.00024163473 0.2542408 0.65107054 0.7729401 1.0
bee 0.00023350626 0.21831715 0.54707575 0.7615004 0.85963213
