bee 0.99857914 0.71091866 0.7851433 0.79173636 0.8932902
bee 0.98860407 0.3757897 0.072569266 0.48295546 0.2191781
bee 0.98674273 0.64602625 0.7642195 0.70965254 0.88452256
bee 0.9369718 0.5931948 0.745845 0.6562988 0.87112564
bee 0.62423736 0.3284292 0.76518977 0.41115698 0.88900185
bee 0.018688722 0.6558365 0.814119 0.7162034 0.8864274
bee 0.011386691 0.0025902716 0.807811 0.019977108 0.91249585
bee 0.0029200367 0.008399583 0.87539977 0.03937491 0.973744
bee 0.0027316862 0.5091147 0.027726457 0.78730935 0.35745347
bee 0.0024699606 0.0134174675 0.0720309 0.14605159 0.6098207
bee 0.0017687668 0.5383951 0.82980174 0.5984226 0.89788383
bee 0.0015118056 0.0 0.12888962 0.8380176 0.9461325
bee 0.0012382653 0.2722802 0.0 0.7804475 1.0
bee 0.0012337827 0.0 0.40327656 0.16236024 0.89018273
bee 0.0011359304 0.0 0.5357432 0.34895933 0.7604305
bee 0.0009792602 0.008603476 0.4500299 0.2575229 0.905876
bee 0.00076752383 0.0109974835 0.9203005 0.06773461 0.9931363
bee 0.0007511793 0.44939584 0.0 1.0 0.88809544
bee 0.000739271 0.0025201128 0.7599278 0.011724571 0.9132615
bee 0.00066582154 0.03368132 0.0657835 0.2617547 0.63550323
bee 0.0006385384 0.0 0.0 0.51732457 0.7794377
bee 0.0005530722 0.7668942 0.011689454 0.96645284 0.41252673
bee 0.00053368445 0.0 0.018214256 0.33971256 0.6021968
bee 0.0005259923 0.35697958 0.03745742 0.7658094 0.25358093
bee 0.00050226256 0.4871896 0.27329206 1.0 1.0
bee 0.00046918285 0.0 0.546861 0.8549197 0.9508905
bee 0.0004406096 0.20023566 0.050443187 1.0 0.4322192
bee 0.00041964234 0.038396776 0.30432305 0.6190308 1.0
bee 0.00041743414 0.5446476 0.0 0.8744588 0.43574607
bee 0.00041275026 0.0031334534 0.20536998 0.056552406 0.6755575
bee 0.00041240102 0.46527433 0.33862498 0.8675995 0.57432437
bee 0.00041132505 0.036159433 0.22625113 0.26544774 0.74430937
bee 0.0003973233 0.20077631 0.0 0.8074118 0.26343265
bee 0.0003882872 0.15259092 0.11698532 0.42862087 0.80664617
bee 0.00037918278 0.052269936 0.02562128 0.50625527 0.4950571
bee 0.00037463824 0.24916221 0.034947768 0.7455954 0.46330237
bee 0.0003734747 0.028637215 0.24754532 0.51137835 0.71843415
bee 0.0003729698 0.54275626 0.08113319 0.7794576 0.54428625
bee 0.00036718522 0.0 0.0 0.4733376 0.35835022
bee 0.00035201386 0.356609 0.0 0.64708364 0.4950006
bee 0.0003486034 0.016397446 0.6423631 0.36549246 0.85868037
bee 0.00034793522 0.45569462 0.058759004 0.96273726 0.5276457
bee 0.00034701714 0.7789446 0.07298145 0.98368704 0.5258012
bee 0.00034346138 0.34275424 0.33500516 0.7133019 0.5736367
bee 0.00034022704 0.004309863 0.16471863 0.16269913 0.73673815
bee 0.00033873698 0.0 0.0 0.8366026 0.37387702
bee 0.0003380266 0.044326052 0.7475612 0.36234474 0.964664
bee 0.0003299353 0.36949837 0.0 0.99582124 0.27891266
bee 0.00032836036 0.0 0.35976398 0.4085002 0.6497786
bee 0.00032527794 0.0 0.0 0.29600036 0.25744292
bee 0.00028995043 0.0 0.4385797 0.3380996 0.65149426
bee 0.00027644692 0.64470536 0.27561152 0.8609169 0.7878288
bee 0.00026629528 0.0 0.0 0.28150532 0.4441036
bee 0.0002573664 0.0 0.5312806 0.49803498 0.980637
bee 0.00025702704 0.0961725 0.048184454 0.3666908 0.5122209
bee 0.0002538474 0.0 0.22092986 0.39642805 0.88793564
bee 0.0002420036 0.0 0.16187099 0.39770782 0.44861802
bee 0.00024014071 0.050470233 0.018114768 0.41608316 0.26169017
bee 0.00023916706 0.72564965 0.0 1.0 0.60934913
bee 0.00023496572 0.22610459 0.2547472 0.76096964 0.71367836
bee 0.0002285616 0.45946896 0.23209193 0.8644949 0.45672956
bee 0.0002250285 0.37660903 0.22692578 1.0 0.69143575
bee 0.00022453816 0.15391402 0.0 0.42124385 0.5477724
bee 0.00021884468 0.0 0.0 0.3834386 0.14104524
bee 0.00021648109 0.6297712 0.13536358 1.0 0.78283626
bee 0.00021078414 0.009226263 0.33100265 0.38181752 0.5615653
bee 0.00021042711 0.2495343 0.33953646 0.61074084 0.56556857
bee 0.00020279641 0.63340545 0.0 1.0 0.43523663
bee 0.00019449613 0.061911076 0.21845 0.3748569 0.6297705
bee 0.00018604723 0.072898075 0.4460786 0.5120384 0.88836414
bee 0.00018574926 0.4406389 0.035351694 0.6764555 0.38396025
bee 0.0001842202 0.3174423 0.15282975 0.9447864 0.47355324
bee 0.00018394376 0.3525787 0.22162147 0.72874767 0.46846908
bee 0.00018277379 0.003399644 0.33610874 0.062733665 0.7696654
bee 0.00018240922 0.38558847 0.06150873 0.5255406 0.2112637
bee 0.00018206552 0.20721471 0.6018786 1.0 1.0
bee 0.00017946927 0.0 0.413742 0.27559587 0.7220873
bee 0.00017929959 0.35752052 0.12201738 0.66126245 0.7860071
bee 0.00017894758 0.42794675 0.08739312 0.7936073 0.38669777
bee 0.00017797001 0.13739228 0.36178604 0.4221694 0.9770007
bee 0.0001776091 0.0 0.12738985 0.35930666 0.33441108
bee 0.00017640807 0.6345782 0.1528874 0.8602804 0.62675256
bee 0.00017454018 0.007450328 0.6821015 0.013627852 0.91726935
bee 0.00017269929 0.35295492 0.435953 0.743632 0.67932606
bee 0.00017200201 0.0 0.54530334 0.42086402 0.8437346
bee 0.00017099225 0.09917855 0.46697554 0.37651598 0.8097999
bee 0.00016680779 0.69412065 0.41367444 1.0 0.8852688
bee 0.00016664562 0.73535806 0.8723658 0.9755303 1.0
bee 0.0001648391 0.0 0.0 0.14467886 0.40500823
bee 0.00016216296 0.0 0.41422155 0.33981085 0.9859164
bee 0.00015731846 0.54243195 0.2335863 0.7517668 0.72956115
bee 0.00015561764 0.07535669 0.4125304 0.38018247 0.7107775
bee 0.00014953781 0.0 0.77832353 0.43524545 1.0
bee 0.00014372465 0.26073736 0.6638882 0.78756803 1.0
bee 0.00013628745 0.46414357 0.0 0.8676227 0.25591788
bee 0.00013323885 0.0012873113 0.72885734 0.28827557 0.98543674
bee 0.00013262445 0.70653594 0.035996646 0.9986172 0.35273626
bee 0.0001322108 0.008787741 0.41111976 0.017864976 0.68194383
bee 0.00013172407 0.82726216 0.36302292 1.0 0.83530533
bee 0.00013089344 0.0070421933 0.3509718 0.017310709 0.64485455
