bee 0.99431396 0.333719 0.7733701 0.41735932 0.88444847
bee 0.96996474 0.40649205 0.15632996 0.49124235 0.34584013
bee 0.41198966 0.61055934 0.62240237 0.6928705 0.8621413
bee 0.02196051 0.62835157 0.60878134 0.68698025 0.8077135
bee 0.016660305 0.002671469 0.8092281 0.02431357 0.91336614
bee 0.0032839004 0.015138179 0.063277215 0.16453601 0.5994724
bee 0.002410341 0.0063558333 0.8718928 0.03830724 0.96800005
bee 0.0023525166 0.47503906 0.02022025 0.7734738 0.34080604
bee 0.0021151497 0.25794458 0.0 0.7561269 1.0
bee 0.0016482898 0.0 0.1492692 0.89329624 1.0
bee 0.0014528822 0.012270451 0.013737291 0.2843327 0.59401906
bee 0.0009813808 0.7342766 0.0 1.0 0.63108444
bee 0.00060100824 0.1311675 0.13185556 0.36986187 0.573976
bee 0.0005631944 0.40622872 0.0 1.0 0.8647219
bee 0.0005343991 0.0366818 0.0 0.43740177 0.62895095
bee 0.00053341035 0.013055274 0.9201466 0.05771394 0.9940728
bee 0.00052851014 0.18788749 0.0 0.8177585 0.26714516
bee 0.00046589313 0.36275825 0.0 1.0 0.2724321
bee 0.0004386239 0.04388608 0.017461002 0.46442115 1.0
bee 0.00043600216 0.65239674 0.27097753 0.85550696 0.82762575
bee 0.0004340651 0.7809462 0.09695871 0.98562497 0.5509524
bee 0.0004336693 0.45658734 0.26090384 1.0 1.0
bee 0.00042047858 0.55007845 0.0 0.87427276 0.4512009
bee 0.00041495706 0.0 0.0 0.6814542 0.5965806
bee 0.00041062283 0.63130164 0.05262509 0.90594363 0.51050675
bee 0.00040827738 0.7661737 0.014537215 0.96576595 0.43668038
bee 0.0004062591 0.22316971 0.22647887 0.34695402 0.51301736
bee 0.0003875447 0.0 0.0 0.46498656 0.3550425
bee 0.00038751308 0.1625861 0.0 1.0 0.5787991
bee 0.00036058264 0.060196936 0.3515364 0.37866825 0.76278985
bee 0.0003580804 0.0 0.4278594 0.75817394 0.95443916
bee 0.00035098827 0.63063854 0.14876732 0.85872537 0.6438916
bee 0.0003505933 0.54406893 0.048615545 0.77776253 0.42894498
bee 0.00034739813 0.0 0.21175644 0.4027657 0.45267108
bee 0.00033784783 0.0 0.49069524 1.0 0.86065567
bee 0.0003359413 0.03014125 0.4372018 0.33742076 0.8505121
bee 0.0003311359 0.0 0.18981221 0.38452762 0.86858416
bee 0.00032817727 0.0 0.0 0.83687764 0.37818784
bee 0.00029810876 0.2926026 0.0 0.6773523 0.5384909
bee 0.00028330964 0.6791028 0.0 1.0 0.42388391
bee 0.0002767668 0.0 0.0 0.29660493 0.25835007
bee 0.00027006946 0.45908564 0.05559823 0.979927 0.52994037
bee 0.0002661856 0.0032669124 0.7708921 0.0125014335 0.91300696
bee 0.0002630183 0.8271151 0.28209448 1.0 0.85424936
bee 0.00025518323 0.0 0.11811322 0.36769983 0.33492
bee 0.00024562393 0.09616962 0.032469124 0.392086 0.4765381
bee 0.0002435842 0.0 0.26266527 0.6086892 0.69916725
bee 0.00023346106 0.042522922 0.7554672 0.36346257 0.960454
bee 0.00022540023 0.024832755 0.0 0.6193054 0.27671823
bee 0.00022052602 0.049153373 0.28754088 0.26957566 0.859061
bee 0.0002158751 0.035101905 0.2112709 0.33064526 0.71546423
bee 0.00021243234 0.33796597 0.035099067 0.7286819 0.255709
bee 0.00021167514 0.40340495 0.08087979 0.7569809 0.36310905
bee 0.00020912282 0.061928436 0.32848597 0.44182354 0.5641137
bee 0.00020662214 0.20456205 0.20471483 0.47223514 0.5399428
bee 0.00020064725 0.023122117 0.44906056 0.3983581 0.6875757
bee 0.00019908154 0.0 0.0 0.3864783 0.14094728
bee 0.00019797796 0.01664406 0.8857226 0.25205508 0.9978108
bee 0.00018432493 0.0 0.3217518 0.15904143 0.8353951
bee 0.0001840671 0.0 0.61668015 0.5662353 1.0
bee 0.00018130032 0.5110974 0.26971158 0.84828764 0.6722574
bee 0.00017211356 0.1733672 0.19790274 0.75320286 0.74732935
bee 0.0001686214 0.0 0.36031055 0.41372606 0.64669204
bee 0.00016677455 0.24318239 0.116534755 0.7520509 0.4634055
bee 0.00016483048 0.6238507 0.0 0.9813156 0.9227158
bee 0.00015334848 0.5341723 0.12356669 0.8089272 0.5248055
bee 0.00015000293 0.1581572 0.12763631 0.43172273 0.783109
bee 0.00014914095 0.3188904 0.15254419 0.9645272 0.47242618
bee 0.00014790671 0.6136892 0.08298752 0.9444572 0.38836566
bee 0.00014747634 0.354877 0.2033402 1.0 0.7222973
bee 0.00014587565 0.0 0.77630955 0.4295739 1.0
bee 0.00014261642 0.09017089 0.2712965 0.3855565 0.60828435
bee 0.00013870701 0.23985416 0.24745859 0.90028745 0.6574336
bee 0.00013731758 0.54456997 0.11368979 0.79959023 0.32161677
bee 0.0001316461 0.0 0.494293 0.32938802 1.0
bee 0.00013151573 0.3888609 0.15917872 0.53663194 0.33108366
bee 0.00013086335 0.0 0.18081318 0.26192468 0.4975528
bee 0.00013052762 0.0 0.0 0.14351887 0.40488732
bee 0.00012982838 0.21514344 0.59757984 1.0 1.0
bee 0.00012884017 0.33554617 0.0009942502 0.57852644 0.3553902
bee 0.00012851552 0.8343108 0.0 1.0 0.53925085
bee 0.00012784534 0.3284825 0.0 0.6723175 0.86704177
bee 0.00012759141 0.2770219 0.6779177 0.79432654 1.0
bee 0.00012742776 0.46632412 0.33252442 0.83053756 0.5697214
bee 0.00012534995 0.30607897 0.0 0.73770493 0.3328376
bee 0.00012411585 0.37149402 0.0086881 0.72093296 0.15326825
bee 0.00012342352 0.22589591 0.06952995 0.47554633 0.4428562
bee 0.000122111 0.31079775 0.4063037 0.57032275 0.76900834
bee 0.000121473764 0.0 0.15857437 0.587273 0.4637942
bee 0.00011999577 0.45616117 0.03157808 0.66931236 0.3845781
bee 0.00011982368 0.080014676 0.24256977 0.45586762 0.4916303
bee 0.00011376242 0.5393897 0.17184554 1.0 0.46263605
bee 0.00011326396 0.23715621 0.32716691 0.59356123 0.5635865
bee 0.00011296056 0.56637454 0.22464672 0.77314615 0.74890304
bee 0.00011287775 0.13775712 0.44591257 0.51513374 0.6803385
bee 0.00011097196 0.6423093 0.44690904 0.9471015 1.0
bee 0.00010984514 0.34778166 0.32445824 0.6899514 0.5644857
bee 0.00010865543 0.0 0.71493155 0.16978168 1.0
bee 0.00010791849 0.07059541 0.458066 0.49688795 0.89927626
bee 0.00010592324 0.54513013 0.43917337 0.8573414 0.9095684
