bee 0.9991555 0.6241764 0.66624063 0.72491443 0.86813956
bee 0.99873275 0.80457264 0.7470609 0.8699706 0.89229524
bee 0.99551827 0.43842673 0.022075295 0.4887945 0.18316601
bee 0.27222812 0.9398485 0.0008480288 0.99385923 0.11554827
bee 0.05015054 0.0038333964 0.91896504 0.06207057 0.9954093
bee 0.01147283 0.0029408392 0.88357997 0.04414863 0.9792359
bee 0.009033383 0.585621 0.030146375 0.8825754 0.3610922
bee 0.005134827 0.004477122 0.8007521 0.025483496 0.9228825
bee 0.0049315933 0.017936759 0.9320778 0.19917533 0.9981436
bee 0.004772871 0.015251517 0.9106972 0.26267755 0.9929687
bee 0.0039273314 0.0 0.04103589 0.18249169 0.6073639
bee 0.003250249 0.5290493 0.032981128 0.8072512 0.40313968
bee 0.0030904529 0.025263034 0.8955678 0.1670005 0.97245204
bee 0.0022878165 0.0 0.0 0.90454185 1.0
bee 0.0022169708 0.30521217 0.0 0.82293046 1.0
bee 0.0017979128 0.0 0.19580278 1.0 0.82782984
bee 0.0015763313 0.0060852855 0.7520627 0.016829044 0.90633154
bee 0.0014055108 0.759135 0.19977891 1.0 0.84012055
bee 0.0013920566 0.0 0.21822172 0.40686542 0.43882328
bee 0.0013056726 0.0 0.01418972 0.2716417 0.54964876
bee 0.001276947 0.69309545 0.01986754 1.0 0.59603345
bee 0.0012437043 0.39635605 0.0 1.0 0.62733364
bee 0.0011783774 0.44526583 0.21611089 1.0 1.0
bee 0.0010211675 0.033725172 0.33958408 0.61838734 1.0
bee 0.0009331733 0.47624177 0.09004803 0.9430559 0.5458204
bee 0.0008492999 0.08714791 0.10781859 0.40635192 0.5711123
bee 0.0008486927 0.03957492 0.30564743 0.2681138 0.88066393
bee 0.00083905767 0.0 0.0 0.71018773 0.68629134
bee 0.00077771203 0.010642201 0.0 0.49093357 1.0
bee 0.00073002937 0.0 0.124849685 0.38241804 0.32995343
bee 0.0007092988 0.077085495 0.005441472 0.45424908 0.37914366
bee 0.0006836682 0.014343761 0.41777045 0.16207892 0.86492366
bee 0.00067824085 0.54864913 0.2708063 0.7535823 0.8370209
bee 0.0006419411 0.041185826 0.0 0.44891542 0.6341007
bee 0.000604108 0.50240123 0.26115865 0.9528674 0.7540353
bee 0.0005936173 0.6518706 0.10147971 1.0 0.7672693
bee 0.0005934513 0.0 0.50208855 1.0 0.8376801
bee 0.0005732966 0.5136466 0.0 0.95636034 0.8371881
bee 0.00056438654 0.48897964 0.0327435 0.85917765 0.28119326
bee 0.000543742 0.0 0.16140711 0.4070415 0.8714385
bee 0.0005109856 0.0 0.25211054 0.57096577 0.69662225
bee 0.000509466 0.0 0.3244893 0.39220446 0.68943983
bee 0.0005055652 0.63580143 0.037661254 1.0 0.38914734
bee 0.0005006832 0.18797995 0.16650061 0.4674061 0.5405045
bee 0.00049662974 0.20479652 0.23235826 0.45571795 0.6678032
bee 0.00048589884 0.13547617 0.05518493 1.0 0.4390655
bee 0.00047008984 0.008870563 0.6803959 0.017597403 0.89881295
bee 0.00046396375 0.48998964 0.0 0.9220346 0.3868125
bee 0.00046060391 0.027397692 0.8757517 0.22245984 0.9758331
bee 0.00043945693 0.36137596 0.0 0.9978584 0.27351078
bee 0.00043525695 0.22443381 0.31296706 0.48613027 0.78164446
bee 0.00043051667 0.4025828 0.26900864 0.7291678 0.72437084
bee 0.00042096464 0.33249027 0.28281528 0.58131033 0.77303225
bee 0.00041666106 0.11336974 0.33421737 0.35561386 0.8258737
bee 0.00041516474 0.04310754 0.749009 0.36164668 0.95703685
bee 0.0004122629 0.0 0.47845066 0.497641 1.0
bee 0.000406063 0.0 0.17316048 0.24702024 0.49581122
bee 0.0003890941 0.19329494 0.18528897 0.7704656 0.7788498
bee 0.00038618047 0.27337962 0.24709795 0.9631844 0.68990517
bee 0.00036091366 0.0 0.0 0.63122046 0.3998739
bee 0.00036033918 0.4363323 0.012116499 0.5226715 0.19483969
bee 0.00035776256 0.5633191 0.0 0.85991335 0.54729354
bee 0.00034318725 0.5727103 0.048320547 0.9539032 0.25813133
bee 0.00034133132 0.54721814 0.17560107 0.7562786 0.58779925
bee 0.00032474563 0.32860216 0.11151719 0.6930071 0.9252404
bee 0.00032383914 0.45150095 0.03212869 0.69966584 0.40528998
bee 0.00032209393 0.0 0.0 0.36476085 0.40144688
bee 0.00031840758 0.39009643 0.25019422 0.7527082 0.48111686
bee 0.00031835414 0.46499336 0.11250663 0.84584975 0.36127642
bee 0.00031021424 0.0 0.5475781 0.41059512 0.7138926
bee 0.0003052683 0.21087223 0.0 0.8018002 0.26698592
bee 0.00030311235 0.0 0.004918143 0.16110851 0.41676313
bee 0.0003030173 0.53768164 0.086116046 0.7005059 0.3586935
bee 0.00030114903 0.0 0.5498781 0.39083773 0.847538
bee 0.0003006499 0.36110544 0.0 0.6566769 0.5998998
bee 0.0002816721 0.25285304 0.052094385 0.73628694 0.49467844
bee 0.00027648828 0.0 0.12535837 0.23311251 0.8012587
bee 0.00027423367 0.41589266 0.35373497 0.6575237 0.8269479
bee 0.00027293467 0.14093544 0.3359664 0.52583236 0.5694107
bee 0.0002721894 0.3462814 0.3138737 0.641039 0.8989311
bee 0.00026997778 0.0 0.56491524 0.87294376 1.0
bee 0.0002697524 0.0 0.77463263 0.44868976 1.0
bee 0.00026806313 0.25465637 0.33885077 0.6390001 0.5655192
bee 0.00025740004 0.111451 0.22 0.3995414 0.6437539
bee 0.0002573105 0.0325215 0.42821628 0.3458414 0.8919479
bee 0.00025592055 0.21798567 0.59026873 0.4693392 0.89183474
bee 0.00024608875 0.28885835 0.49052477 0.69742155 0.88085186
bee 0.00024330406 0.4468466 0.19938941 0.7301544 0.53782785
bee 0.00023571136 0.24641016 0.6504846 0.7754669 1.0
bee 0.00022627316 0.5072665 0.9118762 0.59996414 1.0
bee 0.00022595903 0.34322453 0.040246986 0.73638475 0.2527499
bee 0.00021625932 0.2660073 0.24114886 0.6357169 0.47051325
bee 0.00021403954 0.004035458 0.0 0.3809175 0.14729142
bee 0.00021306664 0.0 0.6839927 0.55062544 1.0
bee 0.00021246109 0.73849154 0.0016947091 0.9486445 0.36958283
bee 0.00021241412 0.0 0.0 0.29606056 0.2631084
bee 0.00021221672 0.9067038 0.0011619292 0.98320365 0.09300411
bee 0.00021003502 0.3423711 0.54651153 0.8946557 0.8687204
bee 0.00020874769 0.03359814 0.6401317 0.4152491 0.82935727
bee 0.00020669129 0.0 0.5874172 0.27924258 1.0
