bee 0.9999945 0.3385896 0.76188374 0.41764587 0.8844633
bee 0.999863 0.5481735 0.78906703 0.6244741 0.8833339
bee 0.9935029 0.68481684 0.7772727 0.78384376 0.88688517
bee 0.9020461 0.36546814 0.03741008 0.45079547 0.23586577
bee 0.012857022 0.003211746 0.8065235 0.020642608 0.9116575
bee 0.0048980145 0.013668038 0.057821244 0.16031885 0.6201273
bee 0.004244837 0.47988153 0.023544714 0.75889313 0.3740729
bee 0.0014025157 0.008104303 0.87624985 0.033676554 0.96877915
bee 0.0013467785 0.022639818 0.057388246 0.25888658 0.63053864
bee 0.0010649506 0.0036318055 0.7538267 0.015353082 0.91507536
bee 0.0009889696 0.023380697 0.17960647 0.88510096 0.9822446
bee 0.0008399668 0.27326435 0.0 0.7851425 1.0
bee 0.00062200165 0.0031870585 0.21149173 0.057486303 0.67370784
bee 0.0006140168 0.5351822 0.07224755 0.7704585 0.5224378
bee 0.0005899309 0.40137646 0.018192172 0.7532184 0.2806943
bee 0.00057688466 0.006929795 0.41275263 0.018586561 0.6889961
bee 0.000555459 0.0045936108 0.0 0.5155587 0.79652894
bee 0.0005409964 0.45435005 0.0 1.0 0.9064299
bee 0.0005009801 0.05535139 0.014807165 0.4227895 0.35775688
bee 0.00048792126 0.37890586 0.0 0.9932262 0.2793786
bee 0.0004583026 0.49472326 0.0 0.9165512 0.3895256
bee 0.00041676316 0.24264345 0.029950872 0.74582875 0.4713201
bee 0.00040490358 0.35032085 0.37004113 1.0 1.0
bee 0.0004012249 0.0069378763 0.21536353 0.41169763 0.45188025
bee 0.0003978056 0.7009223 0.0 0.97306615 0.43972945
bee 0.00039161227 0.010297403 0.2829363 0.13638021 0.83814406
bee 0.00037352613 0.004718996 0.67905754 0.01294801 0.9099087
bee 0.00037142492 0.0 0.5323683 0.8558718 0.9477941
bee 0.00037137623 0.0031986013 0.34524086 0.056975167 0.77086234
bee 0.0003492949 0.11763699 0.054335266 0.36801982 0.5369861
bee 0.0003477031 0.059842557 0.30042213 0.6241652 1.0
bee 0.00034719714 0.20237088 0.0 0.8069849 0.26976985
bee 0.00034387156 0.19777375 0.0 0.9325151 0.3867877
bee 0.00034383175 0.013668187 0.9223658 0.05468084 0.99430585
bee 0.0003348476 0.009282753 0.5390448 0.38406235 0.7619867
bee 0.0003304484 0.7956902 0.07170679 0.99340165 0.53131837
bee 0.0003040217 0.13694641 0.0 1.0 0.57578886
bee 0.00028717643 0.045170024 0.24409088 0.49879116 0.7160188
bee 0.00027767493 0.3628562 0.0 0.65048414 0.49358273
bee 0.00027654046 0.0 0.19732222 0.3233479 0.8102957
bee 0.00026683204 0.008738661 0.46281868 0.01943998 0.7421593
bee 0.00026653276 0.15171719 0.13708818 0.4216212 0.8180399
bee 0.0002664342 0.016544715 0.43828896 0.37505567 0.65218663
bee 0.00026513927 0.446996 0.055884466 0.9498476 0.51919204
bee 0.0002639161 0.46350572 0.3319589 0.846002 0.55083215
bee 0.00026209635 0.23437035 0.26232007 0.74256414 0.713246
bee 0.00026087402 0.026497953 0.44462383 0.26576984 0.92675674
bee 0.00025844638 0.067631215 0.021203116 0.50265193 0.49671978
bee 0.00025241455 0.24355893 0.3101829 0.31765303 0.47425738
bee 0.00024480492 0.0 0.0 0.37761518 0.51043326
bee 0.00024346673 0.05225879 0.34294862 0.4225527 0.55259186
bee 0.00024294289 0.0 0.0 0.26217204 0.42965552
bee 0.00024151565 0.0011755973 0.0 0.3807699 0.14518175
bee 0.00023605974 0.0 0.0 0.29803872 0.26246
bee 0.0002326551 0.0 0.0 0.6012439 0.27923417
bee 0.00023034765 0.0 0.5340741 0.5123656 0.984803
bee 0.0002254789 0.04884222 0.7512751 0.36143237 0.9645353
bee 0.00022505492 0.360052 0.32639185 0.74311244 0.5624602
bee 0.00022359428 0.359862 0.14442879 0.6494291 0.80266327
bee 0.00022021086 0.5611252 0.0 0.8552967 0.561042
bee 0.00021988145 0.44058624 0.24077697 0.83304965 0.46047527
bee 0.00021811953 0.21326108 0.15437205 0.45409745 0.54870343
bee 0.00021675434 0.72579646 0.8747906 0.97669446 1.0
bee 0.00021389427 0.45316017 0.016096607 0.6689218 0.39606482
bee 0.00020640496 0.22909158 0.6066899 1.0 1.0
bee 0.00020461848 0.15748404 0.0 0.4290517 0.6227218
bee 0.00020262478 0.0 0.0 0.34088063 1.0
bee 0.00019654383 0.0 0.36184734 0.5615931 0.6582908
bee 0.00019260912 0.007351116 0.2937947 0.01962504 0.6041738
bee 0.00019070167 0.21483734 0.2324286 0.34905306 0.5047299
bee 0.00018866698 0.0 0.28269544 0.70380193 0.69025075
bee 0.00018375392 0.82052326 0.3497295 1.0 0.8531835
bee 0.00018344789 0.0 0.12828474 0.3625366 0.33639723
bee 0.00018324457 0.09847905 0.48817128 0.37670517 0.81734246
bee 0.00018268736 0.011911454 0.51326865 0.021789556 0.8001223
bee 0.00018027483 0.0 0.13105285 0.2277757 0.74997175
bee 0.00018027175 0.08736318 0.36280364 0.38807255 0.72164816
bee 0.0001755118 0.6553872 0.0 1.0 0.62138057
bee 0.00017525327 0.23905343 0.06607808 0.46215874 0.42926568
bee 0.0001728108 0.23526233 0.33246982 0.62082374 0.5619386
bee 0.00016997155 0.06513789 0.22063291 0.38795877 0.63042957
bee 0.00016925008 0.64759785 0.38724026 0.8783782 0.8114128
bee 0.00016642806 0.24549603 0.18870667 0.70363843 0.9307333
bee 0.0001643753 0.009320576 0.6089183 0.017767414 0.87632537
bee 0.0001606717 0.0 0.329932 0.35730729 0.6726705
bee 0.00016024773 0.65253246 0.44371825 0.95327866 1.0
bee 0.00015963404 0.057613924 0.64164263 0.40131158 0.84144694
bee 0.00015902573 0.49416074 0.5560692 1.0 0.8514704
bee 0.00015632332 0.22492002 0.039542697 0.6357157 0.24138892
bee 0.00015558055 0.29456854 0.0 0.71553624 0.34012613
bee 0.00015552597 0.3217037 0.14889748 0.9299251 0.47237855
bee 0.0001552769 0.39460054 0.11622129 0.75774646 0.36403838
bee 0.0001523228 0.6158024 0.15445232 1.0 0.78842634
bee 0.00015038604 0.2961709 0.2320252 1.0 0.6913963
bee 0.00014896883 0.19113399 0.2826712 0.47672236 0.61056
bee 0.0001484821 0.0 0.17626423 0.25179756 0.49948227
bee 0.00014833621 0.010502249 0.5628469 0.019150835 0.8354634
bee 0.00014673655 0.0 0.50057554 0.32224768 1.0
bee 0.00014102341 0.45521128 0.0 0.8551372 0.2517772
bee 0.00013955554 0.5033357 0.29158986 1.0 0.6780205
