bee 0.99998856 0.81732965 0.7437321 0.8859309 0.87299335
bee 0.9543986 0.40179077 0.15993875 0.5134448 0.2984751
bee 0.893568 0.3021031 0.67706335 0.40106767 0.8550402
bee 0.89223987 0.6955837 0.6496395 0.7924504 0.8373312
bee 0.6859759 0.92316604 0.558097 0.99508715 0.7150792
bee 0.67262536 0.9355485 0.6965234 0.99492055 0.8511466
bee 0.54486907 0.12453884 0.54119307 0.22891054 0.7319136
bee 0.43054417 0.53624636 0.47831234 0.6144616 0.6728881
bee 0.20464048 0.6385863 0.52458483 0.7276739 0.6810544
bee 0.014828744 0.0127174705 0.030069053 0.15585655 0.65817386
bee 0.0107644005 0.002870745 0.7996946 0.01712814 0.9283826
bee 0.0070069865 0.7804327 0.06048003 0.98988116 0.6855545
bee 0.0042840666 0.010236131 0.4734684 0.046894975 0.84338605
bee 0.0037752201 0.0 0.0 0.24772665 0.52142763
bee 0.0025697164 0.0059102927 0.5043746 0.018695924 0.8445691
bee 0.00198988 0.004516453 0.44963872 0.014684178 0.81535804
bee 0.0019239794 0.13504258 0.5767218 0.21414867 0.7605598
bee 0.0018988296 0.0037315306 0.7475047 0.014415171 0.9192786
bee 0.0018750795 0.0063688913 0.8681341 0.028073564 0.96652347
bee 0.0018513113 0.031599708 0.016811311 0.22900012 0.7238527
bee 0.0018232379 0.0057897903 0.68483335 0.016335605 0.8956869
bee 0.0015932613 0.007684804 0.60801464 0.022518273 0.8675472
bee 0.0015315994 0.0 0.017644614 0.17473328 0.3991402
bee 0.0011618691 0.0 0.11697966 0.3981439 0.3348214
bee 0.00086737744 0.833129 0.039096355 1.0 0.5938435
bee 0.0008662843 0.011070721 0.26286757 0.13497293 0.8039824
bee 0.00077453547 0.02221948 0.0 0.94142145 1.0
bee 0.0007264387 0.0 0.1630315 0.41326082 0.46566528
bee 0.0006418704 0.0 0.21250355 1.0 0.83254707
bee 0.0006093299 0.016452998 0.0 0.5030695 0.77900714
bee 0.0005811302 0.0 0.026748516 0.36262673 0.26369226
bee 0.0005621259 0.7651094 0.20149821 0.9610274 0.7240107
bee 0.00056002365 0.297638 0.0 0.8430336 1.0
bee 0.00054760685 0.37400323 0.0 1.0 0.26834482
bee 0.00054109516 0.70686734 0.0 1.0 0.5381123
bee 0.0005365471 0.015433967 0.0 0.6274221 0.28171977
bee 0.0005043605 0.0 0.0 0.38331485 0.61434275
bee 0.00047786228 0.0 0.5074651 0.7710218 0.9602368
bee 0.00046823165 0.53519547 0.16888338 1.0 0.4600681
bee 0.00044705474 0.20330313 0.0 0.8114511 0.27538708
bee 0.00044648367 0.0 0.0 0.6749639 0.59599423
bee 0.0004371673 0.033230275 0.29150856 0.70686734 1.0
bee 0.00043615972 0.0 0.076993644 0.27230054 0.3929373
bee 0.0004356501 0.16229841 0.0 0.90491045 0.3934962
bee 0.00043258752 0.01580131 0.5476099 0.35986254 0.7614777
bee 0.0004211726 0.49065977 0.0 0.9084688 0.40592408
bee 0.00041853645 0.11072406 0.0 1.0 0.5926612
bee 0.00041629717 0.006814605 0.38129377 0.01579726 0.7778876
bee 0.0004098489 0.0 0.0 0.39039043 0.14000659
bee 0.00040932314 0.49260825 0.0 1.0 0.64275694
bee 0.00040312097 0.011935327 0.9189967 0.05859947 0.9976218
bee 0.00039788487 0.10514498 0.53413224 0.26406926 0.710878
bee 0.00039768862 0.5613991 0.0 0.85710025 0.5428332
bee 0.0003876206 0.061522603 0.018304557 0.39793548 0.44100323
bee 0.00036158023 0.011241019 0.4377942 0.36197188 0.67301655
bee 0.00035408814 0.0 0.0 0.3210464 1.0
bee 0.0003487894 0.010834366 0.6439961 0.34526184 0.85486424
bee 0.0003461546 0.05246128 0.17281301 0.19804509 0.55704856
bee 0.000346132 0.4907516 0.36596555 1.0 0.6480785
bee 0.00032377866 0.028690726 0.7531462 0.34596205 0.9607613
bee 0.0003182634 0.40787792 0.3425449 1.0 1.0
bee 0.00031721924 0.6588087 0.07784371 0.8769882 0.5773217
bee 0.00031583355 0.2897994 0.0 0.67820734 0.5365117
bee 0.0003078587 0.6450603 0.033999503 0.8528981 0.41781348
bee 0.0003040136 0.66754913 0.0 1.0 0.2969708
bee 0.000302614 0.0 0.5503928 0.5188629 0.9973187
bee 0.00029885746 0.63990986 0.04425864 0.9610908 0.48618573
bee 0.00029837037 0.17123753 0.20518416 0.80198884 0.7847902
bee 0.00029827966 0.0 0.2540623 0.5730211 0.8055792
bee 0.00029088793 0.51256967 0.053421378 0.95608115 1.0
bee 0.0002877476 0.0 0.0 0.26037484 0.23653917
bee 0.00028197223 0.0 0.35240734 0.43888074 0.64805543
bee 0.00027424385 0.62642366 0.8863289 0.695025 0.9661508
bee 0.00027050622 0.03381373 0.55044794 0.2558366 0.88841426
bee 0.0002693921 0.2228561 0.61841035 1.0 1.0
bee 0.00026268524 0.0 0.20088127 0.30949554 0.77380574
bee 0.00025966254 0.47564188 0.2563495 0.9331062 0.7023361
bee 0.00025276665 0.051669344 0.24795648 0.4474408 0.4683769
bee 0.00024633808 0.32260954 0.012615383 0.68069565 0.9068139
bee 0.00023652744 0.004403716 0.32344395 0.043689013 0.8190319
bee 0.00023343344 0.44533134 0.174083 1.0 0.8249793
bee 0.00022864377 0.1029118 0.0 0.5137472 0.34268987
bee 0.00022163478 0.19133464 0.15584834 0.7370937 0.46068484
bee 0.00021573971 0.28228045 0.2458645 0.71131563 0.6827942
bee 0.00021328495 0.33536106 0.036929592 0.71267813 0.24936135
bee 0.00021322335 0.3511265 0.15188837 0.6432291 0.77862656
bee 0.00021272866 0.18519726 0.4412678 0.8811382 1.0
bee 0.00021259343 0.44419742 0.024494112 0.827216 0.3485882
bee 0.00021191768 0.4479811 0.1536699 0.6199014 0.31254813
bee 0.00021070275 0.6474785 0.43950188 0.9502557 1.0
bee 0.00020947144 0.21845026 0.026934415 0.5757352 0.27889344
bee 0.00020408208 0.0 0.18536596 0.28781298 0.5116955
bee 0.00020299529 0.38686058 0.07352237 0.5197488 0.27238888
bee 0.00019944615 0.5547244 0.1474778 0.84935623 0.7965441
bee 0.00019823354 0.15670124 0.0 0.4346002 0.5279995
bee 0.00019309032 0.085988864 0.25356066 0.5056019 0.69459945
bee 0.00018771616 0.14141476 0.14067258 0.35858786 0.6124744
bee 0.00018379789 0.0 0.33703393 0.38119453 0.55980355
bee 0.0001788009 0.044178195 0.26503736 0.24110469 0.7588236
bee 0.00017858298 0.339338 0.005020395 0.560029 0.3386718
