bee 0.99765414 0.64976686 0.75394297 0.71636194 0.8844459
bee 0.9739821 0.3984748 0.12862834 0.49150175 0.3097103
bee 0.86370724 0.6084384 0.7117667 0.6838449 0.8624537
bee 0.76919776 0.3332695 0.7730917 0.41804942 0.8810971
bee 0.012765093 0.0017790841 0.806739 0.02076846 0.91396403
bee 0.008339871 0.0069944337 0.048982322 0.19069844 0.605911
bee 0.0060981805 0.005995663 0.87376785 0.038233638 0.97381544
bee 0.0035022234 0.5116276 0.01775609 0.7833678 0.3338948
bee 0.0025403157 0.0 0.39063388 0.16537084 0.887801
bee 0.0021592418 0.0 0.16648757 1.0 0.88569844
bee 0.0020909114 0.25688508 0.0 0.7571523 1.0
bee 0.0017107275 0.011376999 0.4472633 0.25611016 0.9179885
bee 0.0015385053 0.0 0.53478026 0.37247896 0.754585
bee 0.0013945058 0.01392027 0.13713998 0.14978108 0.7243958
bee 0.0012810718 0.010761676 0.917934 0.06600661 0.9952578
bee 0.0011207071 0.7831845 0.08106086 0.98035955 0.5605713
bee 0.0010678123 0.0033707945 0.76088923 0.0137020135 0.90345424
bee 0.0008814827 0.72575325 0.0 1.0 0.6259517
bee 0.0007814693 0.7624415 0.015139177 0.97773445 0.43575084
bee 0.0006979669 0.020778738 0.0 0.25919297 0.55043715
bee 0.0006085194 0.0 0.0 0.5161275 0.7764402
bee 0.00060564786 0.0 0.0593279 0.26182678 0.7686275
bee 0.00056370435 0.40974206 0.0 1.0 0.86206317
bee 0.00051598327 0.47193632 0.26003736 1.0 1.0
bee 0.00050678925 0.056710333 0.05208242 0.33248198 0.6326431
bee 0.0004983765 0.51747763 0.13094553 0.81088865 0.5003545
bee 0.0004913011 0.37696645 0.0356803 0.7583767 0.26198915
bee 0.00048573216 0.026517153 0.24532962 0.7285111 1.0
bee 0.0004398016 0.20685339 0.0 0.8203064 0.26887113
bee 0.00043520553 0.47606385 0.066269964 0.97064316 0.52723145
bee 0.00042006955 0.012068942 0.8855644 0.25120085 0.9994101
bee 0.00041034285 0.0 0.5441458 0.92715234 0.94166493
bee 0.0003916636 0.0 0.21323816 0.41598535 0.45016152
bee 0.0003867381 0.28795803 0.0 0.68345207 0.5362456
bee 0.00038455837 0.38596854 0.0 1.0 0.27251148
bee 0.00038146132 0.0 0.0 0.4777242 0.35819918
bee 0.00037062675 0.030281961 0.64219373 0.3847587 0.856525
bee 0.0003686079 0.0 0.36069477 0.40844783 0.6507062
bee 0.00035315446 0.14931309 0.13767558 0.4296195 0.81438845
bee 0.0003529438 0.17099419 0.0 1.0 0.58357084
bee 0.00034569818 0.5508074 0.0 0.8820718 0.44684276
bee 0.0003446877 0.0 0.0 0.823758 0.37909245
bee 0.00033488558 0.024308816 0.2100911 0.30775446 0.68751854
bee 0.00032810186 0.06489581 0.017426804 0.50516623 0.49965662
bee 0.0003270027 0.032717556 0.25213903 0.51594114 0.70129883
bee 0.00031761415 0.6343263 0.15547965 0.84305245 0.6220889
bee 0.0003143654 0.04502593 0.74881375 0.36298853 0.9641261
bee 0.00030708275 0.7205079 0.15486515 1.0 0.8489609
bee 0.00030168498 0.7288641 0.8795047 0.9695102 1.0
bee 0.00029382182 0.11734864 0.09446159 0.37567738 0.5708653
bee 0.00028840263 0.0 0.0 0.29655755 0.2574889
bee 0.00028553102 0.20476833 0.19447951 0.46897885 0.5230516
bee 0.000283674 0.034567676 0.27726772 0.25007677 0.8245834
bee 0.00028329046 0.6377647 0.0 1.0 0.42071378
bee 0.00028302995 0.0075776726 0.33078784 0.3950451 0.5556661
bee 0.00028096483 0.004809685 0.9230539 0.15150213 0.99712604
bee 0.0002653512 0.068991214 0.46508443 0.37342584 0.8285835
bee 0.00025957814 0.0 0.21365413 0.39335588 0.8842701
bee 0.00024928435 0.0042198263 0.29347593 0.06420232 0.7148985
bee 0.0002475978 0.0 0.543366 0.50175905 0.9831031
bee 0.00024314591 0.44843623 0.0 0.6931504 0.35517156
bee 0.00023114386 0.15159087 0.0 0.43306518 0.63271105
bee 0.0002302326 0.0 0.4094782 0.26726285 0.7137028
bee 0.0002290079 0.34500587 0.33451355 0.6924865 0.57080877
bee 0.00021894423 0.18504599 0.17891318 0.77073526 0.7538488
bee 0.00021382353 0.4327548 0.34845412 0.82356876 0.5728768
bee 0.00020694963 0.0 0.0 0.38723627 0.1417393
bee 0.0002064961 0.063191 0.41179186 0.3771263 0.71412927
bee 0.00019303107 0.46328807 0.27282023 0.94662666 0.75806034
bee 0.00019147074 0.0 0.40560752 0.33911553 0.98382944
bee 0.00018963387 0.07122375 0.445618 0.50676465 0.88267696
bee 0.00018918181 0.0 0.12221915 0.3797559 0.33440092
bee 0.0001890538 0.49927792 0.26273167 0.7951629 0.6110586
bee 0.00018099752 0.3154227 0.15701576 0.96833044 0.4744532
bee 0.00017572011 0.13506064 0.35495847 0.42455623 0.9870843
bee 0.00017517207 0.18836865 0.1478719 0.7752466 0.46087557
bee 0.00017326289 0.0 0.777262 0.4293538 1.0
bee 0.0001730047 0.0 0.015939996 0.17648467 0.40573138
bee 0.00017288004 0.0005782135 0.13564965 0.066238284 0.60342646
bee 0.00016978398 0.24433324 0.25981697 0.9224374 0.6602782
bee 0.00016298519 0.0 0.1545409 0.58972144 0.4674121
bee 0.00015131786 0.23725833 0.33748114 0.6080249 0.56729394
bee 0.00014981312 0.27421984 0.6633426 0.79162633 1.0
bee 0.0001495227 0.6176958 0.033793896 0.99052775 0.94224906
bee 0.00014879208 0.45901763 0.24000104 0.8498951 0.4677598
bee 0.0001487308 0.5383433 0.20989202 0.75056875 0.68798363
bee 0.00014853395 0.079298496 0.22276516 0.39192772 0.6165294
bee 0.00014742628 0.2267631 0.23320097 0.34822193 0.4981364
bee 0.00014718524 0.34484053 0.026768282 0.55665535 0.3857069
bee 0.00014569744 0.35321552 0.15144068 0.6527749 0.8066179
bee 0.00014173209 0.0 0.8543848 0.15481529 0.97734857
bee 0.00013787388 0.27173182 0.50527436 0.67176294 0.7929868
bee 0.00013738111 0.22168905 0.59450936 1.0 1.0
bee 0.00013549598 0.34215152 0.4385444 0.7170552 0.686298
bee 0.00013511254 0.0 0.30387074 0.27449572 0.6179494
bee 0.00013357366 0.008266504 0.6765481 0.015789598 0.91852224
bee 0.00013184936 0.0 0.59615207 0.28224045 1.0
bee 0.00013178487 0.16222 0.24390739 0.51420116 0.47831184
bee 0.00013075284 0.6494192 0.27409267 0.8567462 0.7570046
bee 0.00012859274 0.1269052 0.3569432 0.74239 0.66543025
