bee 0.99902487 0.60365736 0.7033635 0.6820301 0.86117357
bee 0.9951651 0.33288157 0.77014804 0.42113197 0.888736
bee 0.96670467 0.5822348 0.22669879 0.64335126 0.39102557
bee 0.8329726 0.40764365 0.17443486 0.49905923 0.35826606
bee 0.0065340716 0.0019206796 0.8061091 0.01818821 0.9099834
bee 0.0040522474 0.013671912 0.06269315 0.14533809 0.6048522
bee 0.001254405 0.008079274 0.87359124 0.033044934 0.9678659
bee 0.0012397611 0.0037758946 0.26663372 0.13926049 0.86196756
bee 0.0011157974 0.257247 0.0 0.7754824 1.0
bee 0.0011118196 0.0026879297 0.76009727 0.012902433 0.90297365
bee 0.0010675952 0.061528206 0.13523728 1.0 0.8132233
bee 0.0006986814 0.023736283 0.055428147 0.2566067 0.63444865
bee 0.00066811027 0.0 0.5394808 0.3522427 0.7659093
bee 0.00047045964 0.0 0.016310185 0.18570626 0.5444908
bee 0.00045389583 0.055689007 0.0 0.4436907 0.6471007
bee 0.00041849818 0.02461601 0.4550447 0.2606977 0.9181444
bee 0.00041134056 0.1818237 0.0 0.8557236 0.27372077
bee 0.00040679993 0.05387442 0.2267094 0.5160895 0.68623185
bee 0.00039161503 0.033491403 0.23308259 0.72601974 1.0
bee 0.00037467753 0.06226024 0.06325066 0.47601798 1.0
bee 0.00036213026 0.00023597479 0.14944416 0.15729347 0.733357
bee 0.00033554726 0.0 0.0 0.66214067 0.5931898
bee 0.00032841138 0.765394 0.0 0.9578867 0.41353148
bee 0.00032179008 0.0 0.5229262 0.9004098 0.94020224
bee 0.0003196647 0.48568636 0.24320382 1.0 1.0
bee 0.00031314619 0.27690458 0.0 0.6868567 0.53935885
bee 0.00031265695 0.0 0.0 0.3762479 0.5147596
bee 0.00031168255 0.14331666 0.12779444 0.42959127 0.8016297
bee 0.0002993762 0.121769816 0.0 0.48382667 0.43791732
bee 0.0002948188 0.0013380349 0.21928054 0.40199998 0.45183825
bee 0.00029012215 0.0 0.0 0.6177261 0.27248248
bee 0.00028921766 0.008820951 0.3626765 0.6025521 0.67434716
bee 0.00028491128 0.044761986 0.75200516 0.35378066 0.9655407
bee 0.00028137874 0.8936643 0.8410915 0.9385434 0.879138
bee 0.0002789967 0.0 0.02537474 1.0 0.49179837
bee 0.00027463346 0.00576213 0.67785954 0.012606803 0.90632546
bee 0.00026673105 0.8363393 0.37126938 1.0 0.8500929
bee 0.00026493965 0.0 0.43788904 0.3460203 0.6572855
bee 0.00026345777 0.42071813 0.0 1.0 0.881482
bee 0.00025559304 0.0 0.0 0.29594877 0.26202166
bee 0.00023882708 0.040351346 0.2984116 0.2525025 0.8199905
bee 0.00023641787 0.0 0.122347884 0.3741073 0.34038988
bee 0.0002334399 0.037289172 0.63962823 0.37319398 0.86059946
bee 0.0002281216 0.37372488 0.0 1.0 0.29030558
bee 0.00022068483 0.27102432 0.2749815 0.9234003 1.0
bee 0.0002199603 0.0 0.53438175 0.502183 0.9754602
bee 0.00021918441 0.67147917 0.0 1.0 0.41534063
bee 0.0002119288 0.0 0.0 0.38272893 0.14511295
bee 0.00020899744 0.0 0.19648287 0.32511702 0.79349434
bee 0.00020519953 0.53488755 0.03891079 0.7666595 0.39551634
bee 0.000201189 0.21295771 0.16155368 0.76363873 0.4597702
bee 0.0001999147 0.78292435 0.08081631 0.9852453 0.5386318
bee 0.00019216172 0.9743486 0.8405784 0.9957059 0.8802013
bee 0.00019212067 0.115250096 0.17327814 0.36077547 0.6301007
bee 0.00018796689 0.015269846 0.9260871 0.059370615 0.99289805
bee 0.00017941365 0.3872974 0.17078114 0.53465873 0.33606976
bee 0.00017538515 0.5450969 0.0 0.8788465 0.44081357
bee 0.0001672228 0.014195219 0.33691436 0.37651116 0.56123203
bee 0.00016704256 0.0 0.77911025 0.42928994 1.0
bee 0.00016699638 0.0 0.41270816 0.26905733 0.71908605
bee 0.00016601913 0.0 0.0 0.33444917 0.96875644
bee 0.00016412674 0.15933141 0.1643857 0.7684525 0.7525691
bee 0.00014859471 0.21848649 0.06730226 0.47088945 0.42959794
bee 0.00014441775 0.0 0.48480958 0.32459432 1.0
bee 0.00014377771 0.08010781 0.44474608 0.49992138 0.8860763
bee 0.0001426892 0.05505815 0.44884327 0.375516 0.8209158
bee 0.0001425241 0.6610564 0.077409714 0.8861407 0.49191776
bee 0.00013982995 0.13230646 0.34527916 0.42045397 0.9713736
bee 0.00013899764 0.38564217 0.0 1.0 0.51676375
bee 0.00013649333 0.26284012 0.26093084 0.9286822 0.6501755
bee 0.00013605633 0.21433732 0.17576106 0.4711193 0.5161978
bee 0.0001348609 0.08297941 0.41211542 0.3680288 0.7195866
bee 0.00013462384 0.0030535907 0.7289757 0.28132796 0.98769385
bee 0.00013235018 0.65018636 0.14029372 0.8623007 0.60241616
bee 0.00013199389 0.21470118 0.59724104 1.0 1.0
bee 0.00013151637 0.4641677 0.028584555 0.8317399 0.36602235
bee 0.00012917847 0.0 0.0 0.1503358 0.39858127
bee 0.00012887054 0.615669 0.0 0.9644829 0.8774921
bee 0.00012406449 0.269915 0.6664899 0.79680836 1.0
bee 0.00012354706 0.23455441 0.22015615 0.34621197 0.48818237
bee 0.000121647274 0.55144984 0.49552357 0.73702425 0.907388
bee 0.000118974225 0.48096064 0.54716647 1.0 0.84119296
bee 0.0001171784 0.0 0.65104043 0.1768795 1.0
bee 0.000116547555 0.43982968 0.0 0.6698749 0.3646794
bee 0.00011638608 0.09373571 0.09440087 0.3913139 0.5235424
bee 0.00011462265 0.49290308 0.28464192 1.0 0.6839674
bee 0.00011417344 0.35360348 0.13939095 0.65784013 0.79844034
bee 0.00011266537 0.6442102 0.08455844 0.9569217 0.38219458
bee 0.00010768092 0.0 0.69107914 0.55015284 1.0
bee 0.000106336855 0.0 0.02064237 0.26079348 0.41067865
bee 0.0001054716 0.0120067205 0.30734468 0.021157326 0.5677562
bee 0.00010524495 0.45935643 0.3420246 0.8423588 0.54993737
bee 0.00010486176 0.649719 0.23345125 0.8651875 0.74913406
bee 0.00010478152 0.3119611 0.45583585 0.6404024 0.90194714
bee 0.00010396945 0.0 0.18056564 0.26011348 0.49745202
bee 0.000103676204 0.12634483 0.34907 0.33854505 0.79356295
bee 0.00010281936 0.0 0.30360115 0.2826271 0.6234758
bee 9.9197845e-05 0.6458793 0.44222188 0.9528162 1.0
bee 9.889589e-05 0.1992932 0.3631676 0.7615415 0.68100226
bee 9.71205e-05 0.31822196 0.0 0.72629213 0.34051716
