bee 0.999956 0.4078061 0.24118069 0.49041128 0.4293141
bee 0.99684155 0.33233106 0.7733967 0.41482598 0.89163524
bee 0.95412564 0.58662826 0.7297923 0.6798691 0.8716095
bee 0.014217692 0.0023660846 0.8086979 0.023128498 0.9152904
bee 0.0052618883 0.011092357 0.06184393 0.14253008 0.5982823
bee 0.0026023523 0.0065274984 0.8730093 0.038667623 0.9712347
bee 0.001865876 0.8391928 0.2576277 1.0 0.8311324
bee 0.0015989214 0.036889374 0.0 0.8801449 1.0
bee 0.0014281981 0.0 0.19914135 1.0 0.82951665
bee 0.0012038705 0.16982844 0.0 0.8341353 0.27336803
bee 0.0008415005 0.0 0.28482607 0.1521011 0.86056685
bee 0.00081332284 0.021331847 0.06314781 0.25386307 0.63016033
bee 0.00077532785 0.002574157 0.7610838 0.013630811 0.90906924
bee 0.00074628566 0.46347272 0.02954501 0.86777306 0.37588304
bee 0.0006064019 0.015738815 0.0 0.51157105 0.8578782
bee 0.00059230224 0.012091508 0.9196832 0.06465103 0.9947424
bee 0.0005860919 0.42070973 0.0 1.0 0.8780775
bee 0.0005774029 0.0 0.0 0.63408846 0.26683098
bee 0.00055862445 0.03920929 0.0 0.4378103 0.62848973
bee 0.0004848544 0.53024054 0.052876934 0.7810291 0.42388558
bee 0.00048197948 0.0 0.0 0.68675566 0.60497403
bee 0.00045167364 0.3645153 0.0 1.0 0.27115774
bee 0.00044524833 0.4893555 0.27350497 1.0 1.0
bee 0.00041005877 0.23942086 0.05421962 0.73952305 0.48433596
bee 0.00039502032 0.06390113 0.3167155 0.6342029 1.0
bee 0.0003902808 0.0 0.5293016 0.86763144 0.93962353
bee 0.00038296927 0.18431437 0.054856017 1.0 0.42960614
bee 0.00037954593 0.7202371 0.0 1.0 0.6416501
bee 0.00035807103 0.72614163 0.18920904 1.0 0.8437813
bee 0.00033285358 0.04976061 0.014036417 0.46617624 0.23979026
bee 0.0003306586 0.5116555 0.1706406 0.7882908 0.52026516
bee 0.00032878888 0.045607656 0.75158894 0.3579306 0.964983
bee 0.0003142168 0.5577486 0.0 0.88689643 0.45245707
bee 0.00031052227 0.34254807 0.0 0.6800154 0.42656857
bee 0.0003090385 0.060211405 0.080646574 0.3395548 0.61727285
bee 0.00030635082 0.032104 0.016314805 0.5185468 0.34684014
bee 0.0003046037 0.6848408 0.0 1.0 0.40335798
bee 0.00030392694 0.29502577 0.21884394 0.9336485 1.0
bee 0.00029960892 0.060749844 0.23261566 0.52255464 0.68744767
bee 0.0002914412 0.0 0.54215443 0.3518464 0.7460706
bee 0.00028780906 0.036319554 0.0 0.51069313 0.15573296
bee 0.00028414547 0.0 0.22298574 0.40268472 0.44840157
bee 0.0002776077 0.0 0.0 0.297466 0.26041403
bee 0.00027487104 0.12917472 0.0 0.48606986 0.44548023
bee 0.00026053298 0.0 0.0 0.8325053 0.38755077
bee 0.00025495174 0.018638805 0.8859049 0.2510255 0.99756444
bee 0.00024897317 0.6427051 0.06485769 0.9556501 0.35842583
bee 0.0002346722 0.0 0.0 0.28158337 0.43741688
bee 0.00023204919 0.7642118 0.060832486 0.9748931 0.5099929
bee 0.00022223787 0.1510182 0.112582296 0.43112105 0.7689854
bee 0.00022110774 0.45584476 0.056588635 0.95934606 0.5124542
bee 0.00021866217 0.45044595 0.014288306 0.71566814 0.3784368
bee 0.00020947483 0.45403847 0.24255043 0.8338169 0.4695084
bee 0.00020695615 0.0 0.21174881 0.38324913 0.88590693
bee 0.00020133714 0.14993876 0.1831598 0.7628318 0.74680305
bee 0.00019745293 0.53632414 0.27855152 1.0 0.68865
bee 0.00019428502 0.0 0.5421218 0.49630645 0.9735063
bee 0.00018864377 0.0009646714 0.35500333 0.5907868 0.6672164
bee 0.00018626252 0.34908992 0.216553 1.0 0.7072724
bee 0.00018326011 0.6213899 0.1292761 1.0 0.7524824
bee 0.00017670316 0.20282692 0.042567104 0.4804278 0.38614628
bee 0.00017271214 0.40684986 0.023528308 0.82103395 0.26107448
bee 0.00017156679 0.038540184 0.63918966 0.3831398 0.85231465
bee 0.00016738007 0.006920944 0.6801572 0.013393153 0.9063424
bee 0.00016716175 0.21118504 0.5992001 1.0 1.0
bee 0.0001655678 0.0 0.12527329 0.37295908 0.33815372
bee 0.00016211628 0.20244256 0.34615225 0.72395694 0.6826257
bee 0.00016046103 0.34949502 0.1442509 0.654158 0.7646934
bee 0.00015834757 0.0 0.77731466 0.42933556 1.0
bee 0.00015651842 0.4603365 0.33374688 0.79589313 0.5648862
bee 0.00014885736 0.6317967 0.174694 0.86887527 0.6495411
bee 0.00014313794 0.32792017 0.031441614 0.5663876 0.3774022
bee 0.00014300042 0.4730917 0.55462635 1.0 0.84932935
bee 0.00014148418 0.13955697 0.15315776 0.36232254 0.6010726
bee 0.00014105084 0.07495263 0.45225075 0.5068135 0.8896271
bee 0.00014002048 0.3557732 0.12401412 0.770154 0.35981435
bee 0.00013603322 0.26067862 0.6641807 0.8052149 1.0
bee 0.0001359015 0.0017574131 0.73225975 0.28576759 0.9841305
bee 0.00013517452 0.0 0.3341106 0.3562106 0.6807797
bee 0.00012824107 0.0 0.44178763 0.33802408 0.64546865
bee 0.00012788839 0.13208015 0.34179795 0.42032915 0.97747266
bee 0.0001253417 0.6492013 0.43060893 0.94872975 1.0
bee 0.00012415631 0.053495318 0.23188516 0.25085223 0.8220463
bee 0.0001219453 0.0 0.5026542 0.32473308 1.0
bee 0.00011741563 0.3850548 0.7284773 0.9993206 1.0
bee 0.00011625077 0.0 0.01521796 0.16545378 0.4010615
bee 0.000113185575 0.36807373 0.23807923 0.6940868 0.46254218
bee 0.0001131668 0.0 0.69077414 0.5493593 1.0
bee 0.000112724694 0.6514987 0.2836581 0.86479867 0.776483
bee 0.000112254755 0.6600455 0.5457621 1.0 0.74172956
bee 0.0001103155 0.0 0.643682 0.17663097 1.0
bee 0.00010975206 0.0 0.41715315 0.2522604 0.6975932
bee 0.0001090059 0.45228586 0.47172958 0.94323444 0.9221665
bee 0.00010653741 0.0 0.9026177 0.16518357 1.0
bee 0.00010573392 0.026824862 0.45080695 0.24477205 0.93102443
bee 0.000104586456 0.0 0.1805979 0.26319957 0.50071186
bee 0.000103887694 0.27792266 0.45361185 0.7214006 0.89401436
bee 0.00010214311 0.0653867 0.8813224 0.34602845 1.0
bee 0.000100645644 0.56231976 0.031769194 0.9940629 0.27821377
bee 0.00010003824 0.046353012 0.34773028 0.41240588 0.5544826
