bee 0.9999981 0.7926935 0.7443574 0.85753 0.88838917
bee 0.9998128 0.6210192 0.65393245 0.7154985 0.8622385
bee 0.3604371 0.92030436 0.04408773 0.9968839 0.22771895
bee 0.06665662 0.0042012 0.9160693 0.069656506 0.9953688
bee 0.023653023 0.0009987764 0.887261 0.05337737 0.9820152
bee 0.010671706 0.015679777 0.46558756 0.31557956 0.82877654
bee 0.0067940336 0.7666073 0.21565922 0.9584199 0.70065546
bee 0.006357764 0.0 0.03809288 0.18900742 0.6154144
bee 0.0054686833 0.012614146 0.93269634 0.18251747 0.998924
bee 0.0053671715 0.5735852 0.034298226 0.8619413 0.36374676
bee 0.0035589412 0.0 0.36755422 0.19882928 0.9010222
bee 0.0033557503 0.003509244 0.8064257 0.033851527 0.92092824
bee 0.0031453108 0.02283109 0.9125842 0.22946519 0.9963081
bee 0.002961419 0.74847376 0.099310756 0.95916104 0.45344764
bee 0.0023548948 0.022909641 0.8934703 0.16397858 0.97786736
bee 0.0021844162 0.46928307 0.037220716 0.81483483 0.38327318
bee 0.0020913612 0.0 0.011608422 0.8514502 0.8632145
bee 0.001813571 0.2975964 0.0 0.8092218 1.0
bee 0.0014815058 0.0 0.2181155 0.37852576 0.4389577
bee 0.001336614 0.006879139 0.7539933 0.020960575 0.9006561
bee 0.001114805 0.42049685 0.0048538744 0.6964203 0.38411173
bee 0.001069888 0.44417545 0.0 1.0 0.8866427
bee 0.0010252564 0.4749168 0.26763284 1.0 1.0
bee 0.0009878405 0.0 0.51383716 0.39972663 0.7253688
bee 0.0009824263 0.5562506 0.046393603 0.77072096 0.39728206
bee 0.0009777821 0.05049804 0.36801884 0.3653706 0.80195534
bee 0.0008495406 0.0 0.4484806 0.76768494 0.9650303
bee 0.0007973756 0.536277 0.24961182 0.75362235 0.8009863
bee 0.00077793136 0.023334399 0.0 0.4757567 1.0
bee 0.0007662165 0.04021302 0.0 0.44603586 0.5933961
bee 0.0007248081 0.0 0.0 0.28914344 0.4793977
bee 0.0007141954 0.037481815 0.61962855 0.40721485 0.83649385
bee 0.00069477473 0.028411746 0.0 1.0 0.55408466
bee 0.00066620274 0.0 0.12985343 0.35702798 0.33220488
bee 0.0006556329 0.22567177 0.045338944 1.0 0.41614932
bee 0.00065307785 0.0 0.48729038 1.0 0.85273075
bee 0.00065277144 0.5073552 0.14903519 0.7904804 0.54270077
bee 0.0006457954 0.1754266 0.0 0.80464226 0.27308315
bee 0.00061236054 0.032108106 0.8769931 0.21980724 0.97874624
bee 0.00061153964 0.4562969 0.06391433 0.9272697 0.5272094
bee 0.0006060584 0.37611374 0.0 1.0 0.28359848
bee 0.0006026076 0.23462833 0.32764286 0.4821335 0.7618559
bee 0.0005689958 0.52056754 0.0 1.0 0.42417455
bee 0.000544557 0.55452526 0.0 0.8490473 0.52443063
bee 0.00054325006 0.007846607 0.6833979 0.018783083 0.894456
bee 0.0005398778 0.6435013 0.1304749 0.85635877 0.64122295
bee 0.00050823134 0.49444422 0.035935357 0.85474813 0.25946403
bee 0.0005071892 0.6030837 0.13704893 0.98829174 0.35410905
bee 0.0005070495 0.0 0.17425218 0.22960436 0.4876813
bee 0.000492249 0.48927274 0.234438 0.8215791 0.69803095
bee 0.00048593263 0.0 0.24076837 0.5533053 0.7975834
bee 0.00047097701 0.0039642453 0.12075782 0.2808243 0.8041019
bee 0.00046993123 0.62938833 0.022938386 0.9542315 0.27669322
bee 0.00046568204 0.24092677 0.06299998 0.74449635 0.5087471
bee 0.0004638304 0.37009344 0.0 0.65759635 0.60892045
bee 0.00046338784 0.26112306 0.21565887 0.42074853 0.49504527
bee 0.00044936084 0.0 0.0 0.65596724 0.61298996
bee 0.00042892995 0.0 0.0 0.16615483 0.41931468
bee 0.00042787057 0.50659406 0.11782674 0.8857783 0.3479714
bee 0.00042308058 0.20401683 0.27866206 0.45636633 0.60929656
bee 0.00042059927 0.0 0.4763763 0.49409807 1.0
bee 0.0004144834 0.0 0.42523587 0.39899236 0.6385827
bee 0.00041223987 0.0 0.40490794 0.2826532 0.699088
bee 0.00039678207 0.3869277 0.03312672 0.7782246 0.27194467
bee 0.00037662138 0.7617485 0.048021764 1.0 0.6564034
bee 0.00036962997 0.03197348 0.7454835 0.3482686 0.95673096
bee 0.00035957497 0.7125343 0.1706276 0.9629103 0.8585801
bee 0.00035065098 0.27419588 0.0 0.70760083 0.4081518
bee 0.00033919633 0.66874963 0.0 0.9813456 0.5926031
bee 0.0003390843 0.75788236 0.3305149 0.9640064 0.8169918
bee 0.00032846743 0.0 0.0 0.4701282 0.36812603
bee 0.0003274366 0.5195582 0.16520292 1.0 0.46661156
bee 0.00032627804 0.0 0.0 0.61542964 0.26930916
bee 0.00032464348 0.14277527 0.0 0.49373302 0.4407756
bee 0.0003217554 0.35896105 0.11669365 0.7537553 0.3393738
bee 0.00031584827 0.0 0.3268355 0.37268966 0.6805241
bee 0.00031085135 0.28955346 0.24659128 0.73599 0.7239389
bee 0.0003021899 0.100930974 0.11083487 0.4284504 0.5361562
bee 0.00029837096 0.31986713 0.4126243 0.6571413 0.888779
bee 0.00029441714 0.17948174 0.15997465 0.7980485 0.46214676
bee 0.00029375154 0.5303724 0.25726074 0.9401097 0.47787553
bee 0.00029355526 0.3452655 0.3929425 0.56994224 0.8362543
bee 0.00027702155 0.22783393 0.54674596 0.7708022 0.86834437
bee 0.00027464522 0.18801624 0.1512017 0.77686495 0.77308536
bee 0.0002653717 0.39444345 0.24270208 1.0 0.70827156
bee 0.0002621266 0.61780417 0.14738473 1.0 0.79461396
bee 0.00025774186 0.16276173 0.18015483 0.42921996 0.8156295
bee 0.000255831 0.0 0.7750413 0.4497528 1.0
bee 0.00025490287 0.25115877 0.6497084 0.7852046 1.0
bee 0.0002481338 0.18877712 0.16451478 0.46422443 0.5160612
bee 0.0002447319 0.25739443 0.20666596 0.71390414 0.93022263
bee 0.00024454622 0.10399546 0.52546054 0.37030977 0.86467344
bee 0.00023241786 0.7272093 0.0 1.0 0.42178047
bee 0.00022909566 0.31462538 0.22484338 0.4444393 0.4741627
bee 0.00022713495 0.009561218 0.44345 0.16616446 0.84928536
bee 0.0002228566 0.4563478 0.12723866 0.69065654 0.32808012
bee 0.00022050562 0.0 0.59156644 0.28151637 1.0
bee 0.00021868992 0.0 0.0 0.8420924 0.3819147
bee 0.00021093796 0.5845366 0.15874496 0.8892184 0.56523454
bee 0.00020578047 0.0 0.68837607 0.5449611 1.0
