bee 0.9999566 0.70293677 0.7771767 0.7865883 0.88546234
bee 0.99987113 0.58863884 0.7435138 0.6509833 0.87844276
bee 0.84510845 0.3280312 0.76605666 0.4087297 0.8930279
bee 0.726019 0.370397 0.0649788 0.47707835 0.2212081
bee 0.15883663 0.6559713 0.8261103 0.7126714 0.88555866
bee 0.030842226 0.22390498 0.0037419982 0.27037778 0.06343821
bee 0.022748869 0.0025279196 0.8064904 0.020184603 0.9170239
bee 0.0063952073 0.007832557 0.8709055 0.034716 0.97086644
bee 0.0017475105 0.007766366 0.15813649 0.8302092 0.98583925
bee 0.0016169471 0.26984885 0.0 0.77132475 1.0
bee 0.0016150291 0.01737447 0.05094731 0.163687 0.58807087
bee 0.001401581 0.0028370777 0.75706095 0.013346239 0.91922706
bee 0.0011389138 0.54201746 0.02314207 0.77801204 0.40137684
bee 0.0008856622 0.011254057 0.0160788 0.29473358 0.6112367
bee 0.00073211844 0.12701434 0.06172146 0.36621845 0.52169275
bee 0.00068558217 0.3871381 0.0 1.0 0.6268139
bee 0.00067655626 0.77541286 0.06360532 0.98209995 0.55146503
bee 0.0006174151 0.0 0.0 0.51109385 0.7843906
bee 0.00046770708 0.4831071 0.2890517 1.0 1.0
bee 0.00046723717 0.01239017 0.92166704 0.054545026 0.9939824
bee 0.0004117305 0.23889095 0.03831911 0.7424234 0.4747796
bee 0.00041071302 0.0005324334 0.29103434 0.15332048 0.8761625
bee 0.00040489933 0.0 0.12156241 0.36297333 0.33463866
bee 0.00040117782 0.6514407 0.28821817 0.85645324 0.77406144
bee 0.00040104115 0.0 0.53989285 0.8758421 0.9502923
bee 0.00038787507 0.5063492 0.0 0.935971 0.38357103
bee 0.0003832213 0.16793978 0.050703943 1.0 0.4362986
bee 0.00037971762 0.04609835 0.30866617 0.63571703 1.0
bee 0.00037118385 0.20480981 0.0 0.80844855 0.265606
bee 0.00036990124 0.39437258 0.0 1.0 0.28343773
bee 0.00036317037 0.0 0.0 0.8392576 0.37290782
bee 0.00036174347 0.68070674 0.0 1.0 0.42334682
bee 0.0003379662 0.3582471 0.0 0.64846855 0.4919265
bee 0.0003308415 0.0 0.0 0.35293937 0.38291925
bee 0.00032921735 0.32804865 0.18640167 0.91430193 1.0
bee 0.00030959997 0.08018622 0.8563232 0.19384405 0.910675
bee 0.000304093 0.61474395 0.124052316 1.0 0.7695067
bee 0.0003039119 0.032207012 0.24797612 0.51533633 0.7247972
bee 0.00030389914 0.0 0.18408483 0.395724 0.8445001
bee 0.0002971681 0.0 0.13115011 0.39043543 0.48649758
bee 0.00029569538 0.4866199 0.0 0.98094183 0.8992384
bee 0.00029203587 0.0 0.0 0.2960906 0.25895312
bee 0.00028554953 0.15299076 0.11361563 0.43107063 0.8045832
bee 0.00028054084 0.54403585 0.07810922 0.76274997 0.56013566
bee 0.00027814604 0.3401694 0.03704814 0.73110294 0.2518843
bee 0.00027718057 0.64071006 0.14136617 0.8700623 0.62469363
bee 0.00027539727 0.56242895 0.0 0.87026656 0.55005753
bee 0.00027214867 0.052534282 0.025493115 0.5051628 0.49063906
bee 0.00026812652 0.0 0.0 0.37728995 0.14387949
bee 0.00026681068 0.0 0.5387005 0.33063972 0.74748856
bee 0.0002630725 0.0 0.0 0.5695874 0.3142234
bee 0.0002568421 0.044312894 0.75029325 0.35424715 0.96285737
bee 0.0002544117 0.008078421 0.67086595 0.014704533 0.92166287
bee 0.0002404092 0.0 0.35545743 0.3927046 0.6475607
bee 0.0002372563 0.35518157 0.22560681 1.0 0.70185596
bee 0.00023053748 0.4805498 0.017163083 0.828017 0.30488527
bee 0.00021517047 0.02470249 0.6420423 0.3729493 0.8545121
bee 0.00020841935 0.18290943 0.18257993 0.7555401 0.77348936
bee 0.0002059575 0.0 0.019196242 0.17136484 0.3981683
bee 0.00019023984 0.4592677 0.24609235 0.8641913 0.46474013
bee 0.00018825047 0.5325131 0.059447005 1.0 0.5209608
bee 0.00018549562 0.0 0.5490928 0.49113262 0.98647517
bee 0.00018399497 0.21139234 0.6048307 1.0 1.0
bee 0.0001838666 0.4532796 0.035993695 0.71062565 0.41289476
bee 0.00018285972 0.29409918 0.28445327 0.6872252 0.69442874
bee 0.0001791644 0.35636717 0.134325 0.65351707 0.7850894
bee 0.00017606946 0.4702729 0.46207494 0.9549165 0.9178514
bee 0.00017456681 0.47471547 0.3295586 0.84416807 0.576346
bee 0.00016811969 0.22854306 0.09011707 0.45680815 0.451066
bee 0.00016801905 0.02952027 0.89257705 0.15372434 0.97353745
bee 0.00016407356 0.38535193 0.018984795 0.76020527 0.3450139
bee 0.00016352019 0.01855681 0.8852011 0.24784878 0.9956777
bee 0.00016135906 0.072832614 0.45392674 0.503217 0.89000064
bee 0.00015895131 0.16946134 0.35621843 0.7467674 0.663931
bee 0.00015496937 0.0 0.7786778 0.4306304 1.0
bee 0.00015321751 0.34193686 0.3365321 0.7167841 0.56982213
bee 0.00015217341 0.32917702 0.1524698 0.972684 0.4788723
bee 0.00015089267 0.07249749 0.011999756 0.39545858 0.28743544
bee 0.0001439857 0.27134305 0.6668664 0.7786259 1.0
bee 0.0001428268 0.0 0.22723998 0.25867996 0.7256623
bee 0.00014226341 0.14004451 0.36094886 0.4197455 0.9720151
bee 0.00014163119 0.65199953 0.41952744 0.9547109 1.0
bee 0.00013969187 0.6143526 0.2626517 0.90294003 0.68659055
bee 0.00013668934 0.10184178 0.1782462 0.358281 0.6587728
bee 0.0001363592 0.060660675 0.23587319 0.43773657 0.47138944
bee 0.00013468818 0.7363709 0.8783234 0.9703983 1.0
bee 0.00013386847 0.0 0.036569566 0.072273195 0.49617174
bee 0.00013199743 0.0 0.44004306 0.32245973 0.6433703
bee 0.00013177168 0.0 0.48814157 0.32407454 1.0
bee 0.00012552003 0.49282646 0.13203682 0.83164215 0.52957845
bee 0.00012497471 0.22629835 0.3413842 0.5908624 0.5660237
bee 0.00012262663 0.7572834 0.25764573 1.0 0.89299715
bee 0.000119780736 0.13865921 0.0037752688 0.3522587 0.40124223
bee 0.000116580675 0.34038675 0.22848254 0.71914697 0.46790546
bee 0.00011564322 0.47167188 0.55372065 1.0 0.8387826
bee 0.00011183465 0.14517297 0.3439806 0.4941492 0.56308585
bee 0.0001117434 0.18231595 0.14159673 0.46892023 0.5280466
bee 0.000110033216 0.34526137 0.05768287 0.55660963 0.43553728
bee 0.00010950022 0.27856547 0.4564057 0.73061067 0.8911138
bee 0.000108872715 0.041502 0.34625962 0.40782234 0.55916744
