bee 0.9998084 0.3163054 0.72498906 0.39967883 0.88701355
bee 0.9996439 0.7015949 0.6531944 0.8032748 0.80124414
bee 0.99797064 0.40419766 0.19610478 0.48261008 0.3829913
bee 0.9610755 0.5546441 0.40013924 0.6653683 0.5928326
bee 0.9577949 0.11926976 0.7425374 0.19384676 0.89433265
bee 0.8819889 0.092352375 0.59747595 0.17292775 0.78728324
bee 0.84583145 0.51772296 0.0 0.56527174 0.12859163
bee 0.7874708 0.326747 0.3256104 0.43167531 0.5131342
bee 0.69521946 0.9370532 0.6865629 0.99637747 0.8480822
bee 0.2831197 0.937301 0.48086688 0.9930878 0.65660644
bee 0.26169357 0.9276742 0.5485492 0.9963825 0.7195921
bee 0.07675681 0.21353915 0.53931767 0.3133072 0.7097855
bee 0.020865142 0.58554417 0.90654373 0.6371195 0.9618226
bee 0.0150998505 0.32796487 0.29218405 0.40640178 0.4297846
bee 0.010743932 0.61928713 0.892243 0.68406343 0.9552733
bee 0.0047238385 0.78526735 0.07767303 0.98707926 0.545614
bee 0.0042243805 0.0 0.03603825 0.1801886 0.6080562
bee 0.003667261 0.00378038 0.1289323 0.14673135 0.773276
bee 0.0022631567 0.0088583855 0.62017757 0.023830827 0.8653851
bee 0.0018864747 0.11008884 0.62762165 0.1920984 0.8355943
bee 0.0015951527 0.0 0.78763545 0.009024739 0.9212327
bee 0.00146266 0.66306573 0.8965508 0.73733336 0.9608933
bee 0.0013950439 0.0046899817 0.6724856 0.015301781 0.89212775
bee 0.0011231911 0.0 0.0 0.164551 0.40442017
bee 0.0010106113 0.005195154 0.5157364 0.047349833 0.8494083
bee 0.00094503944 0.013514794 0.57161874 0.025932543 0.84051234
bee 0.0006877692 0.0 0.0 0.24648835 0.4971705
bee 0.0006224212 0.0 0.09049952 1.0 0.8171326
bee 0.00059376017 0.0 0.034598053 0.24573423 0.7851935
bee 0.00048736256 0.0 0.12226859 0.37288028 0.347393
bee 0.00047422078 0.53249145 0.8997348 0.5939605 0.96066374
bee 0.0004695276 0.30249554 0.0 0.8210564 1.0
bee 0.00045168638 0.0 0.033085436 0.35800183 0.6259451
bee 0.00038377024 0.018459275 0.0 0.5017199 0.8116909
bee 0.0003827049 0.0 0.22886065 0.39048737 0.45700756
bee 0.00036267305 0.5723804 0.008533016 0.77323985 0.39094514
bee 0.00034308518 0.0 0.0 0.38151038 0.14707781
bee 0.00033586894 0.0131010115 0.36103714 0.14718889 0.8627131
bee 0.00032838853 0.0 0.029738568 0.36398977 0.2733567
bee 0.0003274519 0.0 0.34497088 0.43750465 0.6344231
bee 0.0003083904 0.1309116 0.0 0.47515553 0.4304633
bee 0.0003037682 0.054202557 0.27739024 0.71012497 1.0
bee 0.00030002737 0.0 0.49990535 0.76380867 0.93733764
bee 0.00028674037 0.18496236 0.0 0.9167305 0.3959905
bee 0.00027925486 0.19904716 0.021528617 0.35782653 0.31150484
bee 0.00027312862 0.113480456 0.74481285 0.25709468 0.8984047
bee 0.00026849157 0.4831596 0.0 1.0 0.6339965
bee 0.0002593622 0.0 0.5415585 0.5144199 0.9929843
bee 0.0002565171 0.0 0.0 0.4513785 0.3489107
bee 0.00025584808 0.024980366 0.0 0.7456785 0.66331124
bee 0.00025020228 0.20081314 0.0 0.8134874 0.27816266
bee 0.00024289312 0.0 0.43639553 0.3523327 0.6691344
bee 0.00023551477 0.0 0.12213449 0.41874477 0.48110902
bee 0.00022973967 0.7312533 0.0 0.9719716 0.49093288
bee 0.00022795699 0.5056844 0.020121679 0.8145441 0.354802
bee 0.00022683888 0.0 0.23481229 0.38098386 0.92005444
bee 0.00022533897 0.19216129 0.23155597 0.80990946 0.789623
bee 0.00022405291 0.35791132 0.0 0.6347593 0.50427014
bee 0.00022160794 0.033210814 0.75459945 0.3314246 0.96269727
bee 0.00021825664 0.0 0.2581561 0.5719421 0.78823245
bee 0.00021440924 0.39062366 0.34887597 1.0 1.0
bee 0.00021255875 0.74890685 0.06291884 1.0 0.70320135
bee 0.0002105909 0.055100247 0.097851574 0.22269352 0.74750614
bee 0.00020726639 0.053299002 0.16921672 0.1874277 0.5841814
bee 0.00020566021 0.0 0.0 0.26831836 0.22629121
bee 0.00019922244 0.013943344 0.5586003 0.331104 0.77620363
bee 0.00019848168 0.009813778 0.51413697 0.020664988 0.8271895
bee 0.00019716132 0.0 0.019258067 1.0 0.48673058
bee 0.00019664073 0.3785548 0.0 1.0 0.29251003
bee 0.00019625599 0.12763098 0.03549081 0.37556186 0.5107143
bee 0.00019296737 0.6047015 0.39462185 0.6884242 0.5688138
bee 0.00018940744 0.5279418 0.028862238 0.9500588 1.0
bee 0.00018594631 0.47953767 0.8211051 0.9196051 1.0
bee 0.00018470775 0.0 0.0 0.5253871 0.50202936
bee 0.00018328373 0.0 0.28937894 0.27605033 0.6255102
bee 0.00018317487 0.22851905 0.011611357 0.4474924 0.37764907
bee 0.0001769635 0.023162454 0.6517597 0.32601908 0.86370033
bee 0.00017612033 0.4469075 0.42554733 0.6609761 0.81900895
bee 0.00016867608 0.2122271 0.6128284 1.0 0.9960762
bee 0.00016816042 0.54882836 0.0 0.86179817 0.45284778
bee 0.00016194231 0.18624717 0.42727917 0.8915494 1.0
bee 0.00016011638 0.672803 0.0 1.0 0.31791463
bee 0.00015988936 0.35892996 0.021761537 0.7153226 0.34096783
bee 0.00015895281 0.2375534 0.52495086 0.72611177 0.8753377
bee 0.00015865664 0.0 0.7798195 0.43525183 1.0
bee 0.00015854654 0.006732464 0.25423807 1.0 0.69209343
bee 0.00015797355 0.46047378 0.52679014 0.92539394 0.85751
bee 0.00015603517 0.35485497 0.16436791 0.64465463 0.7732789
bee 0.00015129086 0.15402532 0.17625824 0.43906015 0.78175235
bee 0.00015113398 0.07219389 0.33586544 0.5579108 0.6859042
bee 0.00014993273 0.0 0.5837736 0.2715486 1.0
bee 0.00014813013 0.27252424 0.056563467 0.7267745 0.4931976
bee 0.00014603806 0.6475159 0.44605082 0.95041287 1.0
bee 0.00014483463 0.3208515 0.026281774 0.67462677 0.8854285
bee 0.00014464141 0.5851107 0.0059808344 0.77104324 0.1528426
bee 0.0001435581 0.23436359 0.3451711 0.7542944 0.66704905
bee 0.00014062085 0.15204902 0.0 0.427127 0.6164632
bee 0.00014049406 0.44799796 0.029197156 0.65146554 0.4151765
bee 0.00013289168 0.44480237 0.14780259 1.0 0.81581676
bee 0.00013243263 0.50771195 0.36050645 1.0 0.6421548
