bee 0.99980134 0.52948695 0.7876019 0.58761483 0.8768286
bee 0.99939156 0.59893715 0.4866156 0.69795287 0.71256024
bee 0.9965275 0.89384544 0.7153381 0.96859384 0.8655633
bee 0.446328 0.084038585 0.005561974 0.1634335 0.093196526
bee 0.026859371 0.00418845 0.8898337 0.047355235 0.9846146
bee 0.0102403285 0.008477379 0.91282845 0.0560658 0.99157333
bee 0.005752586 0.0016594976 0.052575797 0.28416967 0.5029489
bee 0.004642397 0.0037912987 0.80673695 0.023415895 0.91105545
bee 0.0033186548 0.0040977406 0.7543054 0.017021589 0.90335816
bee 0.0027225993 0.020233199 0.8964457 0.15364107 0.97759205
bee 0.0026233315 0.0006134957 0.03501132 0.1792051 0.5265243
bee 0.0021149223 0.057652846 0.09535056 0.3773259 0.54476976
bee 0.002051629 0.28437728 0.0 0.80489415 1.0
bee 0.0018173221 0.0 0.0 0.90659547 1.0
bee 0.0015130183 0.15315375 0.84118783 0.2404953 0.89567316
bee 0.0013748804 0.0 0.22084552 1.0 0.81069607
bee 0.0011481193 0.4546938 0.019450054 0.80341434 0.4585874
bee 0.0010039873 0.0 0.13007852 0.35546747 0.34798715
bee 0.00089606206 0.37966463 0.0 1.0 0.62567496
bee 0.0008255702 0.075564116 0.0015016571 0.14314294 0.08263269
bee 0.0007772463 0.03717944 0.3340748 0.612733 1.0
bee 0.0007194271 0.0 0.0 0.7272182 0.70867324
bee 0.0007090008 0.02322188 0.0 0.4457426 0.6355448
bee 0.0006922639 0.0 0.16362274 0.40958476 0.8479326
bee 0.0006895977 0.008487761 0.0 0.49735785 1.0
bee 0.0006742894 0.048726857 0.37421244 0.37355548 0.83683676
bee 0.00063227006 0.0069370717 0.6838808 0.016460799 0.90632117
bee 0.0006237645 0.0 0.04387133 1.0 0.47967416
bee 0.00059660483 0.49397472 0.26093847 1.0 1.0
bee 0.0005847497 0.0 0.23726948 0.6115669 0.70670223
bee 0.0005568272 0.0 0.23211053 0.36895862 0.44004092
bee 0.0005385163 0.500204 0.0 0.9103456 0.39939162
bee 0.0005383924 0.01505588 0.9255541 0.1695779 0.99440366
bee 0.0005330693 0.20823336 0.0 0.83707726 0.27574977
bee 0.0005314841 0.955117 0.746684 0.9965353 0.8793147
bee 0.00052366714 0.176715 0.018854812 0.46412265 0.313941
bee 0.0004953695 0.2026199 0.05501382 0.4622503 0.45501733
bee 0.00046899798 0.0 0.0 0.832616 0.36118925
bee 0.00043628074 0.36420035 0.0 0.70202875 0.4608542
bee 0.00043079545 0.0 0.4664623 1.0 0.85407835
bee 0.00041231714 0.0 0.0510069 0.31218177 0.24440856
bee 0.0004030093 0.73159724 0.0 1.0 0.5801544
bee 0.00039628157 0.0 0.0 0.3536379 0.362527
bee 0.0003701351 0.31834877 0.38234904 0.56154 0.7548219
bee 0.0003671185 0.37458795 0.0 1.0 0.2843969
bee 0.00036313126 0.4543086 0.030698776 0.66702056 0.40890634
bee 0.00035651625 0.0 0.0 0.53484154 0.31195194
bee 0.00035401777 0.15545079 0.0 0.43689594 0.5236268
bee 0.00034501334 0.21801825 0.34898663 0.4803496 0.7624333
bee 0.0003370768 0.53891975 0.032119513 0.75228053 0.4412628
bee 0.000336209 0.03167315 0.016979918 0.26361263 0.38921255
bee 0.00032716108 0.23990543 0.03260216 0.6570186 0.38339958
bee 0.0003245336 0.66211337 0.0 1.0 0.39990824
bee 0.00031632197 0.0 0.50067866 0.49320936 1.0
bee 0.00031352378 0.028745785 0.7505205 0.335173 0.96140724
bee 0.00030758587 0.20710212 0.23384033 0.4642548 0.6493849
bee 0.00029541165 0.47686142 0.06738439 0.95973486 0.5443667
bee 0.00028324535 0.3327282 0.012822941 0.60112154 0.42671317
bee 0.0002743971 0.82882434 0.2516217 1.0 0.7886338
bee 0.00026488837 0.20593348 0.15964906 0.79308736 0.46617502
bee 0.00026344648 0.02331791 0.87875354 0.21046293 0.97824335
bee 0.0002621796 0.2533028 0.23366502 0.6994004 0.9281523
bee 0.00025882243 0.0110549005 0.018453632 0.040121365 0.13326487
bee 0.00023912944 0.13263324 0.44092736 0.45517746 0.8255924
bee 0.00023901227 0.33994746 0.22463207 1.0 0.7242989
bee 0.00023598659 0.3217101 0.0 0.68296635 0.86353445
bee 0.00023498006 0.04387863 0.503577 0.4189744 0.788324
bee 0.00023282689 0.028622389 0.6380672 0.40034574 0.8312438
bee 0.0002301832 0.55548173 0.0 0.8634818 0.572558
bee 0.00022882804 0.16034031 0.19257674 0.7651793 0.74092495
bee 0.00022751122 0.0 0.32517087 0.38278174 0.68790853
bee 0.00022196745 0.10941708 0.4451291 0.5187831 0.68164986
bee 0.00022128005 0.0 0.7797673 0.44201332 1.0
bee 0.00022000623 0.6286007 0.16700202 1.0 0.88912493
bee 0.00021244041 0.20425746 0.024056688 0.58429694 0.26172757
bee 0.00020368393 0.0 0.41174868 0.2762508 0.87720895
bee 0.00020081624 0.0 0.54132825 0.41841072 0.724847
bee 0.00019170802 0.5156096 0.09171677 0.7762449 0.56800604
bee 0.00018968667 0.85313106 0.0 1.0 0.5762367
bee 0.00018934677 0.0 0.58816934 0.28286904 1.0
bee 0.00017951222 0.21172659 0.011001028 0.46264344 0.16535276
bee 0.00017742137 0.0 0.566243 0.86471987 1.0
bee 0.00017348722 0.6745796 0.18969715 0.98595536 0.7024818
bee 0.00016849137 0.1615639 0.33149138 0.5265837 0.57009816
bee 0.00016712079 0.00030168518 0.054597214 0.07350746 0.46297693
bee 0.0001670674 0.0 0.19625993 0.24827872 0.46797913
bee 0.00016522621 0.7818766 0.3311154 0.9553935 0.7919723
bee 0.00016495184 0.35073268 0.16927806 0.6438965 0.7927284
bee 0.0001644087 0.012832507 0.16276473 0.029689237 0.38710374
bee 0.00016437436 0.49700424 0.50669277 0.9058213 0.8769374
bee 0.00016422586 0.6689601 0.6613884 1.0 1.0
bee 0.0001632384 0.3524348 0.109271 0.7730432 0.35141045
bee 0.00016230404 0.7909192 0.70551467 1.0 1.0
bee 0.00016018601 0.25722432 0.6731907 0.78967166 1.0
bee 0.00015872865 0.18912491 0.84178257 0.2866662 0.8921411
bee 0.00015500246 0.09084724 0.8434327 0.1870843 0.8959884
bee 0.00015314478 0.6484271 0.4192117 0.9480449 1.0
bee 0.00015191594 0.46516135 0.56757164 1.0 1.0
bee 0.00015071493 0.14677756 0.32010072 0.42901152 0.9314423
bee 0.00014621545 0.0 0.69126683 0.54957044 1.0
