bee 0.99989295 0.60916764 0.7028166 0.67871493 0.86133385
bee 0.99939966 0.40528664 0.18314207 0.49596652 0.3592931
bee 0.9986834 0.33384266 0.7739932 0.41829184 0.88305885
bee 0.9726202 0.62040544 0.43469176 0.6732509 0.6155448
bee 0.011003121 0.003243031 0.80420375 0.01988025 0.9085293
bee 0.0045818193 0.014622934 0.07041171 0.1533747 0.6228409
bee 0.0016379498 0.008650714 0.8695978 0.031976417 0.9697857
bee 0.001605573 0.4923473 0.02367483 0.7857643 0.34619993
bee 0.0015032974 0.0033704527 0.7657396 0.013702799 0.8991975
bee 0.0014827062 0.26323763 0.0 0.77281845 1.0
bee 0.0012007012 0.054721594 0.11906019 1.0 0.79871285
bee 0.0007959639 0.02308917 0.0665302 0.25906208 0.6392293
bee 0.00068743236 0.17598519 0.0 0.8188728 0.26901078
bee 0.0005732614 0.22755635 0.22777379 0.3466577 0.5046203
bee 0.0005524558 0.8424515 0.27229735 1.0 0.8676094
bee 0.00042655782 0.21927342 0.0 0.9128307 0.38809222
bee 0.0003981229 0.4102387 0.0 1.0 0.88095003
bee 0.00039415967 0.0 0.21819133 0.39859504 0.4500965
bee 0.00038978594 0.033299536 0.0 0.43497834 0.6273858
bee 0.00037821528 0.00837028 0.0 0.50993687 0.8475507
bee 0.0003550251 0.029834747 0.2436989 0.7264277 1.0
bee 0.00035477494 0.0 0.0 0.68514603 0.59384626
bee 0.00035008215 0.710807 0.0 1.0 0.54313725
bee 0.00033027265 0.0 0.0 0.47839874 0.36209863
bee 0.00030685536 0.0 0.27642614 0.15683092 0.86080664
bee 0.0002994079 0.015104368 0.9274583 0.05841072 0.99427843
bee 0.00029523481 0.0 0.5377966 0.9028166 0.9367032
bee 0.00029339577 0.773421 0.012638301 0.96392184 0.40658888
bee 0.00028496506 0.49644724 0.26592022 1.0 1.0
bee 0.00028493762 0.36194256 0.0 0.9915434 0.2720729
bee 0.0002839865 0.2939698 0.0 0.6844958 0.5462404
bee 0.00028364043 0.02181071 0.0 0.63311684 0.2751178
bee 0.00027700965 0.16699779 0.0 1.0 0.56834805
bee 0.00025301738 0.0 0.0 0.27065325 0.45201316
bee 0.00024190692 0.32623214 0.03401892 0.7273503 0.25226283
bee 0.0002308604 0.55343515 0.0 0.8683761 0.4450748
bee 0.00023031143 0.04788159 0.7499803 0.36026442 0.96201485
bee 0.0002219266 0.0 0.0 0.29792896 0.2631382
bee 0.00021800683 0.6606277 0.18359348 0.8632871 0.692202
bee 0.00021682131 0.0 0.20763314 0.37851852 0.8701638
bee 0.00021281124 0.7228116 0.12851566 1.0 0.79036313
bee 0.00020121357 0.015928365 0.88704455 0.24422315 0.99834013
bee 0.00019978266 0.23891655 0.12950046 0.74925625 0.4705261
bee 0.00019711265 0.0 0.5350461 0.35226136 0.7383505
bee 0.00018413871 0.07388961 0.022018746 0.5315055 0.49918056
bee 0.00018113997 0.0 0.5517691 0.4966826 0.9795796
bee 0.0001791012 0.1389021 0.12853898 0.37866572 0.5677075
bee 0.00017804757 0.0 0.27638417 0.66864336 0.69916886
bee 0.00017465088 0.0 0.3543629 0.3942642 0.64475495
bee 0.00017099259 0.77909094 0.098507464 0.9784704 0.5402122
bee 0.00016546996 0.669239 0.0 1.0 0.31533828
bee 0.00015620636 0.039162956 0.24543184 0.24989033 0.83880395
bee 0.00015526178 0.564353 0.10035461 0.7698071 0.5550678
bee 0.0001552437 0.5073446 0.28710303 1.0 0.6836561
bee 0.00015391553 0.23995075 0.26280278 0.831671 0.9150122
bee 0.00015129578 0.34081772 0.1530526 0.6486908 0.80436873
bee 0.00014268144 0.5142205 0.059816077 1.0 0.5060567
bee 0.00014254694 0.0 0.77731097 0.43086454 1.0
bee 0.00013886383 0.11559869 0.33097625 0.36565852 0.77791405
bee 0.00013805582 0.0036922395 0.0 0.3832919 0.14467388
bee 0.00013802425 0.14782622 0.16827631 0.7456533 0.7522892
bee 0.00013465041 0.074746266 0.44931638 0.50209355 0.88902247
bee 0.0001285687 0.15156525 0.12805632 0.43349022 0.7829273
bee 0.00012848047 0.09147848 0.45905071 0.36872268 0.8241828
bee 0.0001271269 0.0 0.49552262 0.32674116 1.0
bee 0.00012520529 0.39042926 0.08955251 0.75358355 0.36250073
bee 0.00012418118 0.28091305 0.24687427 0.7324243 0.68646646
bee 0.00012382492 0.45957628 0.036943585 0.6699046 0.3920727
bee 0.00012226817 0.0 0.18274827 0.26819628 0.49955893
bee 0.000118311145 0.6403389 0.03765969 0.91388583 0.5360783
bee 0.000117369396 0.1781267 0.6001468 1.0 1.0
bee 0.00011615856 0.30639845 0.0 0.7527804 0.33178425
bee 0.00011579892 0.637081 0.0 0.9682137 0.878036
bee 0.000114497794 0.31983912 0.0 0.7662132 0.14622453
bee 0.00011336295 0.036860257 0.4478802 0.40339112 0.67741424
bee 0.00011267343 0.028506324 0.6342246 0.39094323 0.8444025
bee 0.000109821674 0.28354177 0.67078614 0.8125607 1.0
bee 0.00010919961 0.043065622 0.33754385 0.5379317 0.67979383
bee 0.000108905944 0.13498643 0.34357226 0.4241872 0.97206044
bee 0.00010773628 0.20839894 0.1960669 0.47537166 0.53224957
bee 0.0001027926 0.0 0.12590115 0.35426828 0.33231926
bee 0.00010202951 0.0 0.7178951 0.16949505 1.0
bee 0.000101793936 0.0057552713 0.6778989 0.012550235 0.9028758
bee 0.00010175754 0.0 0.012965485 0.17021886 0.40496868
bee 0.000100796635 0.0 0.6898607 0.55463517 1.0
bee 0.000100071826 0.062366128 0.33491394 0.43435085 0.56298494
bee 0.000100056655 0.027011931 0.44713 0.26226467 0.9333749
bee 9.517747e-05 0.0 0.43868464 0.3344158 0.6367678
bee 9.492078e-05 0.4720516 0.5568711 1.0 0.8332756
bee 9.3988114e-05 0.07985419 0.22330913 0.39181802 0.62085986
bee 9.394171e-05 0.2396316 0.047899604 0.4529078 0.4485149
bee 9.032069e-05 0.0009787679 0.73828536 0.28390664 1.0
bee 8.566188e-05 0.0 0.1364483 0.21604961 0.75763834
bee 8.2695646e-05 0.64955664 0.4530281 0.9460392 1.0
bee 8.1864266e-05 0.44045964 0.24193698 0.81905556 0.45558733
bee 8.09681e-05 0.56099105 0.6681852 1.0 1.0
bee 7.868204e-05 0.35760063 0.3584745 0.9426088 0.6623163
bee 7.7192104e-05 0.19365185 0.36267537 0.7499427 0.6563311
bee 7.637918e-05 0.46601635 0.0 0.82877845 0.23189965
bee 7.589289e-05 0.69583905 0.41098642 1.0 0.8870411
