bee 0.99999 0.3420258 0.77573067 0.4203293 0.8792774
bee 0.99982196 0.6831806 0.7769749 0.7694199 0.87725484
bee 0.1907174 0.36070496 0.09000864 0.46866518 0.25301123
bee 0.18517089 0.9493922 0.5829649 0.99639726 0.7649287
bee 0.007536191 0.0023467178 0.80406576 0.022481479 0.9086351
bee 0.0045737014 0.017643131 0.06546205 0.16163927 0.62239724
bee 0.0021832814 0.5356089 0.010944247 0.78463364 0.3825423
bee 0.0017384761 0.62320155 0.07106404 0.80624837 0.37415695
bee 0.0015252192 0.021408856 0.14939666 0.8682818 0.97424555
bee 0.0014600278 0.20699629 0.22125556 0.34981456 0.50128835
bee 0.0014033875 0.2595142 0.0 0.7737918 1.0
bee 0.0013868323 0.007894054 0.030862987 0.30761415 0.5950183
bee 0.0013563314 0.0074485065 0.8748981 0.03634895 0.97086096
bee 0.0012987643 0.0028914292 0.761772 0.015688825 0.8976994
bee 0.00087459397 0.5466152 0.79113424 0.6126408 0.884235
bee 0.00083110324 0.11436721 0.084049016 0.36381388 0.57245266
bee 0.0007344262 0.012013312 0.92547685 0.06722152 0.992963
bee 0.00055097707 0.0 0.0 0.51164925 0.7831389
bee 0.0005231879 0.45945194 0.0 1.0 0.8934082
bee 0.0005214993 0.29536128 0.09991541 0.45399493 0.25785902
bee 0.00051429396 0.008761421 0.21092373 0.40930885 0.44461608
bee 0.00048566828 0.5072717 0.28714794 1.0 1.0
bee 0.0004841667 0.3801182 0.0 1.0 0.2746687
bee 0.0004829733 0.6442658 0.22931787 0.8772483 0.75885
bee 0.00047669263 0.43034777 0.032770522 0.81878436 0.2676661
bee 0.00042812762 0.0 0.43830082 0.7892813 0.9508538
bee 0.0004226279 0.6949109 0.02347307 1.0 0.5124826
bee 0.0004182864 0.4629889 0.33101904 0.84434193 0.56885636
bee 0.00041786392 0.043091044 0.021360442 0.48550427 0.51553524
bee 0.00040949858 0.33206755 0.038302958 0.7257431 0.25621703
bee 0.000404646 0.230371 0.043615505 1.0 0.43122494
bee 0.00040307542 0.047125623 0.029694155 0.4430719 0.34507126
bee 0.00039589376 0.5522332 0.0 0.8904054 0.44218537
bee 0.00038885712 0.2953616 0.21019107 0.9288341 1.0
bee 0.00038012164 0.21051505 0.0 0.8098196 0.271968
bee 0.00036004971 0.0 0.20318833 0.39855862 0.8747436
bee 0.00035410468 0.53620315 0.10085425 0.76598406 0.55650175
bee 0.00034696105 0.0 0.0 0.6149465 0.4106062
bee 0.0003374197 0.28738728 0.0 0.6820055 0.54619646
bee 0.00033319014 0.002854921 0.27626914 0.14724535 0.860722
bee 0.00032599666 0.03619933 0.7524706 0.35491166 0.9628289
bee 0.0003078901 0.053731874 0.17448404 0.3477397 0.70794654
bee 0.00028861224 0.0 0.0 0.30086386 0.26208752
bee 0.00028520345 0.64790285 0.06853041 0.98128176 0.37064183
bee 0.00027186546 0.0 0.27057594 0.5895691 0.70029026
bee 0.0002718569 0.5841718 0.22342514 0.9524435 0.70593995
bee 0.00025680193 0.0 0.54442924 0.3496433 0.74246985
bee 0.00025627337 0.14792894 0.12414056 0.4265147 0.79633904
bee 0.0002544852 0.0 0.35414687 0.4089058 0.645751
bee 0.00025268568 0.45706618 0.24881694 0.85954213 0.47644702
bee 0.00024721923 0.35541832 0.334644 0.7227818 0.56899476
bee 0.00024066008 0.37794638 0.01855883 0.7618989 0.33875474
bee 0.00023755578 0.18074137 0.15466982 0.7478445 0.46170884
bee 0.00023266952 0.976031 0.6703239 0.99857754 0.8423802
bee 0.00023002371 0.0 0.0 0.27277404 0.42997527
bee 0.00022360432 0.0 0.0 0.38422775 0.143281
bee 0.00022273045 0.4960079 0.26729715 0.8748753 0.67648935
bee 0.00022223279 0.46420658 0.06219232 0.95923567 0.52257735
bee 0.0002128094 0.17833045 0.16981962 0.45858636 0.5315503
bee 0.00021210122 0.20985037 0.60881865 1.0 1.0
bee 0.00020912182 0.06445919 0.0 0.3927343 0.26739287
bee 0.00020529717 0.68129116 0.17806706 0.99719375 0.6867237
bee 0.0002027937 0.30004805 0.23396483 1.0 0.68930066
bee 0.00020130472 0.0 0.5463948 0.50292695 0.97697735
bee 0.0001977099 0.5138123 0.5548416 1.0 0.85112554
bee 0.0001941615 0.21415642 0.044711277 0.6052387 0.23735
bee 0.00019196047 0.24613746 0.21512312 0.7004234 0.9179438
bee 0.00019152953 0.4460162 0.028233454 0.6653514 0.38788182
bee 0.00018994855 0.7791986 0.0816116 0.97592086 0.5300205
bee 0.00018613398 0.73285764 0.40573084 0.9378758 0.82740045
bee 0.00018397375 0.53831923 0.21886984 0.7501117 0.7312825
bee 0.00018311464 0.6294746 0.43967676 0.8851337 0.79250765
bee 0.0001798211 0.65491337 0.4530665 0.9551365 1.0
bee 0.00017780412 0.043504626 0.6388338 0.4034447 0.852207
bee 0.00017618854 0.11580067 0.29691452 0.360681 0.75365335
bee 0.00016965922 0.085941434 0.4697919 0.3792129 0.82725036
bee 0.00016677151 0.32344592 0.0 0.6805804 0.86065054
bee 0.000166101 0.23437151 0.33730233 0.60614264 0.565085
bee 0.00016603751 0.14624847 0.33524686 0.50053525 0.56553185
bee 0.00016266767 0.1352249 0.24336454 0.49623924 0.47943667
bee 0.0001592743 0.15798123 0.0 0.42643535 0.54008603
bee 0.0001557872 0.0 0.15512568 0.55952686 0.46580267
bee 0.00015498546 0.24285771 0.025237292 0.59204495 0.3273063
bee 0.00015394652 0.007231641 0.6784021 0.015383428 0.90580887
bee 0.00015242552 0.07025489 0.45472974 0.5065974 0.8870359
bee 0.00015162955 0.46362114 0.11994015 0.8553282 0.3522374
bee 0.00015050841 0.19044659 0.26913685 0.48133007 0.6087116
bee 0.00014912388 0.8887608 0.5814538 1.0 0.7472899
bee 0.00014651286 0.037363335 0.44608137 0.41947633 0.6756346
bee 0.00014536342 0.0 0.17560026 0.24946368 0.49582204
bee 0.00014464595 0.4437991 0.45845175 0.96232104 0.9046246
bee 0.00014419496 0.10001773 0.600893 0.35989854 0.88748753
bee 0.00014358056 0.0 0.12485089 0.35984176 0.33511004
bee 0.00014015632 0.33873546 0.011728868 0.5429151 0.39698988
bee 0.00013989663 0.0 0.48898736 0.32793435 1.0
bee 0.0001389115 0.0 0.7770137 0.4298839 1.0
bee 0.00013744897 0.0050963312 0.33807787 0.3637973 0.5486747
bee 0.0001363406 0.54476386 0.33375925 0.84408265 0.93547946
bee 0.00013583386 0.5314025 0.53444827 0.90078217 0.75997436
bee 0.0001328352 0.0 0.0 0.1462429 0.4025907
