bee 0.9999999 0.7467493 0.7756707 0.8037349 0.88086075
bee 0.99998224 0.58704567 0.79351664 0.6390301 0.89609134
bee 0.9999753 0.27310815 0.16102394 0.3306029 0.31950748
bee 0.9999447 0.6985549 0.654605 0.79674196 0.8004455
bee 0.9986773 0.5232044 0.00022477657 0.5796197 0.14337766
bee 0.9901484 0.312072 0.77700746 0.3882542 0.90714645
bee 0.91542375 0.49323034 0.32453817 0.5603516 0.49199522
bee 0.78327954 0.57237065 0.44703782 0.68241954 0.6322912
bee 0.7728768 0.074824855 0.3109561 0.13950196 0.49295005
bee 0.7521934 0.12964079 0.29032844 0.20075762 0.48553157
bee 0.55341375 0.22439322 0.5364289 0.31423292 0.7241497
bee 0.4166724 0.40636674 0.23470446 0.48746356 0.42843583
bee 0.34710273 0.91992587 0.52125853 0.99542576 0.68847793
bee 0.101174034 0.9516855 0.65153694 1.0 0.8300545
bee 0.015233563 0.0037810616 0.80780506 0.02275258 0.9205674
bee 0.009871225 0.97847205 0.26474923 0.99825317 0.46684116
bee 0.0068283607 0.94082505 0.55272615 0.9990209 0.7093158
bee 0.00469547 0.007288635 0.87496305 0.036492784 0.962041
bee 0.002590542 0.0106143225 0.92347264 0.070416674 0.9952378
bee 0.0024240238 0.97710407 0.20729555 0.9955877 0.4448253
bee 0.00095800427 0.0058860052 0.75909334 0.016014101 0.9125373
bee 0.00093428313 0.006279543 0.324089 0.13858609 0.83013874
bee 0.0007597162 0.98620915 0.74990046 0.9989995 0.8757354
bee 0.0007596388 0.5908552 0.03991489 0.80786234 0.45174676
bee 0.0006410802 0.9570713 0.22813696 0.9938617 0.5245069
bee 0.0006178183 0.0 0.546699 0.31364894 0.7682838
bee 0.00051978254 0.007929355 0.038314223 0.1458071 0.5705928
bee 0.00043543937 0.034670174 0.0 0.9129105 1.0
bee 0.0003736672 0.011334785 0.48459828 0.023310646 0.66830266
bee 0.00035614904 0.0 0.17660967 1.0 0.8082483
bee 0.0003533028 0.0 0.5107111 0.7939375 0.93660843
bee 0.00033998257 0.0068451054 0.4367897 0.016216962 0.6429109
bee 0.0003087443 0.034189284 0.75478315 0.34604767 0.96553814
bee 0.00030577776 0.12601367 0.0 1.0 0.58909595
bee 0.00028570148 0.31972045 0.0 0.843077 1.0
bee 0.00028401142 0.48425865 0.0 1.0 0.60539496
bee 0.00027936272 0.94909316 0.13620515 0.99468774 0.4939022
bee 0.00027858102 0.0 0.0 0.295807 0.26039207
bee 0.00027567832 0.012518421 0.0 0.47816813 0.8119005
bee 0.00026328853 0.04699093 0.27583677 0.7286306 1.0
bee 0.0002610081 0.43363476 0.32267305 0.578169 0.48103437
bee 0.0002599722 0.18371475 0.0 0.9029782 0.3890524
bee 0.00025138925 0.0052422583 0.64346266 0.3148552 0.8601973
bee 0.0002493604 0.0 0.54081994 0.5012167 0.98110074
bee 0.00024840934 0.0 0.4476359 0.15870848 0.89297974
bee 0.00024697254 0.0 0.44373968 0.31927052 0.6702836
bee 0.00023905921 0.0 0.9050328 0.16593423 1.0
bee 0.00023626687 0.03304664 0.8952792 0.13564959 0.9670513
bee 0.00023038081 0.042013913 0.0 0.7465266 0.6617335
bee 0.0002222582 0.56875885 0.0 0.95515203 0.8299495
bee 0.00022156356 0.39493126 0.3448399 1.0 1.0
bee 0.00021767928 0.0 0.0 0.37806448 0.14663102
bee 0.00021674545 0.74017304 0.0 1.0 0.5527303
bee 0.00020874033 0.0057323426 0.34586847 0.33618546 0.5601027
bee 0.00020523024 0.2814827 0.0 0.6722385 0.58493173
bee 0.00020121069 0.36939973 0.0 1.0 0.28716558
bee 0.00019628071 0.49068767 0.28687498 0.5780218 0.47810546
bee 0.00019425112 0.0 0.64062744 0.66087157 1.0
bee 0.00019147128 0.6660198 0.0 1.0 0.30740497
bee 0.00018855225 0.0 0.2495901 0.35093313 0.46518022
bee 0.00017785603 0.93483514 0.0783457 0.99362725 0.4485389
bee 0.00017722914 0.18716305 0.2218219 0.8061133 0.77591085
bee 0.000176207 0.007875821 0.6733253 0.016835364 0.90179527
bee 0.00017547983 0.12638679 0.0 0.4735953 0.4345336
bee 0.00017173505 0.0 0.0 0.30493855 0.5051842
bee 0.00016957105 0.2781988 0.6627747 0.78902805 1.0
bee 0.00015748477 0.0 0.0 0.59522337 0.2787186
bee 0.00015692953 0.0 0.77910316 0.4379752 1.0
bee 0.00015655902 0.5723754 0.0 0.8615608 0.57847536
bee 0.00014854442 0.6931492 0.23574829 1.0 0.6935929
bee 0.0001485294 0.0 0.26355287 0.54360163 0.8009994
bee 0.00014753203 0.0 0.0 0.1830411 0.32130808
bee 0.00014569258 0.0 0.6494945 0.17641763 1.0
bee 0.0001443211 0.1895259 0.4248228 0.9017622 1.0
bee 0.0001435907 0.21673667 0.6226901 1.0 0.99634564
bee 0.00014321685 0.25082603 0.031989396 0.43828776 0.40985253
bee 0.00013850955 0.0041992366 0.4661926 0.24239706 0.9137131
bee 0.00013599575 0.19332045 0.1544838 0.7220614 0.45343757
bee 0.000134034 0.4723566 0.34062174 0.96353734 0.6709113
bee 0.00013211212 0.52398956 0.015194535 0.82788134 0.3889199
bee 0.00012863996 0.0 0.73263335 0.27452385 0.98574066
bee 0.00012760882 0.0 0.58546185 0.2806516 1.0
bee 0.00012750871 0.48314863 0.31891102 0.6228617 0.4814934
bee 0.00012463269 0.4576454 0.19249988 1.0 0.8003749
bee 0.000120713405 0.0 0.0 0.5222423 0.5182526
bee 0.000120614444 0.0 0.15426272 0.38787034 0.44044173
bee 0.00011992462 0.26486182 0.25017363 1.0 0.68476003
bee 0.000119906326 0.04681486 0.3532709 0.56474346 0.6922748
bee 0.00011835641 0.7703495 0.0426421 0.9602554 0.43720257
bee 0.000117964184 0.32523572 0.027353436 0.6636097 0.91379
bee 0.0001168908 0.64460784 0.45924735 0.9467998 1.0
bee 0.000116325726 0.27219817 0.52501965 0.6425079 1.0
bee 0.00011606768 0.6449669 0.11828418 0.8575972 0.61820644
bee 0.00011587912 0.5097256 0.55201745 1.0 0.83997464
bee 0.00011204035 0.06188464 0.41362858 0.3805608 0.6859435
bee 0.0001113267 0.0 0.31519932 0.7747356 0.6787994
bee 0.00010807625 0.0 0.8524364 0.38682067 1.0
bee 0.000106188396 0.0 0.0 0.32419404 1.0
bee 0.000105803825 0.08006654 0.31345025 0.21810856 0.48073974
bee 0.00010422794 0.24686474 0.3557244 0.7585116 0.683515
