bee 0.3072916666666667 0.725925925925926 0.4041666666666667 0.8861111111111111
bee 0.11979166666666667 0.7481481481481481 0.20677083333333332 0.8953703703703704
bee 0.7072916666666667 0.6611111111111111 0.8177083333333334 0.7851851851851852
bee 0.22447916666666667 0.5370370370370371 0.315625 0.712037037037037
bee 0.14270833333333333 0.5555555555555556 0.21197916666666666 0.7638888888888888
bee 0.9088541666666666 0.4546296296296296 1.0 0.6046296296296296
bee 0.5515625 0.4046296296296296 0.6557291666666667 0.5842592592592593
bee 0.2953125 0.3148148148148148 0.3848958333333333 0.4425925925925926
bee 0.40572916666666664 0.1925925925925926 0.47552083333333334 0.37037037037037035
bee 0.4583333333333333 0.017592592592592594 0.5171875 0.16574074074074074
bee 0.38645833333333335 0.3175925925925926 0.453125 0.5027777777777778
bee 0.6552083333333333 0.5425925925925926 0.7234375 0.6851851851851852
bee 0.9307291666666667 0.5675925925925925 1.0 0.7083333333333334
bee 0.9432291666666667 0.7 1.0 0.8472222222222222
