bee 0.999999 0.0 0.8027777777777778 0.07916666666666666 0.9435185185185185
bee 0.999999 0.03958333333333333 0.8027777777777778 0.11875 0.9435185185185185
bee 0.999999 0.06614583333333333 0.8027777777777778 0.1453125 0.9435185185185185
bee 0.999997 0.09270833333333334 0.8027777777777778 0.171875 0.9435185185185185
bee 0.999988 0.11927083333333334 0.8027777777777778 0.1984375 0.9435185185185185
bee 0.999981 0.15885416666666666 0.7907407407407407 0.25364583333333335 0.9592592592592593
bee 0.999991 0.22395833333333334 0.8157407407407408 0.290625 0.9342592592592592
bee 0.999993 0.26875 0.8157407407407408 0.33541666666666664 0.9342592592592592
bee 0.986379 0.20833333333333334 0.8324074074074074 0.24166666666666667 0.8916666666666667
bee 0.999784 0.2604166666666667 0.8277777777777777 0.3072916666666667 0.9111111111111111
bee 1.000000 0.3177083333333333 0.7620370370370371 0.4125 0.9305555555555556
bee 0.998808 0.3609375 0.7916666666666666 0.39427083333333335 0.850925925925926
bee 0.999977 0.39479166666666665 0.8277777777777777 0.44166666666666665 0.9111111111111111
bee 0.999970 0.42552083333333335 0.8074074074074075 0.4817708333333333 0.9074074074074074
bee 0.995328 0.4114583333333333 0.2361111111111111 0.490625 0.3768518518518518
bee 0.999918 0.4578125 0.8277777777777777 0.5046875 0.9111111111111111
bee 0.999985 0.5177083333333333 0.8027777777777778 0.596875 0.9435185185185185
bee 0.999931 0.4895833333333333 0.8277777777777777 0.5364583333333334 0.9111111111111111
bee 0.999596 0.4739583333333333 0.8138888888888889 0.5208333333333334 0.8972222222222223
bee 0.999565 0.5078125 0.8194444444444444 0.5473958333333333 0.8898148148148148
bee 0.999877 0.5484375 0.8074074074074075 0.6046875 0.9074074074074074
bee 1.000000 0.5661458333333333 0.725 0.7015625 0.9657407407407408
bee 0.999998 0.5875 0.7055555555555556 0.6822916666666666 0.8740740740740741
bee 0.999671 0.6317708333333333 0.7435185185185185 0.6786458333333333 0.8268518518518518
bee 0.999813 0.671875 0.7962962962962963 0.7385416666666667 0.9148148148148149
bee 0.999989 0.7052083333333333 0.7962962962962963 0.771875 0.9148148148148149
bee 0.999990 0.8229166666666666 0.8074074074074075 0.8791666666666667 0.9074074074074074
bee 0.999704 0.7473958333333334 0.8074074074074075 0.8036458333333333 0.9074074074074074
bee 0.999989 0.8057291666666667 0.8138888888888889 0.8526041666666667 0.8972222222222223
bee 0.999897 0.775 0.8194444444444444 0.8145833333333333 0.8898148148148148
bee 0.999983 0.8447916666666667 0.8138888888888889 0.8916666666666667 0.8972222222222223
bee 0.999964 0.8609375 0.8074074074074075 0.9171875 0.9074074074074074
bee 0.999983 0.9005208333333333 0.8138888888888889 0.9473958333333333 0.8972222222222223
bee 0.999963 0.9182291666666667 0.7962962962962963 0.9848958333333333 0.9148148148148149
bee 0.999795 0.9479166666666666 0.8 0.9947916666666666 0.8833333333333333
