bee 0.999999 0.015625 0.7907407407407407 0.11041666666666666 0.9592592592592593
bee 0.999981 0.0 0.8240740740740741 0.05625 0.924074074074074
bee 0.999999 0.053125 0.8027777777777778 0.13229166666666667 0.9435185185185185
bee 0.999998 0.0796875 0.8027777777777778 0.15885416666666666 0.9435185185185185
bee 0.999982 0.14270833333333333 0.7907407407407407 0.2375 0.9592592592592593
bee 0.999986 0.11927083333333334 0.8027777777777778 0.1984375 0.9435185185185185
bee 0.997349 0.1296875 0.8324074074074074 0.16302083333333334 0.8916666666666667
bee 0.999990 0.23489583333333333 0.8157407407407408 0.3015625 0.9342592592592592
bee 0.988090 0.1578125 0.8324074074074074 0.19114583333333332 0.8916666666666667
bee 0.999980 0.2015625 0.8157407407407408 0.2682291666666667 0.9342592592592592
bee 0.999987 0.25729166666666664 0.8157407407407408 0.32395833333333335 0.9342592592592592
bee 0.999961 0.2838541666666667 0.8240740740740741 0.34010416666666665 0.924074074074074
bee 1.000000 0.3333333333333333 0.7620370370370371 0.428125 0.9305555555555556
bee 0.999443 0.32447916666666665 0.7962962962962963 0.39114583333333336 0.9148148148148149
bee 0.973919 0.3671875 0.7842592592592592 0.40677083333333336 0.8546296296296296
bee 0.999979 0.40260416666666665 0.8277777777777777 0.44947916666666665 0.9111111111111111
bee 0.999967 0.4161458333333333 0.8074074074074075 0.47239583333333335 0.9074074074074074
bee 0.999936 0.4578125 0.8277777777777777 0.5046875 0.9111111111111111
bee 0.953530 0.4114583333333333 0.2361111111111111 0.490625 0.3768518518518518
bee 0.999956 0.4895833333333333 0.8277777777777777 0.5364583333333334 0.9111111111111111
bee 0.999985 0.5177083333333333 0.8027777777777778 0.596875 0.9435185185185185
bee 0.999931 0.5130208333333334 0.8277777777777777 0.5598958333333334 0.9111111111111111
bee 0.999892 0.5484375 0.8074074074074075 0.6046875 0.9074074074074074
bee 0.999102 0.56875 0.8277777777777777 0.615625 0.9111111111111111
bee 1.000000 0.5973958333333333 0.7314814814814815 0.6765625 0.8722222222222222
bee 0.996760 0.5822916666666667 0.7962962962962963 0.6489583333333333 0.9148148148148149
bee 0.982516 0.628125 0.7361111111111112 0.6677083333333333 0.8064814814814815
bee 0.999834 0.6828125 0.7962962962962963 0.7494791666666667 0.9148148148148149
bee 0.999455 0.6619791666666667 0.8074074074074075 0.7182291666666667 0.9074074074074074
bee 0.999993 0.7052083333333333 0.7962962962962963 0.771875 0.9148148148148149
bee 0.947403 0.6432291666666666 0.8240740740740741 0.6994791666666667 0.924074074074074
bee 0.999992 0.8229166666666666 0.8074074074074075 0.8791666666666667 0.9074074074074074
bee 0.999843 0.7682291666666666 0.8194444444444444 0.8078125 0.8898148148148148
bee 0.999973 0.7947916666666667 0.8074074074074075 0.8510416666666667 0.9074074074074074
bee 0.999987 0.8447916666666667 0.8138888888888889 0.8916666666666667 0.8972222222222223
bee 0.999949 0.8765625 0.8138888888888889 0.9234375 0.8972222222222223
bee 0.999974 0.903125 0.7787037037037037 0.9822916666666667 0.9194444444444444
bee 0.999910 0.9364583333333333 0.8074074074074075 0.9927083333333333 0.9074074074074074
bee 0.999702 0.9588541666666667 0.812037037037037 0.9921875 0.8712962962962963
