bee 0.999999 0.013020833333333334 0.8027777777777778 0.0921875 0.9435185185185185
bee 0.999999 0.046875 0.8240740740740741 0.103125 0.924074074074074
bee 0.995513 0.0734375 0.6527777777777778 0.11302083333333333 0.7231481481481481
bee 0.999971 0.08645833333333333 0.8277777777777777 0.13333333333333333 0.9111111111111111
bee 1.000000 0.09479166666666666 0.7435185185185185 0.20833333333333334 0.9453703703703704
bee 0.975302 0.11354166666666667 0.8240740740740741 0.16979166666666667 0.924074074074074
bee 1.000000 0.13385416666666666 0.7722222222222223 0.18072916666666666 0.8555555555555555
bee 0.999995 0.22552083333333334 0.8027777777777778 0.3046875 0.9435185185185185
bee 0.999974 0.17447916666666666 0.7907407407407407 0.26927083333333335 0.9592592592592593
bee 0.999999 0.22708333333333333 0.5546296296296296 0.2833333333333333 0.6546296296296297
bee 0.999991 0.25729166666666664 0.8157407407407408 0.32395833333333335 0.9342592592592592
bee 1.000000 0.271875 0.725 0.40729166666666666 0.9657407407407408
bee 1.000000 0.31875 0.7314814814814815 0.39791666666666664 0.8722222222222222
bee 1.000000 0.33177083333333335 0.3537037037037037 0.4109375 0.49444444444444446
bee 1.000000 0.359375 0.2518518518518518 0.415625 0.35185185185185186
bee 0.999431 0.34739583333333335 0.25277777777777777 0.39427083333333335 0.33611111111111114
bee 0.999988 0.371875 0.8027777777777778 0.4510416666666667 0.9435185185185185
bee 1.000000 0.36302083333333335 0.4064814814814815 0.40989583333333335 0.4898148148148148
bee 0.999985 0.403125 0.8157407407407408 0.46979166666666666 0.9342592592592592
bee 1.000000 0.3984375 0.18888888888888888 0.47760416666666666 0.3296296296296296
bee 0.999781 0.42083333333333334 0.18981481481481483 0.46041666666666664 0.2601851851851852
bee 0.999972 0.44427083333333334 0.8240740740740741 0.5005208333333333 0.924074074074074
bee 0.999997 0.5296875 0.8240740740740741 0.5859375 0.924074074074074
bee 0.999865 0.46458333333333335 0.8027777777777778 0.54375 0.9435185185185185
bee 0.999988 0.5130208333333334 0.8277777777777777 0.5598958333333334 0.9111111111111111
bee 0.999996 0.5578125 0.8240740740740741 0.6140625 0.924074074074074
bee 0.999991 0.5864583333333333 0.8240740740740741 0.6427083333333333 0.924074074074074
bee 0.999566 0.5442708333333334 0.30648148148148147 0.6234375 0.44722222222222224
bee 1.000000 0.5677083333333334 0.0 0.6072916666666667 0.07037037037037037
bee 1.000000 0.5557291666666667 0.42314814814814816 0.6505208333333333 0.5916666666666667
bee 0.999976 0.6046875 0.8157407407407408 0.6713541666666667 0.9342592592592592
bee 0.688603 0.6 0.44907407407407407 0.646875 0.5324074074074074
bee 0.999928 0.6338541666666667 0.8240740740740741 0.6901041666666666 0.924074074074074
bee 0.999917 0.6640625 0.8027777777777778 0.7432291666666667 0.9435185185185185
bee 0.999989 0.7036458333333333 0.8027777777777778 0.7828125 0.9435185185185185
bee 1.000000 0.6989583333333333 0.649074074074074 0.79375 0.8175925925925925
bee 1.000000 0.7380208333333333 0.6888888888888889 0.7942708333333334 0.7888888888888889
bee 0.930075 0.728125 0.6648148148148149 0.7677083333333333 0.7351851851851852
bee 0.999984 0.7838541666666666 0.7962962962962963 0.8505208333333333 0.9148148148148149
bee 0.999868 0.7614583333333333 0.7962962962962963 0.828125 0.9148148148148149
bee 0.999994 0.8171875 0.7962962962962963 0.8838541666666667 0.9148148148148149
bee 0.992600 0.7619791666666667 0.700925925925926 0.8015625 0.7712962962962963
bee 0.999987 0.8395833333333333 0.7962962962962963 0.90625 0.9148148148148149
bee 0.999985 0.8890625 0.8074074074074075 0.9453125 0.9074074074074074
bee 0.999957 0.8765625 0.8138888888888889 0.9234375 0.8972222222222223
bee 0.999624 0.9223958333333333 0.8194444444444444 0.9619791666666667 0.8898148148148148
bee 1.000000 0.9364583333333333 0.7398148148148148 0.9927083333333333 0.8398148148148148
bee 0.999997 0.9364583333333333 0.5712962962962963 0.9927083333333333 0.6712962962962963
bee 0.999721 0.9479166666666666 0.6212962962962963 0.98125 0.6805555555555556
bee 0.504647 0.9588541666666667 0.812037037037037 0.9921875 0.8712962962962963
bee 0.992364 0.9588541666666667 0.7222222222222222 0.9921875 0.7814814814814814
