bee 0.999999 0.013020833333333334 0.8027777777777778 0.0921875 0.9435185185185185
bee 0.999999 0.03958333333333333 0.8027777777777778 0.11875 0.9435185185185185
bee 0.999701 0.022395833333333334 0.8324074074074074 0.05572916666666667 0.8916666666666667
bee 0.999998 0.06614583333333333 0.8027777777777778 0.1453125 0.9435185185185185
bee 0.999993 0.09270833333333334 0.8027777777777778 0.171875 0.9435185185185185
bee 0.999980 0.15885416666666666 0.7907407407407407 0.25364583333333335 0.9592592592592593
bee 0.999952 0.134375 0.8157407407407408 0.20104166666666667 0.9342592592592592
bee 0.999982 0.2015625 0.8157407407407408 0.2682291666666667 0.9342592592592592
bee 0.999993 0.26875 0.8157407407407408 0.33541666666666664 0.9342592592592592
bee 0.999990 0.24635416666666668 0.8157407407407408 0.31302083333333336 0.9342592592592592
bee 1.000000 0.3177083333333333 0.7620370370370371 0.4125 0.9305555555555556
bee 0.965341 0.35520833333333335 0.23796296296296296 0.40208333333333335 0.3212962962962963
bee 0.999978 0.36666666666666664 0.8018518518518518 0.4 0.8611111111111112
bee 0.999981 0.4348958333333333 0.8074074074074075 0.49114583333333334 0.9074074074074074
bee 0.988305 0.3807291666666667 0.8157407407407408 0.4473958333333333 0.9342592592592592
bee 0.981297 0.3848958333333333 0.4722222222222222 0.4640625 0.6129629629629629
bee 0.999440 0.41822916666666665 0.8277777777777777 0.46510416666666665 0.9111111111111111
bee 0.999897 0.4817708333333333 0.8277777777777777 0.5286458333333334 0.9111111111111111
bee 0.999996 0.5375 0.7962962962962963 0.6041666666666666 0.9148148148148149
bee 0.999761 0.5052083333333334 0.8277777777777777 0.5520833333333334 0.9111111111111111
bee 0.999986 0.5765625 0.8138888888888889 0.6234375 0.8972222222222223
bee 0.999898 0.5973958333333333 0.8027777777777778 0.6765625 0.9435185185185185
bee 1.000000 0.6354166666666666 0.7055555555555556 0.7302083333333333 0.8740740740740741
bee 0.975754 0.6546875 0.8194444444444444 0.6942708333333333 0.8898148148148148
bee 0.999988 0.7052083333333333 0.7962962962962963 0.771875 0.9148148148148149
bee 0.999223 0.675 0.7361111111111112 0.7145833333333333 0.8064814814814815
bee 0.998447 0.690625 0.8074074074074075 0.746875 0.9074074074074074
bee 0.999797 0.7276041666666667 0.7962962962962963 0.7942708333333334 0.9148148148148149
bee 0.999992 0.8135416666666667 0.8138888888888889 0.8604166666666667 0.8972222222222223
bee 0.999721 0.7661458333333333 0.8074074074074075 0.8223958333333333 0.9074074074074074
bee 0.999981 0.8322916666666667 0.8074074074074075 0.8885416666666667 0.9074074074074074
bee 0.999965 0.8609375 0.8074074074074075 0.9171875 0.9074074074074074
bee 0.999980 0.9005208333333333 0.8138888888888889 0.9473958333333333 0.8972222222222223
bee 0.999943 0.9291666666666667 0.7962962962962963 0.9958333333333333 0.9148148148148149
