bee 0.999999 0.0 0.7907407407407407 0.09479166666666666 0.9592592592592593
bee 0.999999 0.03177083333333333 0.7907407407407407 0.1265625 0.9592592592592593
bee 0.999646 0.04479166666666667 0.8324074074074074 0.078125 0.8916666666666667
bee 0.999999 0.06614583333333333 0.8027777777777778 0.1453125 0.9435185185185185
bee 0.999995 0.10625 0.8027777777777778 0.18541666666666667 0.9435185185185185
bee 0.999048 0.10677083333333333 0.8324074074074074 0.14010416666666667 0.8916666666666667
bee 0.999987 0.1328125 0.8027777777777778 0.21197916666666666 0.9435185185185185
bee 0.999985 0.15885416666666666 0.7907407407407407 0.25364583333333335 0.9592592592592593
bee 0.999984 0.22395833333333334 0.8157407407407408 0.290625 0.9342592592592592
bee 0.999992 0.25729166666666664 0.8157407407407408 0.32395833333333335 0.9342592592592592
bee 0.999855 0.29322916666666665 0.8240740740740741 0.3494791666666667 0.924074074074074
bee 1.000000 0.3177083333333333 0.7620370370370371 0.4125 0.9305555555555556
bee 0.998406 0.3609375 0.7842592592592592 0.4005208333333333 0.8546296296296296
bee 0.999923 0.39479166666666665 0.8277777777777777 0.44166666666666665 0.9111111111111111
bee 0.999966 0.42552083333333335 0.8074074074074075 0.4817708333333333 0.9074074074074074
bee 0.967577 0.3802083333333333 0.33796296296296297 0.49375 0.5398148148148149
bee 0.938788 0.403125 0.33796296296296297 0.46979166666666666 0.4564814814814815
bee 0.999944 0.45 0.8277777777777777 0.496875 0.9111111111111111
bee 0.999979 0.5046875 0.8027777777777778 0.5838541666666667 0.9435185185185185
bee 0.999924 0.4817708333333333 0.8277777777777777 0.5286458333333334 0.9111111111111111
bee 0.999138 0.5078125 0.8194444444444444 0.5473958333333333 0.8898148148148148
bee 0.999998 0.5598958333333334 0.7962962962962963 0.6265625 0.9148148148148149
bee 1.000000 0.5890625 0.725 0.7244791666666667 0.9657407407407408
bee 1.000000 0.6380208333333334 0.7564814814814815 0.7046875 0.875
bee 0.953746 0.6078125 0.8277777777777777 0.6546875 0.9111111111111111
bee 0.999980 0.6145833333333334 0.7564814814814815 0.6708333333333333 0.8564814814814815
bee 0.999681 0.6416666666666667 0.7601851851851852 0.68125 0.8305555555555556
bee 0.994389 0.6598958333333333 0.7620370370370371 0.6932291666666667 0.8212962962962963
bee 0.999991 0.7052083333333333 0.7962962962962963 0.771875 0.9148148148148149
bee 0.996533 0.6828125 0.7962962962962963 0.7494791666666667 0.9148148148148149
bee 0.999989 0.8229166666666666 0.8074074074074075 0.8791666666666667 0.9074074074074074
bee 0.999880 0.7661458333333333 0.8074074074074075 0.8223958333333333 0.9074074074074074
bee 0.999978 0.8057291666666667 0.8138888888888889 0.8526041666666667 0.8972222222222223
bee 0.999989 0.8447916666666667 0.8138888888888889 0.8916666666666667 0.8972222222222223
bee 0.999976 0.8609375 0.8074074074074075 0.9171875 0.9074074074074074
bee 0.999985 0.9083333333333333 0.8138888888888889 0.9552083333333333 0.8972222222222223
bee 0.999944 0.9291666666666667 0.7962962962962963 0.9958333333333333 0.9148148148148149
bee 0.999521 0.9588541666666667 0.812037037037037 0.9921875 0.8712962962962963
