bee 0.999998 0.0265625 0.8027777777777778 0.10572916666666667 0.9435185185185185
bee 0.999998 0.0 0.8027777777777778 0.07916666666666666 0.9435185185185185
bee 0.999999 0.053125 0.8027777777777778 0.13229166666666667 0.9435185185185185
bee 0.999997 0.0796875 0.8027777777777778 0.15885416666666666 0.9435185185185185
bee 0.999987 0.10625 0.8027777777777778 0.18541666666666667 0.9435185185185185
bee 0.999885 0.14166666666666666 0.8240740740740741 0.19791666666666666 0.924074074074074
bee 0.999984 0.2015625 0.8157407407407408 0.2682291666666667 0.9342592592592592
bee 0.999976 0.17916666666666667 0.8157407407407408 0.24583333333333332 0.9342592592592592
bee 0.999992 0.26875 0.8157407407407408 0.33541666666666664 0.9342592592592592
bee 0.999974 0.23489583333333333 0.8157407407407408 0.3015625 0.9342592592592592
bee 0.999961 0.2911458333333333 0.8157407407407408 0.3578125 0.9342592592592592
bee 1.000000 0.3333333333333333 0.7620370370370371 0.428125 0.9305555555555556
bee 0.999970 0.42552083333333335 0.8074074074074075 0.4817708333333333 0.9074074074074074
bee 0.999898 0.3875 0.8240740740740741 0.44375 0.924074074074074
bee 0.999996 0.38697916666666665 0.11203703703703703 0.43385416666666665 0.19537037037037036
bee 0.999858 0.45 0.8277777777777777 0.496875 0.9111111111111111
bee 0.999962 0.4822916666666667 0.8074074074074075 0.5385416666666667 0.9074074074074074
bee 0.999936 0.5052083333333334 0.8138888888888889 0.5520833333333334 0.8972222222222223
bee 0.999926 0.5177083333333333 0.8027777777777778 0.596875 0.9435185185185185
bee 0.999993 0.5578125 0.8074074074074075 0.6140625 0.9074074074074074
bee 0.999982 0.5822916666666667 0.7962962962962963 0.6489583333333333 0.9148148148148149
bee 0.999930 0.6109375 0.8027777777777778 0.6901041666666666 0.9435185185185185
bee 0.999989 0.6770833333333334 0.7787037037037037 0.75625 0.9194444444444444
bee 0.892743 0.6682291666666667 0.8194444444444444 0.7078125 0.8898148148148148
bee 0.999992 0.8229166666666666 0.8074074074074075 0.8791666666666667 0.9074074074074074
bee 0.995110 0.7036458333333333 0.7787037037037037 0.7828125 0.9194444444444444
bee 0.999900 0.775 0.8194444444444444 0.8145833333333333 0.8898148148148148
bee 0.999327 0.75 0.8138888888888889 0.796875 0.8972222222222223
bee 0.883779 0.8010416666666667 0.812037037037037 0.834375 0.8712962962962963
bee 0.999971 0.8447916666666667 0.8138888888888889 0.8916666666666667 0.8972222222222223
bee 0.999956 0.8609375 0.8074074074074075 0.9171875 0.9074074074074074
bee 0.999975 0.9005208333333333 0.8138888888888889 0.9473958333333333 0.8972222222222223
bee 0.999895 0.9291666666666667 0.7962962962962963 0.9958333333333333 0.9148148148148149
bee 0.999537 0.9588541666666667 0.812037037037037 0.9921875 0.8712962962962963
