bee 0.999999 0.0 0.8027777777777778 0.07916666666666666 0.9435185185185185
bee 0.999999 0.03958333333333333 0.8027777777777778 0.11875 0.9435185185185185
bee 0.999999 0.06614583333333333 0.8027777777777778 0.1453125 0.9435185185185185
bee 1.000000 0.1140625 0.7768518518518519 0.22760416666666666 0.9787037037037037
bee 0.995428 0.10677083333333333 0.8314814814814815 0.14635416666666667 0.9018518518518519
bee 1.000000 0.15 0.8 0.196875 0.8833333333333333
bee 0.999995 0.23489583333333333 0.8157407407407408 0.3015625 0.9342592592592592
bee 0.999918 0.18958333333333333 0.8277777777777777 0.23645833333333333 0.9111111111111111
bee 0.999970 0.2015625 0.8157407407407408 0.2682291666666667 0.9342592592592592
bee 0.999992 0.2078125 0.5712962962962963 0.2640625 0.6712962962962963
bee 0.999984 0.26458333333333334 0.8240740740740741 0.32083333333333336 0.924074074074074
bee 1.000000 0.3015625 0.7342592592592593 0.3963541666666667 0.9027777777777778
bee 0.665881 0.2796875 0.8361111111111111 0.3463541666666667 0.9546296296296296
bee 0.993716 0.3078125 0.8 0.3546875 0.8833333333333333
bee 0.999999 0.3234375 0.7435185185185185 0.3703125 0.8268518518518518
bee 0.999992 0.371875 0.8027777777777778 0.4510416666666667 0.9435185185185185
bee 0.999314 0.3723958333333333 0.8324074074074074 0.40572916666666664 0.8916666666666667
bee 0.999985 0.4265625 0.8277777777777777 0.4734375 0.9111111111111111
bee 1.000000 0.3802083333333333 0.13518518518518519 0.49375 0.337037037037037
bee 1.000000 0.42552083333333335 0.15925925925925927 0.4921875 0.2777777777777778
bee 0.999985 0.4635416666666667 0.8240740740740741 0.5197916666666667 0.924074074074074
bee 0.999970 0.45 0.8277777777777777 0.496875 0.9111111111111111
bee 0.999998 0.5296875 0.8240740740740741 0.5859375 0.924074074074074
bee 0.999893 0.4875 0.8314814814814815 0.5270833333333333 0.9018518518518519
bee 1.000000 0.49270833333333336 0.43796296296296294 0.559375 0.5564814814814815
bee 0.999996 0.5770833333333333 0.8240740740740741 0.6333333333333333 0.924074074074074
bee 0.989422 0.5442708333333334 0.44814814814814813 0.6234375 0.5888888888888889
bee 0.999834 0.5583333333333333 0.8324074074074074 0.5916666666666667 0.8916666666666667
bee 0.999979 0.5973958333333333 0.8027777777777778 0.6765625 0.9435185185185185
bee 0.999949 0.6239583333333333 0.8027777777777778 0.703125 0.9435185185185185
bee 0.999977 0.7036458333333333 0.8027777777777778 0.7828125 0.9435185185185185
bee 0.999916 0.6640625 0.8027777777777778 0.7432291666666667 0.9435185185185185
bee 1.000000 0.7302083333333333 0.6842592592592592 0.809375 0.825
bee 0.999996 0.8322916666666667 0.8074074074074075 0.8885416666666667 0.9074074074074074
bee 0.999632 0.7583333333333333 0.8138888888888889 0.8052083333333333 0.8972222222222223
bee 0.995501 0.75 0.8222222222222222 0.7833333333333333 0.8814814814814815
bee 0.891492 0.7671875 0.7314814814814815 0.8005208333333333 0.7907407407407407
bee 0.999957 0.7838541666666666 0.7962962962962963 0.8505208333333333 0.9148148148148149
bee 0.913066 0.8177083333333334 0.8324074074074074 0.8510416666666667 0.8916666666666667
bee 0.999985 0.8890625 0.8074074074074075 0.9453125 0.9074074074074074
bee 0.999972 0.8630208333333333 0.8222222222222222 0.8963541666666667 0.8814814814814815
bee 0.999959 0.8765625 0.8138888888888889 0.9234375 0.8972222222222223
bee 0.998820 0.9223958333333333 0.8194444444444444 0.9619791666666667 0.8898148148148148
bee 1.000000 0.9161458333333333 0.7083333333333334 0.9953125 0.8490740740740741
bee 1.000000 0.9161458333333333 0.5898148148148148 0.9953125 0.7305555555555555
bee 0.999945 0.9364583333333333 0.5712962962962963 0.9927083333333333 0.6712962962962963
bee 1.000000 0.9479166666666666 0.7583333333333333 0.9947916666666666 0.8416666666666667
bee 0.829499 0.9354166666666667 0.6527777777777778 0.975 0.7231481481481481
bee 0.946510 0.9421875 0.812037037037037 0.9755208333333333 0.8712962962962963
bee 1.000000 0.953125 0.7314814814814815 0.9864583333333333 0.7907407407407407
bee 0.620767 0.9588541666666667 0.7018518518518518 0.9921875 0.7611111111111111
