bee 0.999998 0.04739583333333333 0.7907407407407407 0.1421875 0.9592592592592593
bee 0.999995 0.013020833333333334 0.8027777777777778 0.0921875 0.9435185185185185
bee 0.999801 0.06197916666666667 0.8324074074074074 0.0953125 0.8916666666666667
bee 0.999998 0.0953125 0.7907407407407407 0.19010416666666666 0.9592592592592593
bee 0.999710 0.1015625 0.8324074074074074 0.13489583333333333 0.8916666666666667
bee 0.999996 0.12708333333333333 0.7907407407407407 0.221875 0.9592592592592593
bee 0.999993 0.17239583333333333 0.8027777777777778 0.2515625 0.9435185185185185
bee 0.999993 0.2390625 0.8027777777777778 0.3182291666666667 0.9435185185185185
bee 0.999996 0.2796875 0.8157407407407408 0.3463541666666667 0.9342592592592592
bee 0.999998 0.33177083333333335 0.8027777777777778 0.4109375 0.9435185185185185
bee 0.961578 0.3385416666666667 0.8425925925925926 0.371875 0.9018518518518519
bee 0.999985 0.3692708333333333 0.8157407407407408 0.4359375 0.9342592592592592
bee 0.999991 0.41041666666666665 0.8277777777777777 0.45729166666666665 0.9111111111111111
bee 0.999997 0.44427083333333334 0.8240740740740741 0.5005208333333333 0.924074074074074
bee 0.999990 0.4822916666666667 0.8240740740740741 0.5385416666666667 0.924074074074074
bee 0.999986 0.5390625 0.8240740740740741 0.5953125 0.924074074074074
bee 0.999967 0.5213541666666667 0.8277777777777777 0.5682291666666667 0.9111111111111111
bee 0.999983 0.5770833333333333 0.8240740740740741 0.6333333333333333 0.924074074074074
bee 0.999976 0.6052083333333333 0.8240740740740741 0.6614583333333334 0.924074074074074
bee 0.987679 0.6375 0.8324074074074074 0.6708333333333333 0.8916666666666667
bee 0.999884 0.6239583333333333 0.6842592592592592 0.703125 0.825
bee 0.975578 0.6473958333333333 0.8277777777777777 0.6942708333333333 0.9111111111111111
bee 0.999930 0.709375 0.8240740740740741 0.765625 0.924074074074074
bee 0.999882 0.7276041666666667 0.8157407407407408 0.7942708333333334 0.9342592592592592
bee 1.000000 0.778125 0.7620370370370371 0.8729166666666667 0.9305555555555556
bee 1.000000 0.8057291666666667 0.7722222222222223 0.8526041666666667 0.8555555555555555
bee 0.999905 0.8395833333333333 0.8157407407407408 0.90625 0.9342592592592592
bee 0.996203 0.8421875 0.8194444444444444 0.8817708333333333 0.8898148148148148
bee 0.999968 0.9067708333333333 0.7962962962962963 0.9734375 0.9148148148148149
bee 0.999985 0.9291666666666667 0.7962962962962963 0.9958333333333333 0.9148148148148149
bee 0.999874 0.8765625 0.8138888888888889 0.9234375 0.8972222222222223
bee 1.000000 0.9161458333333333 0.023148148148148147 0.9953125 0.1638888888888889
bee 1.000000 0.9161458333333333 0.07037037037037037 0.9953125 0.2111111111111111
bee 1.000000 0.953125 0.12037037037037036 0.9864583333333333 0.17962962962962964
bee 0.997298 0.953125 0.08981481481481482 0.9864583333333333 0.14907407407407408
