bee 0.999999 0.0 0.8027777777777778 0.07916666666666666 0.9435185185185185
bee 0.999999 0.03958333333333333 0.8027777777777778 0.11875 0.9435185185185185
bee 0.999996 0.09270833333333334 0.8027777777777778 0.171875 0.9435185185185185
bee 0.999999 0.06614583333333333 0.8027777777777778 0.1453125 0.9435185185185185
bee 0.999981 0.14270833333333333 0.7907407407407407 0.2375 0.9592592592592593
bee 0.999992 0.11927083333333334 0.8027777777777778 0.1984375 0.9435185185185185
bee 0.999984 0.2015625 0.8157407407407408 0.2682291666666667 0.9342592592592592
bee 0.999983 0.22395833333333334 0.8157407407407408 0.290625 0.9342592592592592
bee 0.999101 0.19010416666666666 0.0 0.25677083333333334 0.11851851851851852
bee 0.999993 0.26875 0.8157407407407408 0.33541666666666664 0.9342592592592592
bee 1.000000 0.30416666666666664 0.7435185185185185 0.41770833333333335 0.9453703703703704
bee 0.999146 0.33177083333333335 0.7722222222222223 0.37864583333333335 0.8555555555555555
bee 0.999969 0.42552083333333335 0.8074074074074075 0.4817708333333333 0.9074074074074074
bee 0.999961 0.39479166666666665 0.8277777777777777 0.44166666666666665 0.9111111111111111
bee 0.744595 0.3984375 0.30648148148148147 0.47760416666666666 0.44722222222222224
bee 0.999898 0.45 0.8277777777777777 0.496875 0.9111111111111111
bee 0.999865 0.4817708333333333 0.8277777777777777 0.5286458333333334 0.9111111111111111
bee 0.999989 0.5177083333333333 0.8027777777777778 0.596875 0.9435185185185185
bee 0.999932 0.5052083333333334 0.8138888888888889 0.5520833333333334 0.8972222222222223
bee 1.000000 0.5890625 0.725 0.7244791666666667 0.9657407407407408
bee 1.000000 0.6338541666666667 0.7564814814814815 0.6901041666666666 0.8564814814814815
bee 0.999832 0.571875 0.7620370370370371 0.6666666666666666 0.9305555555555556
bee 0.998880 0.628125 0.7842592592592592 0.6677083333333333 0.8546296296296296
bee 0.999990 0.7052083333333333 0.7962962962962963 0.771875 0.9148148148148149
bee 0.999657 0.6828125 0.7962962962962963 0.7494791666666667 0.9148148148148149
bee 0.999990 0.8229166666666666 0.8074074074074075 0.8791666666666667 0.9074074074074074
bee 0.999801 0.7583333333333333 0.8138888888888889 0.8052083333333333 0.8972222222222223
bee 0.999930 0.7817708333333333 0.8138888888888889 0.8286458333333333 0.8972222222222223
bee 0.999978 0.8609375 0.8138888888888889 0.9078125 0.8972222222222223
bee 0.999985 0.9083333333333333 0.8138888888888889 0.9552083333333333 0.8972222222222223
bee 0.999717 0.8885416666666667 0.8074074074074075 0.928125 0.8777777777777778
bee 0.999957 0.9291666666666667 0.7962962962962963 0.9958333333333333 0.9148148148148149
bee 0.999919 0.9286458333333333 0.8074074074074075 0.9682291666666667 0.8777777777777778
