bee 0.999999 0.013020833333333334 0.8027777777777778 0.0921875 0.9435185185185185
bee 0.999999 0.03958333333333333 0.8027777777777778 0.11875 0.9435185185185185
bee 0.999992 0.0 0.8240740740740741 0.05625 0.924074074074074
bee 0.994161 0.016666666666666666 0.6518518518518519 0.05 0.7111111111111111
bee 0.999998 0.06614583333333333 0.8027777777777778 0.1453125 0.9435185185185185
bee 0.999998 0.09270833333333334 0.8027777777777778 0.171875 0.9435185185185185
bee 1.000000 0.159375 0.8027777777777778 0.23854166666666668 0.9435185185185185
bee 0.999999 0.17447916666666666 0.5361111111111111 0.26927083333333335 0.7046296296296296
bee 0.999994 0.24635416666666668 0.8157407407407408 0.31302083333333336 0.9342592592592592
bee 0.999906 0.2015625 0.8157407407407408 0.2682291666666667 0.9342592592592592
bee 0.561332 0.2125 0.5768518518518518 0.2791666666666667 0.6953703703703704
bee 0.997072 0.2421875 0.8324074074074074 0.2755208333333333 0.8916666666666667
bee 0.999980 0.26875 0.8157407407407408 0.33541666666666664 0.9342592592592592
bee 1.000000 0.3015625 0.7055555555555556 0.3963541666666667 0.8740740740740741
bee 1.000000 0.31197916666666664 0.7731481481481481 0.36822916666666666 0.8731481481481481
bee 0.999894 0.3140625 0.8194444444444444 0.3536458333333333 0.8898148148148148
bee 0.999992 0.371875 0.8027777777777778 0.4510416666666667 0.9435185185185185
bee 0.988453 0.3723958333333333 0.8425925925925926 0.40572916666666664 0.9018518518518519
bee 0.999982 0.403125 0.8157407407407408 0.46979166666666666 0.9342592592592592
bee 1.000000 0.3802083333333333 0.13518518518518519 0.49375 0.337037037037037
bee 1.000000 0.42552083333333335 0.15092592592592594 0.4817708333333333 0.25092592592592594
bee 0.999980 0.44427083333333334 0.8240740740740741 0.5005208333333333 0.924074074074074
bee 0.999991 0.49166666666666664 0.8240740740740741 0.5479166666666667 0.924074074074074
bee 0.999998 0.5296875 0.8240740740740741 0.5859375 0.924074074074074
bee 0.999709 0.490625 0.8324074074074074 0.5239583333333333 0.8916666666666667
bee 0.994663 0.5145833333333333 0.8194444444444444 0.5541666666666667 0.8898148148148148
bee 0.999995 0.5578125 0.8240740740740741 0.6140625 0.924074074074074
bee 1.000000 0.5130208333333334 0.4388888888888889 0.6265625 0.6407407407407407
bee 0.999985 0.5864583333333333 0.8240740740740741 0.6427083333333333 0.924074074074074
bee 0.999961 0.6046875 0.8157407407407408 0.6713541666666667 0.9342592592592592
bee 1.000000 0.571875 0.11296296296296296 0.6666666666666666 0.2814814814814815
bee 0.999898 0.6239583333333333 0.8027777777777778 0.703125 0.9435185185185185
bee 1.000000 0.615625 0.1388888888888889 0.6822916666666666 0.2574074074074074
bee 1.000000 0.6145833333333334 0.1537037037037037 0.6541666666666667 0.22407407407407406
bee 0.999931 0.6619791666666667 0.8074074074074075 0.7182291666666667 0.9074074074074074
bee 0.999972 0.7036458333333333 0.8027777777777778 0.7828125 0.9435185185185185
bee 1.000000 0.7171875 0.6611111111111111 0.7963541666666667 0.8018518518518518
bee 0.999581 0.7661458333333333 0.8138888888888889 0.8130208333333333 0.8972222222222223
bee 0.997510 0.7447916666666666 0.8222222222222222 0.778125 0.8814814814814815
bee 1.000000 0.80625 0.7361111111111112 0.8729166666666667 0.8546296296296296
bee 0.996109 0.7895833333333333 0.8222222222222222 0.8229166666666666 0.8814814814814815
bee 1.000000 0.8234375 0.7916666666666666 0.8567708333333334 0.850925925925926
bee 0.999938 0.8796875 0.8074074074074075 0.9359375 0.9074074074074074
bee 0.992372 0.853125 0.8138888888888889 0.9 0.8972222222222223
bee 0.999621 0.9161458333333333 0.8138888888888889 0.9630208333333333 0.8972222222222223
bee 1.000000 0.9291666666666667 0.6962962962962963 0.9958333333333333 0.8148148148148148
bee 1.000000 0.9161458333333333 0.5898148148148148 0.9953125 0.7305555555555555
bee 1.000000 0.9479166666666666 0.687962962962963 0.9947916666666666 0.7712962962962963
bee 0.844238 0.9354166666666667 0.6527777777777778 0.975 0.7231481481481481
bee 0.992581 0.9479166666666666 0.8138888888888889 0.9947916666666666 0.8972222222222223
bee 0.999601 0.9364583333333333 0.5712962962962963 0.9927083333333333 0.6712962962962963
