bee 0.999997 0.0 0.8027777777777778 0.07916666666666666 0.9435185185185185
bee 0.999998 0.053125 0.8027777777777778 0.13229166666666667 0.9435185185185185
bee 0.999996 0.03333333333333333 0.8157407407407408 0.1 0.9342592592592592
bee 0.999995 0.0796875 0.8027777777777778 0.15885416666666666 0.9435185185185185
bee 0.999986 0.10625 0.8027777777777778 0.18541666666666667 0.9435185185185185
bee 0.999970 0.1328125 0.8027777777777778 0.21197916666666666 0.9435185185185185
bee 0.999984 0.1859375 0.8027777777777778 0.26510416666666664 0.9435185185185185
bee 0.999975 0.159375 0.8027777777777778 0.23854166666666668 0.9435185185185185
bee 0.999992 0.265625 0.8027777777777778 0.34479166666666666 0.9435185185185185
bee 0.993903 0.22708333333333333 0.8314814814814815 0.26666666666666666 0.9018518518518519
bee 0.979314 0.240625 0.8194444444444444 0.28020833333333334 0.8898148148148148
bee 0.995962 0.2671875 0.8314814814814815 0.3067708333333333 0.9018518518518519
bee 0.999918 0.2921875 0.8027777777777778 0.37135416666666665 0.9435185185185185
bee 1.000000 0.3333333333333333 0.7620370370370371 0.428125 0.9305555555555556
bee 0.999783 0.3692708333333333 0.7962962962962963 0.4359375 0.9148148148148149
bee 0.999998 0.378125 0.06666666666666667 0.434375 0.16666666666666666
bee 0.999970 0.4140625 0.7962962962962963 0.48072916666666665 0.9148148148148149
bee 0.999893 0.39166666666666666 0.7962962962962963 0.4583333333333333 0.9148148148148149
bee 0.999971 0.4421875 0.8138888888888889 0.4890625 0.8972222222222223
bee 0.999977 0.4895833333333333 0.8138888888888889 0.5364583333333334 0.8972222222222223
bee 0.999926 0.5291666666666667 0.8138888888888889 0.5760416666666667 0.8972222222222223
bee 0.999994 0.5598958333333334 0.7962962962962963 0.6265625 0.9148148148148149
bee 0.999963 0.5932291666666667 0.7962962962962963 0.6598958333333333 0.9148148148148149
bee 0.999815 0.6338541666666667 0.8074074074074075 0.6901041666666666 0.9074074074074074
bee 1.000000 0.6828125 0.7620370370370371 0.7776041666666667 0.9305555555555556
bee 0.998722 0.6869791666666667 0.8 0.7338541666666667 0.8833333333333333
bee 0.999859 0.7171875 0.7787037037037037 0.7963541666666667 0.9194444444444444
bee 0.999994 0.8234375 0.7787037037037037 0.9026041666666667 0.9194444444444444
bee 0.999241 0.7583333333333333 0.8138888888888889 0.8052083333333333 0.8972222222222223
bee 0.999926 0.7973958333333333 0.8138888888888889 0.8442708333333333 0.8972222222222223
bee 0.999976 0.9317708333333333 0.8 0.9786458333333333 0.8833333333333333
bee 0.999981 0.9020833333333333 0.8074074074074075 0.9416666666666667 0.8777777777777778
bee 0.999943 0.953125 0.812037037037037 0.9864583333333333 0.8712962962962963
