bee 0.999998 0.03958333333333333 0.8027777777777778 0.11875 0.9435185185185185
bee 0.999997 0.013020833333333334 0.8027777777777778 0.0921875 0.9435185185185185
bee 0.999987 0.07864583333333333 0.8277777777777777 0.12552083333333333 0.9111111111111111
bee 0.999956 0.09427083333333333 0.8240740740740741 0.15052083333333333 0.924074074074074
bee 0.790067 0.1125 0.6620370370370371 0.14583333333333334 0.7212962962962963
bee 1.000000 0.12291666666666666 0.7731481481481481 0.17916666666666667 0.8731481481481481
bee 0.998779 0.140625 0.8222222222222222 0.17395833333333333 0.8814814814814815
bee 0.999994 0.2125 0.8027777777777778 0.2916666666666667 0.9435185185185185
bee 0.999987 0.1859375 0.8027777777777778 0.26510416666666664 0.9435185185185185
bee 0.999900 0.18125 0.8277777777777777 0.228125 0.9111111111111111
bee 0.967013 0.16666666666666666 0.8314814814814815 0.20625 0.9018518518518519
bee 0.999999 0.22395833333333334 0.5574074074074075 0.290625 0.6759259259259259
bee 0.999986 0.26458333333333334 0.8240740740740741 0.32083333333333336 0.924074074074074
bee 1.000000 0.28489583333333335 0.7435185185185185 0.3984375 0.9453703703703704
bee 0.994309 0.29322916666666665 0.8240740740740741 0.3494791666666667 0.924074074074074
bee 1.000000 0.31875 0.7314814814814815 0.39791666666666664 0.8722222222222222
bee 0.739914 0.315625 0.7722222222222223 0.3625 0.8555555555555555
bee 1.000000 0.3359375 0.29814814814814816 0.40260416666666665 0.4166666666666667
bee 0.999988 0.3848958333333333 0.8027777777777778 0.4640625 0.9435185185185185
bee 0.836017 0.3494791666666667 0.7518518518518519 0.3828125 0.8111111111111111
bee 0.972188 0.3609375 0.8324074074074074 0.39427083333333335 0.8916666666666667
bee 1.000000 0.3453125 0.33055555555555555 0.4244791666666667 0.47129629629629627
bee 0.999999 0.37083333333333335 0.3925925925925926 0.41770833333333335 0.4759259259259259
bee 0.999983 0.4140625 0.8157407407407408 0.48072916666666665 0.9342592592592592
bee 1.000000 0.396875 0.19722222222222222 0.49166666666666664 0.36574074074074076
bee 0.999551 0.42864583333333334 0.2101851851851852 0.46197916666666666 0.26944444444444443
bee 0.999988 0.4635416666666667 0.8240740740740741 0.5197916666666667 0.924074074074074
bee 0.999997 0.5296875 0.8240740740740741 0.5859375 0.924074074074074
bee 0.999987 0.49270833333333336 0.8157407407407408 0.559375 0.9342592592592592
bee 1.000000 0.5104166666666666 0.0 0.5666666666666667 0.1
bee 0.999996 0.5578125 0.8240740740740741 0.6140625 0.924074074074074
bee 0.999995 0.5864583333333333 0.8240740740740741 0.6427083333333333 0.924074074074074
bee 0.999967 0.54375 0.4027777777777778 0.6791666666666667 0.6435185185185185
bee 0.999954 0.6145833333333334 0.8240740740740741 0.6708333333333333 0.924074074074074
bee 0.997266 0.6046875 0.45740740740740743 0.6713541666666667 0.575925925925926
bee 0.999919 0.6375 0.8027777777777778 0.7166666666666667 0.9435185185185185
bee 0.999911 0.6640625 0.8027777777777778 0.7432291666666667 0.9435185185185185
bee 0.999986 0.7036458333333333 0.8027777777777778 0.7828125 0.9435185185185185
bee 1.000000 0.7036458333333333 0.6370370370370371 0.7828125 0.7777777777777778
bee 0.999993 0.7947916666666667 0.7962962962962963 0.8614583333333333 0.9148148148148149
bee 0.980583 0.7390625 0.8324074074074074 0.7723958333333333 0.8916666666666667
bee 0.999998 0.7380208333333333 0.6888888888888889 0.7942708333333334 0.7888888888888889
bee 0.999959 0.7723958333333333 0.7962962962962963 0.8390625 0.9148148148148149
bee 0.999352 0.7583333333333333 0.8138888888888889 0.8052083333333333 0.8972222222222223
bee 0.999996 0.8171875 0.7962962962962963 0.8838541666666667 0.9148148148148149
bee 0.999983 0.8796875 0.8074074074074075 0.9359375 0.9074074074074074
bee 0.999974 0.8447916666666667 0.8138888888888889 0.8916666666666667 0.8972222222222223
bee 0.999869 0.9161458333333333 0.8138888888888889 0.9630208333333333 0.8972222222222223
bee 1.000000 0.9291666666666667 0.45740740740740743 0.9958333333333333 0.575925925925926
bee 1.000000 0.9479166666666666 0.7435185185185185 0.9947916666666666 0.8268518518518518
bee 0.999999 0.9479166666666666 0.6037037037037037 0.9947916666666666 0.687037037037037
bee 0.717294 0.9479166666666666 0.8222222222222222 0.98125 0.8814814814814815
bee 0.875635 0.953125 0.6416666666666667 0.9864583333333333 0.700925925925926
bee 1.000000 0.9479166666666666 0.5055555555555555 0.9947916666666666 0.5888888888888889
