bee 0.999997 0.0265625 0.8027777777777778 0.10572916666666667 0.9435185185185185
bee 0.999997 0.0 0.8027777777777778 0.07916666666666666 0.9435185185185185
bee 0.999995 0.06614583333333333 0.8027777777777778 0.1453125 0.9435185185185185
bee 0.999990 0.09270833333333334 0.8027777777777778 0.171875 0.9435185185185185
bee 0.999984 0.17916666666666667 0.8157407407407408 0.24583333333333332 0.9342592592592592
bee 0.962285 0.1734375 0.8194444444444444 0.21302083333333333 0.8898148148148148
bee 0.999989 0.26875 0.8157407407407408 0.33541666666666664 0.9342592592592592
bee 0.999890 0.2078125 0.8240740740740741 0.2640625 0.924074074074074
bee 0.999976 0.23489583333333333 0.8157407407407408 0.3015625 0.9342592592592592
bee 1.000000 0.3177083333333333 0.7620370370370371 0.4125 0.9305555555555556
bee 0.922337 0.3072916666666667 0.8314814814814815 0.346875 0.9018518518518519
bee 0.999957 0.36302083333333335 0.7861111111111111 0.40989583333333335 0.8694444444444445
bee 0.999983 0.4161458333333333 0.8074074074074075 0.47239583333333335 0.9074074074074074
bee 0.999080 0.3692708333333333 0.7962962962962963 0.4359375 0.9148148148148149
bee 1.000000 0.403125 0.09907407407407408 0.46979166666666666 0.2175925925925926
bee 0.999936 0.4578125 0.8138888888888889 0.5046875 0.8972222222222223
bee 0.999984 0.5375 0.7962962962962963 0.6041666666666666 0.9148148148148149
bee 0.999218 0.4973958333333333 0.8138888888888889 0.5442708333333334 0.8972222222222223
bee 0.999539 0.56875 0.8138888888888889 0.615625 0.8972222222222223
bee 0.999604 0.5890625 0.725 0.7244791666666667 0.9657407407407408
bee 1.000000 0.6046875 0.7361111111111112 0.6713541666666667 0.8546296296296296
bee 0.999910 0.6505208333333333 0.7787037037037037 0.7296875 0.9194444444444444
bee 0.999989 0.7276041666666667 0.7962962962962963 0.7942708333333334 0.9148148148148149
bee 0.999691 0.690625 0.8074074074074075 0.746875 0.9074074074074074
bee 0.999994 0.8234375 0.7787037037037037 0.9026041666666667 0.9194444444444444
bee 0.999968 0.7973958333333333 0.8138888888888889 0.8442708333333333 0.8972222222222223
bee 0.930742 0.7567708333333333 0.8027777777777778 0.8359375 0.9435185185185185
bee 0.999970 0.903125 0.7787037037037037 0.9822916666666667 0.9194444444444444
bee 0.999618 0.896875 0.812037037037037 0.9302083333333333 0.8712962962962963
bee 0.999934 0.9557291666666666 0.8074074074074075 0.9953125 0.8777777777777778
