bee 0.999998 0.0 0.7907407407407407 0.09479166666666666 0.9592592592592593
bee 0.999999 0.053125 0.8027777777777778 0.13229166666666667 0.9435185185185185
bee 0.999768 0.016666666666666666 0.8324074074074074 0.05 0.8916666666666667
bee 0.999895 0.046875 0.8074074074074075 0.103125 0.9074074074074074
bee 0.999994 0.09270833333333334 0.8027777777777778 0.171875 0.9435185185185185
bee 0.999984 0.11927083333333334 0.8027777777777778 0.1984375 0.9435185185185185
bee 0.999985 0.19010416666666666 0.8157407407407408 0.25677083333333334 0.9342592592592592
bee 0.992229 0.15 0.8138888888888889 0.196875 0.8972222222222223
bee 0.988353 0.19166666666666668 0.8324074074074074 0.225 0.8916666666666667
bee 0.999984 0.22395833333333334 0.8157407407407408 0.290625 0.9342592592592592
bee 0.999989 0.26875 0.8157407407407408 0.33541666666666664 0.9342592592592592
bee 1.000000 0.3177083333333333 0.7620370370370371 0.4125 0.9305555555555556
bee 0.998882 0.3609375 0.8018518518518518 0.39427083333333335 0.8611111111111112
bee 0.999962 0.3875 0.8240740740740741 0.44375 0.924074074074074
bee 0.999978 0.42552083333333335 0.8074074074074075 0.4817708333333333 0.9074074074074074
bee 0.999940 0.47291666666666665 0.8074074074074075 0.5291666666666667 0.9074074074074074
bee 0.970689 0.4114583333333333 0.21203703703703702 0.490625 0.3527777777777778
bee 0.511792 0.42552083333333335 0.26851851851851855 0.4817708333333333 0.3685185185185185
bee 0.999982 0.5177083333333333 0.8027777777777778 0.596875 0.9435185185185185
bee 0.999904 0.5052083333333334 0.8138888888888889 0.5520833333333334 0.8972222222222223
bee 0.999742 0.5604166666666667 0.8277777777777777 0.6072916666666667 0.9111111111111111
bee 1.000000 0.5973958333333333 0.7314814814814815 0.6765625 0.8722222222222222
bee 0.994190 0.584375 0.8277777777777777 0.63125 0.9111111111111111
bee 0.999758 0.6239583333333333 0.7296296296296296 0.6708333333333333 0.812962962962963
bee 0.999990 0.7052083333333333 0.7962962962962963 0.771875 0.9148148148148149
bee 0.999917 0.68125 0.8074074074074075 0.7375 0.9074074074074074
bee 0.999989 0.8229166666666666 0.8074074074074075 0.8791666666666667 0.9074074074074074
bee 0.999976 0.7973958333333333 0.8138888888888889 0.8442708333333333 0.8972222222222223
bee 0.951423 0.74375 0.8027777777777778 0.8229166666666666 0.9435185185185185
bee 0.999910 0.7817708333333333 0.8194444444444444 0.8213541666666667 0.8898148148148148
bee 0.999975 0.8515625 0.8074074074074075 0.9078125 0.9074074074074074
bee 0.999985 0.9088541666666666 0.8074074074074075 0.9484375 0.8777777777777778
bee 0.999923 0.8734375 0.7962962962962963 0.9401041666666666 0.9148148148148149
bee 0.999958 0.9182291666666667 0.7962962962962963 0.9848958333333333 0.9148148148148149
bee 0.999764 0.9588541666666667 0.812037037037037 0.9921875 0.8712962962962963
