bee 0.999999 0.0265625 0.8027777777777778 0.10572916666666667 0.9435185185185185
bee 0.999999 0.0 0.8027777777777778 0.07916666666666666 0.9435185185185185
bee 0.999998 0.06614583333333333 0.8027777777777778 0.1453125 0.9435185185185185
bee 0.999994 0.10625 0.8027777777777778 0.18541666666666667 0.9435185185185185
bee 0.999984 0.14270833333333333 0.7907407407407407 0.2375 0.9592592592592593
bee 0.999984 0.2015625 0.8157407407407408 0.2682291666666667 0.9342592592592592
bee 0.994083 0.1796875 0.8074074074074075 0.2359375 0.9074074074074074
bee 0.999989 0.23489583333333333 0.8157407407407408 0.3015625 0.9342592592592592
bee 0.999992 0.26875 0.8157407407407408 0.33541666666666664 0.9342592592592592
bee 1.000000 0.3229166666666667 0.7435185185185185 0.43645833333333334 0.9453703703703704
bee 0.998067 0.3 0.8277777777777777 0.346875 0.9111111111111111
bee 0.999995 0.3307291666666667 0.7731481481481481 0.38697916666666665 0.8731481481481481
bee 0.893937 0.36302083333333335 0.7722222222222223 0.40989583333333335 0.8555555555555555
bee 0.999971 0.39479166666666665 0.8277777777777777 0.44166666666666665 0.9111111111111111
bee 0.999969 0.42552083333333335 0.8074074074074075 0.4817708333333333 0.9074074074074074
bee 0.999908 0.4635416666666667 0.8074074074074075 0.5197916666666667 0.9074074074074074
bee 0.999919 0.45 0.8277777777777777 0.496875 0.9111111111111111
bee 0.999988 0.5177083333333333 0.8027777777777778 0.596875 0.9435185185185185
bee 0.999174 0.5130208333333334 0.8324074074074074 0.5463541666666667 0.8916666666666667
bee 0.999930 0.5526041666666667 0.8138888888888889 0.5994791666666667 0.8972222222222223
bee 1.000000 0.5661458333333333 0.725 0.7015625 0.9657407407407408
bee 1.000000 0.6239583333333333 0.7555555555555555 0.703125 0.8962962962962963
bee 0.999987 0.7052083333333333 0.7962962962962963 0.771875 0.9148148148148149
bee 0.999819 0.6828125 0.7962962962962963 0.7494791666666667 0.9148148148148149
bee 0.999989 0.8229166666666666 0.8074074074074075 0.8791666666666667 0.9074074074074074
bee 0.999952 0.7739583333333333 0.8138888888888889 0.8208333333333333 0.8972222222222223
bee 0.999824 0.7473958333333334 0.8074074074074075 0.8036458333333333 0.9074074074074074
bee 0.999981 0.8057291666666667 0.8138888888888889 0.8526041666666667 0.8972222222222223
bee 0.999982 0.8447916666666667 0.8138888888888889 0.8916666666666667 0.8972222222222223
bee 0.999977 0.86875 0.8138888888888889 0.915625 0.8972222222222223
bee 0.999989 0.9083333333333333 0.8138888888888889 0.9552083333333333 0.8972222222222223
bee 0.999938 0.9364583333333333 0.8074074074074075 0.9927083333333333 0.9074074074074074
bee 0.999916 0.9286458333333333 0.8074074074074075 0.9682291666666667 0.8777777777777778
