bee 0.999998 0.0 0.8027777777777778 0.07916666666666666 0.9435185185185185
bee 0.999998 0.03958333333333333 0.8027777777777778 0.11875 0.9435185185185185
bee 0.999997 0.06614583333333333 0.8027777777777778 0.1453125 0.9435185185185185
bee 0.991662 0.04635416666666667 0.8194444444444444 0.0859375 0.8898148148148148
bee 0.999993 0.09270833333333334 0.8027777777777778 0.171875 0.9435185185185185
bee 0.999981 0.11927083333333334 0.8027777777777778 0.1984375 0.9435185185185185
bee 0.999983 0.2125 0.8157407407407408 0.2791666666666667 0.9342592592592592
bee 0.999210 0.165625 0.8277777777777777 0.2125 0.9111111111111111
bee 0.999338 0.1890625 0.8074074074074075 0.2453125 0.9074074074074074
bee 0.999989 0.26875 0.8157407407407408 0.33541666666666664 0.9342592592592592
bee 1.000000 0.3229166666666667 0.7435185185185185 0.43645833333333334 0.9453703703703704
bee 0.996878 0.2921875 0.8138888888888889 0.3390625 0.8972222222222223
bee 0.999901 0.3307291666666667 0.7898148148148149 0.38697916666666665 0.8898148148148148
bee 0.999933 0.39479166666666665 0.8277777777777777 0.44166666666666665 0.9111111111111111
bee 0.999930 0.4635416666666667 0.8074074074074075 0.5197916666666667 0.9074074074074074
bee 0.999949 0.42552083333333335 0.8074074074074075 0.4817708333333333 0.9074074074074074
bee 0.999874 0.45 0.8138888888888889 0.496875 0.8972222222222223
bee 0.997732 0.42552083333333335 0.21851851851851853 0.4817708333333333 0.31851851851851853
bee 0.999984 0.5447916666666667 0.8138888888888889 0.5916666666666667 0.8972222222222223
bee 0.999914 0.4895833333333333 0.8138888888888889 0.5364583333333334 0.8972222222222223
bee 0.999848 0.5677083333333334 0.8194444444444444 0.6072916666666667 0.8898148148148148
bee 0.979663 0.5932291666666667 0.7962962962962963 0.6598958333333333 0.9148148148148149
bee 0.999459 0.5973958333333333 0.7314814814814815 0.6765625 0.8722222222222222
bee 0.798311 0.6239583333333333 0.7296296296296296 0.6708333333333333 0.812962962962963
bee 0.999654 0.671875 0.7962962962962963 0.7385416666666667 0.9148148148148149
bee 0.999986 0.709375 0.8074074074074075 0.765625 0.9074074074074074
bee 0.992942 0.6552083333333333 0.8138888888888889 0.7020833333333333 0.8972222222222223
bee 0.999992 0.8229166666666666 0.8074074074074075 0.8791666666666667 0.9074074074074074
bee 0.999960 0.7973958333333333 0.8138888888888889 0.8442708333333333 0.8972222222222223
bee 0.999893 0.7661458333333333 0.8074074074074075 0.8223958333333333 0.9074074074074074
bee 0.999975 0.8510416666666667 0.7962962962962963 0.9177083333333333 0.9148148148148149
bee 0.999980 0.903125 0.7787037037037037 0.9822916666666667 0.9194444444444444
bee 0.999062 0.8802083333333334 0.812037037037037 0.9135416666666667 0.8712962962962963
bee 0.989225 0.8765625 0.8027777777777778 0.9557291666666666 0.9435185185185185
bee 0.999969 0.9020833333333333 0.8074074074074075 0.9416666666666667 0.8777777777777778
bee 0.999908 0.9421875 0.8074074074074075 0.9817708333333334 0.8777777777777778
