bee 0.999999 0.0265625 0.8027777777777778 0.10572916666666667 0.9435185185185185
bee 0.999003 0.015625 0.8138888888888889 0.0625 0.8972222222222223
bee 0.999996 0.0796875 0.8027777777777778 0.15885416666666666 0.9435185185185185
bee 0.999399 0.07864583333333333 0.8324074074074074 0.11197916666666667 0.8916666666666667
bee 0.999992 0.10625 0.8027777777777778 0.18541666666666667 0.9435185185185185
bee 0.999980 0.1328125 0.8027777777777778 0.21197916666666666 0.9435185185185185
bee 0.999976 0.159375 0.8027777777777778 0.23854166666666668 0.9435185185185185
bee 0.999987 0.2125 0.8157407407407408 0.2791666666666667 0.9342592592592592
bee 0.999993 0.26875 0.8157407407407408 0.33541666666666664 0.9342592592592592
bee 1.000000 0.3177083333333333 0.7620370370370371 0.4125 0.9305555555555556
bee 0.997097 0.30052083333333335 0.8314814814814815 0.34010416666666665 0.9018518518518519
bee 0.999995 0.35520833333333335 0.7861111111111111 0.40208333333333335 0.8694444444444445
bee 0.964184 0.340625 0.1425925925925926 0.3802083333333333 0.21296296296296297
bee 0.999953 0.39479166666666665 0.8277777777777777 0.44166666666666665 0.9111111111111111
bee 0.999964 0.4348958333333333 0.8074074074074075 0.49114583333333334 0.9074074074074074
bee 0.998197 0.38125 0.42314814814814816 0.47604166666666664 0.5916666666666667
bee 0.999951 0.47291666666666665 0.8074074074074075 0.5291666666666667 0.9074074074074074
bee 0.999951 0.5046875 0.8027777777777778 0.5838541666666667 0.9435185185185185
bee 0.999840 0.5052083333333334 0.8138888888888889 0.5520833333333334 0.8972222222222223
bee 0.999997 0.5598958333333334 0.7962962962962963 0.6265625 0.9148148148148149
bee 0.722416 0.5526041666666667 0.8324074074074074 0.5859375 0.8916666666666667
bee 1.000000 0.6083333333333333 0.6759259259259259 0.721875 0.8777777777777778
bee 0.998772 0.5864583333333333 0.8074074074074075 0.6427083333333333 0.9074074074074074
bee 0.993606 0.6046875 0.8157407407407408 0.6713541666666667 0.9342592592592592
bee 0.990753 0.6260416666666667 0.8222222222222222 0.659375 0.8814814814814815
bee 0.865885 0.6416666666666667 0.8194444444444444 0.68125 0.8898148148148148
bee 0.954698 0.6552083333333333 0.7157407407407408 0.7020833333333333 0.799074074074074
bee 0.999967 0.7052083333333333 0.7962962962962963 0.771875 0.9148148148148149
bee 0.988740 0.6947916666666667 0.8194444444444444 0.734375 0.8898148148148148
bee 0.946200 0.6822916666666666 0.7416666666666667 0.715625 0.8009259259259259
bee 0.999787 0.7276041666666667 0.7962962962962963 0.7942708333333334 0.9148148148148149
bee 0.999990 0.8229166666666666 0.8074074074074075 0.8791666666666667 0.9074074074074074
bee 0.999786 0.7567708333333333 0.8074074074074075 0.8130208333333333 0.9074074074074074
bee 0.999934 0.7817708333333333 0.8138888888888889 0.8286458333333333 0.8972222222222223
bee 0.999933 0.7947916666666667 0.7962962962962963 0.8614583333333333 0.9148148148148149
bee 0.999967 0.8515625 0.8074074074074075 0.9078125 0.9074074074074074
bee 0.999975 0.9005208333333333 0.8138888888888889 0.9473958333333333 0.8972222222222223
bee 0.999833 0.8885416666666667 0.8074074074074075 0.928125 0.8777777777777778
bee 0.999963 0.9182291666666667 0.7962962962962963 0.9848958333333333 0.9148148148148149
