bee 0.999998 0.0 0.7907407407407407 0.09479166666666666 0.9592592592592593
bee 0.999998 0.06614583333333333 0.8027777777777778 0.1453125 0.9435185185185185
bee 0.999962 0.0 0.8277777777777777 0.046875 0.9111111111111111
bee 0.999998 0.03958333333333333 0.8027777777777778 0.11875 0.9435185185185185
bee 0.999991 0.09270833333333334 0.8027777777777778 0.171875 0.9435185185185185
bee 0.999981 0.17916666666666667 0.8157407407407408 0.24583333333333332 0.9342592592592592
bee 0.999969 0.12291666666666666 0.8157407407407408 0.18958333333333333 0.9342592592592592
bee 0.997712 0.16666666666666666 0.8314814814814815 0.20625 0.9018518518518519
bee 0.999985 0.22395833333333334 0.8157407407407408 0.290625 0.9342592592592592
bee 0.999922 0.2078125 0.8240740740740741 0.2640625 0.924074074074074
bee 0.999981 0.24635416666666668 0.8157407407407408 0.31302083333333336 0.9342592592592592
bee 0.999983 0.26875 0.8157407407407408 0.33541666666666664 0.9342592592592592
bee 1.000000 0.3229166666666667 0.7435185185185185 0.43645833333333334 0.9453703703703704
bee 0.988404 0.3098958333333333 0.8324074074074074 0.34322916666666664 0.8916666666666667
bee 0.999949 0.3307291666666667 0.7898148148148149 0.38697916666666665 0.8898148148148148
bee 0.999983 0.4161458333333333 0.8074074074074075 0.47239583333333335 0.9074074074074074
bee 0.999979 0.3875 0.8240740740740741 0.44375 0.924074074074074
bee 0.999975 0.4114583333333333 0.18888888888888888 0.490625 0.3296296296296296
bee 0.866491 0.42552083333333335 0.2388888888888889 0.4921875 0.3574074074074074
bee 0.999966 0.4895833333333333 0.8138888888888889 0.5364583333333334 0.8972222222222223
bee 0.999923 0.45416666666666666 0.8074074074074075 0.5104166666666666 0.9074074074074074
bee 0.999982 0.5369791666666667 0.8138888888888889 0.5838541666666667 0.8972222222222223
bee 0.999852 0.5130208333333334 0.8277777777777777 0.5598958333333334 0.9111111111111111
bee 0.999788 0.56875 0.8138888888888889 0.615625 0.8972222222222223
bee 0.999998 0.5973958333333333 0.7314814814814815 0.6765625 0.8722222222222222
bee 0.947564 0.5958333333333333 0.8074074074074075 0.6520833333333333 0.9074074074074074
bee 0.991075 0.628125 0.7361111111111112 0.6677083333333333 0.8064814814814815
bee 0.999990 0.709375 0.8074074074074075 0.765625 0.9074074074074074
bee 0.999629 0.6619791666666667 0.8074074074074075 0.7182291666666667 0.9074074074074074
bee 0.991095 0.6598958333333333 0.8222222222222222 0.6932291666666667 0.8814814814814815
bee 0.998864 0.6947916666666667 0.8194444444444444 0.734375 0.8898148148148148
bee 0.999993 0.8229166666666666 0.8074074074074075 0.8791666666666667 0.9074074074074074
bee 0.999834 0.7567708333333333 0.8074074074074075 0.8130208333333333 0.9074074074074074
bee 0.999950 0.7817708333333333 0.8138888888888889 0.8286458333333333 0.8972222222222223
bee 0.999982 0.8057291666666667 0.8138888888888889 0.8526041666666667 0.8972222222222223
bee 0.999970 0.8510416666666667 0.7962962962962963 0.9177083333333333 0.9148148148148149
bee 0.999982 0.9020833333333333 0.8074074074074075 0.9416666666666667 0.8777777777777778
bee 0.999954 0.9182291666666667 0.7962962962962963 0.9848958333333333 0.9148148148148149
bee 0.999872 0.9557291666666666 0.8074074074074075 0.9953125 0.8777777777777778
