bee 0.999999 0.015625 0.7907407407407407 0.11041666666666666 0.9592592592592593
bee 0.999602 0.022395833333333334 0.8324074074074074 0.05572916666666667 0.8916666666666667
bee 0.999999 0.06354166666666666 0.7907407407407407 0.15833333333333333 0.9592592592592593
bee 0.999999 0.0953125 0.7907407407407407 0.19010416666666666 0.9592592592592593
bee 0.999998 0.14583333333333334 0.8027777777777778 0.225 0.9435185185185185
bee 0.999992 0.17447916666666666 0.7907407407407407 0.26927083333333335 0.9592592592592593
bee 0.999996 0.265625 0.8027777777777778 0.34479166666666666 0.9435185185185185
bee 0.999988 0.2125 0.8027777777777778 0.2916666666666667 0.9435185185185185
bee 0.999938 0.2526041666666667 0.8277777777777777 0.2994791666666667 0.9111111111111111
bee 0.999998 0.30520833333333336 0.8027777777777778 0.384375 0.9435185185185185
bee 0.999999 0.33177083333333335 0.8027777777777778 0.4109375 0.9435185185185185
bee 0.999987 0.35833333333333334 0.8027777777777778 0.4375 0.9435185185185185
bee 0.999996 0.4348958333333333 0.8240740740740741 0.49114583333333334 0.924074074074074
bee 0.999998 0.4515625 0.8027777777777778 0.5307291666666667 0.9435185185185185
bee 0.999621 0.42083333333333334 0.8314814814814815 0.46041666666666664 0.9018518518518519
bee 0.859891 0.42552083333333335 0.03981481481481482 0.4921875 0.15833333333333333
bee 0.999993 0.478125 0.8027777777777778 0.5572916666666666 0.9435185185185185
bee 0.999984 0.5375 0.8157407407407408 0.6041666666666666 0.9342592592592592
bee 0.997605 0.5244791666666667 0.8425925925925926 0.5578125 0.9018518518518519
bee 0.999984 0.5932291666666667 0.8157407407407408 0.6598958333333333 0.9342592592592592
bee 0.999944 0.615625 0.8157407407407408 0.6822916666666666 0.9342592592592592
bee 0.999914 0.6380208333333334 0.6962962962962963 0.7046875 0.8148148148148148
bee 0.874705 0.6494791666666667 0.8157407407407408 0.7161458333333334 0.9342592592592592
bee 0.999934 0.7166666666666667 0.8157407407407408 0.7833333333333333 0.9342592592592592
bee 0.999842 0.7567708333333333 0.8240740740740741 0.8130208333333333 0.924074074074074
bee 0.998810 0.7484375 0.8314814814814815 0.7880208333333333 0.9018518518518519
bee 1.000000 0.778125 0.7620370370370371 0.8729166666666667 0.9305555555555556
bee 0.615515 0.8083333333333333 0.7722222222222223 0.8479166666666667 0.8425925925925926
bee 0.999911 0.8416666666666667 0.8240740740740741 0.8979166666666667 0.924074074074074
bee 0.999937 0.9020833333333333 0.8314814814814815 0.9416666666666667 0.9018518518518519
bee 0.999691 0.8755208333333333 0.8314814814814815 0.9151041666666667 0.9018518518518519
bee 0.999937 0.9317708333333333 0.8277777777777777 0.9786458333333333 0.9111111111111111
bee 1.000000 0.9557291666666666 0.0 0.9953125 0.07037037037037037
bee 0.927772 0.9588541666666667 0.8222222222222222 0.9921875 0.8814814814814815
