bee 0.999999 0.013020833333333334 0.8027777777777778 0.0921875 0.9435185185185185
bee 0.999719 0.022395833333333334 0.8324074074074074 0.05572916666666667 0.8916666666666667
bee 0.999998 0.053125 0.8027777777777778 0.13229166666666667 0.9435185185185185
bee 0.999993 0.09270833333333334 0.8027777777777778 0.171875 0.9435185185185185
bee 0.999452 0.1015625 0.8324074074074074 0.13489583333333333 0.8916666666666667
bee 0.999986 0.11927083333333334 0.8027777777777778 0.1984375 0.9435185185185185
bee 0.999983 0.15885416666666666 0.7907407407407407 0.25364583333333335 0.9592592592592593
bee 0.998994 0.16666666666666666 0.8314814814814815 0.20625 0.9018518518518519
bee 0.999976 0.2015625 0.8157407407407408 0.2682291666666667 0.9342592592592592
bee 0.999984 0.22395833333333334 0.8157407407407408 0.290625 0.9342592592592592
bee 0.999990 0.26875 0.8157407407407408 0.33541666666666664 0.9342592592592592
bee 0.995602 0.2708333333333333 0.8324074074074074 0.30416666666666664 0.8916666666666667
bee 1.000000 0.3333333333333333 0.7620370370370371 0.428125 0.9305555555555556
bee 0.999435 0.29322916666666665 0.8074074074074075 0.3494791666666667 0.9074074074074074
bee 0.996030 0.32135416666666666 0.8324074074074074 0.3546875 0.8916666666666667
bee 0.999996 0.359375 0.03333333333333333 0.415625 0.13333333333333333
bee 0.999973 0.42552083333333335 0.8074074074074075 0.4817708333333333 0.9074074074074074
bee 0.998842 0.3692708333333333 0.7962962962962963 0.4359375 0.9148148148148149
bee 0.999920 0.39479166666666665 0.8277777777777777 0.44166666666666665 0.9111111111111111
bee 0.999914 0.39479166666666665 0.1259259259259259 0.44166666666666665 0.20925925925925926
bee 0.779619 0.39479166666666665 0.05 0.428125 0.10925925925925926
bee 0.969426 0.403125 0.1388888888888889 0.46979166666666666 0.2574074074074074
bee 0.999944 0.5052083333333334 0.8277777777777777 0.5520833333333334 0.9111111111111111
bee 0.999912 0.4635416666666667 0.8074074074074075 0.5197916666666667 0.9074074074074074
bee 0.999826 0.45 0.8138888888888889 0.496875 0.8972222222222223
bee 0.999991 0.5578125 0.8074074074074075 0.6140625 0.9074074074074074
bee 0.999872 0.5177083333333333 0.8027777777777778 0.596875 0.9435185185185185
bee 0.999989 0.5822916666666667 0.7962962962962963 0.6489583333333333 0.9148148148148149
bee 0.999940 0.6046875 0.7962962962962963 0.6713541666666667 0.9148148148148149
bee 0.999552 0.6239583333333333 0.8027777777777778 0.703125 0.9435185185185185
bee 0.999995 0.6770833333333334 0.7787037037037037 0.75625 0.9194444444444444
bee 0.999992 0.8229166666666666 0.8074074074074075 0.8791666666666667 0.9074074074074074
bee 0.999798 0.7567708333333333 0.8074074074074075 0.8130208333333333 0.9074074074074074
bee 0.998497 0.7421875 0.8138888888888889 0.7890625 0.8972222222222223
bee 0.999883 0.7885416666666667 0.8194444444444444 0.828125 0.8898148148148148
bee 0.999967 0.8609375 0.8074074074074075 0.9171875 0.9074074074074074
bee 0.999977 0.9005208333333333 0.8138888888888889 0.9473958333333333 0.8972222222222223
bee 0.999883 0.9223958333333333 0.8074074074074075 0.9619791666666667 0.8777777777777778
bee 0.999894 0.9421875 0.8074074074074075 0.9817708333333334 0.8777777777777778
bee 1.000000 0.9364583333333333 0.537962962962963 0.9927083333333333 0.637962962962963
bee 1.000000 0.9557291666666666 0.5814814814814815 0.9953125 0.6518518518518519
