bee 0.999998 0.05572916666666667 0.8157407407407408 0.12239583333333333 0.9342592592592592
bee 0.999997 0.0 0.8027777777777778 0.07916666666666666 0.9435185185185185
bee 0.999842 0.0 0.8138888888888889 0.046875 0.8972222222222223
bee 0.999994 0.03333333333333333 0.8157407407407408 0.1 0.9342592592592592
bee 0.999994 0.0796875 0.8027777777777778 0.15885416666666666 0.9435185185185185
bee 0.999989 0.10625 0.8027777777777778 0.18541666666666667 0.9435185185185185
bee 0.999967 0.1328125 0.8027777777777778 0.21197916666666666 0.9435185185185185
bee 0.999982 0.22552083333333334 0.8027777777777778 0.3046875 0.9435185185185185
bee 0.999972 0.17916666666666667 0.8157407407407408 0.24583333333333332 0.9342592592592592
bee 0.999987 0.265625 0.8027777777777778 0.34479166666666666 0.9435185185185185
bee 1.000000 0.30416666666666664 0.7435185185185185 0.41770833333333335 0.9453703703703704
bee 0.999394 0.3609375 0.7916666666666666 0.39427083333333335 0.850925925925926
bee 0.999978 0.4161458333333333 0.8074074074074075 0.47239583333333335 0.9074074074074074
bee 1.000000 0.3651041666666667 0.05648148148148148 0.45989583333333334 0.225
bee 1.000000 0.403125 0.07962962962962963 0.46979166666666666 0.19814814814814816
bee 0.999670 0.38697916666666665 0.8277777777777777 0.43385416666666665 0.9111111111111111
bee 0.999935 0.4421875 0.8138888888888889 0.4890625 0.8972222222222223
bee 0.999958 0.4895833333333333 0.8138888888888889 0.5364583333333334 0.8972222222222223
bee 0.999969 0.5260416666666666 0.7962962962962963 0.5927083333333333 0.9148148148148149
bee 0.999414 0.5442708333333334 0.8027777777777778 0.6234375 0.9435185185185185
bee 0.999994 0.5932291666666667 0.7361111111111112 0.6598958333333333 0.8546296296296296
bee 0.837334 0.5770833333333333 0.8240740740740741 0.6333333333333333 0.924074074074074
bee 0.999786 0.6375 0.7787037037037037 0.7166666666666667 0.9194444444444444
bee 1.000000 0.6989583333333333 0.7620370370370371 0.79375 0.9305555555555556
bee 0.991305 0.7015625 0.8314814814814815 0.7411458333333333 0.9018518518518519
bee 0.999524 0.734375 0.7722222222222223 0.78125 0.8555555555555555
bee 0.999989 0.8229166666666666 0.8074074074074075 0.8791666666666667 0.9074074074074074
bee 0.999957 0.7947916666666667 0.8074074074074075 0.8510416666666667 0.9074074074074074
bee 0.999957 0.8510416666666667 0.7962962962962963 0.9177083333333333 0.9148148148148149
bee 0.999980 0.9088541666666666 0.8074074074074075 0.9484375 0.8777777777777778
bee 0.999825 0.8822916666666667 0.8074074074074075 0.921875 0.8777777777777778
bee 0.999945 0.9182291666666667 0.7962962962962963 0.9848958333333333 0.9148148148148149
bee 0.998692 0.9479166666666666 0.8138888888888889 0.9947916666666666 0.8972222222222223
