bee 0.999998 0.0 0.8027777777777778 0.07916666666666666 0.9435185185185185
bee 0.999840 0.0 0.8138888888888889 0.046875 0.8972222222222223
bee 0.999998 0.03958333333333333 0.8027777777777778 0.11875 0.9435185185185185
bee 0.999997 0.06614583333333333 0.8027777777777778 0.1453125 0.9435185185185185
bee 0.999988 0.10052083333333334 0.8157407407407408 0.1671875 0.9342592592592592
bee 0.999981 0.1140625 0.7768518518518519 0.22760416666666666 0.9787037037037037
bee 0.999984 0.17916666666666667 0.8157407407407408 0.24583333333333332 0.9342592592592592
bee 0.999984 0.2015625 0.8157407407407408 0.2682291666666667 0.9342592592592592
bee 0.999978 0.22552083333333334 0.8027777777777778 0.3046875 0.9435185185185185
bee 0.999987 0.26875 0.8157407407407408 0.33541666666666664 0.9342592592592592
bee 1.000000 0.3229166666666667 0.7435185185185185 0.43645833333333334 0.9453703703703704
bee 0.991474 0.29322916666666665 0.8074074074074075 0.3494791666666667 0.9074074074074074
bee 0.562573 0.3307291666666667 0.8074074074074075 0.38697916666666665 0.9074074074074074
bee 0.999968 0.42552083333333335 0.8074074074074075 0.4817708333333333 0.9074074074074074
bee 0.999842 0.39479166666666665 0.8277777777777777 0.44166666666666665 0.9111111111111111
bee 0.999781 0.42552083333333335 0.20185185185185187 0.4817708333333333 0.30185185185185187
bee 0.999955 0.465625 0.8138888888888889 0.5125 0.8972222222222223
bee 0.883736 0.4161458333333333 0.1675925925925926 0.47239583333333335 0.2675925925925926
bee 0.999958 0.4973958333333333 0.8138888888888889 0.5442708333333334 0.8972222222222223
bee 0.999985 0.5260416666666666 0.7962962962962963 0.5927083333333333 0.9148148148148149
bee 0.999971 0.5604166666666667 0.8138888888888889 0.6072916666666667 0.8972222222222223
bee 1.000000 0.6036458333333333 0.7055555555555556 0.6984375 0.8740740740740741
bee 0.931574 0.5864583333333333 0.8240740740740741 0.6427083333333333 0.924074074074074
bee 0.999967 0.709375 0.8074074074074075 0.765625 0.9074074074074074
bee 0.997226 0.68125 0.8074074074074075 0.7375 0.9074074074074074
bee 0.999993 0.8234375 0.7787037037037037 0.9026041666666667 0.9194444444444444
bee 0.999866 0.7276041666666667 0.7962962962962963 0.7942708333333334 0.9148148148148149
bee 0.999961 0.7973958333333333 0.8138888888888889 0.8442708333333333 0.8972222222222223
bee 0.999656 0.7614583333333333 0.7962962962962963 0.828125 0.9148148148148149
bee 0.997840 0.8151041666666666 0.8074074074074075 0.8546875 0.8777777777777778
bee 0.999974 0.85 0.7787037037037037 0.9291666666666667 0.9194444444444444
bee 0.999981 0.9020833333333333 0.8074074074074075 0.9416666666666667 0.8777777777777778
bee 0.999936 0.9479166666666666 0.8 0.9947916666666666 0.8833333333333333
bee 0.999933 0.9354166666666667 0.8074074074074075 0.975 0.8777777777777778
