bee 0.999998 0.013020833333333334 0.8027777777777778 0.0921875 0.9435185185185185
bee 0.999998 0.03958333333333333 0.8027777777777778 0.11875 0.9435185185185185
bee 0.999997 0.06614583333333333 0.8027777777777778 0.1453125 0.9435185185185185
bee 0.999988 0.10052083333333334 0.8157407407407408 0.1671875 0.9342592592592592
bee 0.999979 0.1140625 0.7768518518518519 0.22760416666666666 0.9787037037037037
bee 0.999982 0.2125 0.8157407407407408 0.2791666666666667 0.9342592592592592
bee 0.999981 0.17916666666666667 0.8157407407407408 0.24583333333333332 0.9342592592592592
bee 0.999991 0.26875 0.8157407407407408 0.33541666666666664 0.9342592592592592
bee 1.000000 0.3229166666666667 0.7435185185185185 0.43645833333333334 0.9453703703703704
bee 0.996487 0.3 0.8277777777777777 0.346875 0.9111111111111111
bee 0.999761 0.32447916666666665 0.7759259259259259 0.39114583333333336 0.8944444444444445
bee 0.999809 0.39479166666666665 0.8277777777777777 0.44166666666666665 0.9111111111111111
bee 0.999978 0.42552083333333335 0.8074074074074075 0.4817708333333333 0.9074074074074074
bee 0.999822 0.41041666666666665 0.8138888888888889 0.45729166666666665 0.8972222222222223
bee 0.999999 0.4265625 0.1537037037037037 0.4734375 0.23703703703703705
bee 0.999932 0.45 0.8138888888888889 0.496875 0.8972222222222223
bee 0.999938 0.4895833333333333 0.8138888888888889 0.5364583333333334 0.8972222222222223
bee 0.999990 0.5447916666666667 0.8138888888888889 0.5916666666666667 0.8972222222222223
bee 0.999942 0.5130208333333334 0.8138888888888889 0.5598958333333334 0.8972222222222223
bee 0.999778 0.5765625 0.8138888888888889 0.6234375 0.8972222222222223
bee 0.999994 0.615625 0.7361111111111112 0.6822916666666666 0.8546296296296296
bee 0.988545 0.6375 0.7416666666666667 0.6708333333333333 0.8009259259259259
bee 0.999976 0.6505208333333333 0.7555555555555555 0.7296875 0.8962962962962963
bee 0.999970 0.7166666666666667 0.7962962962962963 0.7833333333333333 0.9148148148148149
bee 0.999991 0.8286458333333333 0.7962962962962963 0.8953125 0.9148148148148149
bee 0.999968 0.7973958333333333 0.8138888888888889 0.8442708333333333 0.8972222222222223
bee 0.999883 0.775 0.8194444444444444 0.8145833333333333 0.8898148148148148
bee 0.997974 0.8234375 0.8222222222222222 0.8567708333333334 0.8814814814814815
bee 0.999927 0.8619791666666666 0.7962962962962963 0.9286458333333333 0.9148148148148149
bee 0.999985 0.9020833333333333 0.8074074074074075 0.9416666666666667 0.8777777777777778
bee 0.999963 0.9223958333333333 0.8074074074074075 0.9619791666666667 0.8777777777777778
bee 0.999632 0.8911458333333333 0.812037037037037 0.9244791666666666 0.8712962962962963
bee 0.999940 0.9421875 0.8074074074074075 0.9817708333333334 0.8777777777777778
