bee 0.999999 0.013020833333333334 0.8027777777777778 0.0921875 0.9435185185185185
bee 0.999997 0.053125 0.8027777777777778 0.13229166666666667 0.9435185185185185
bee 0.990285 0.06302083333333333 0.6314814814814815 0.10989583333333333 0.7148148148148148
bee 1.000000 0.1109375 0.7620370370370371 0.20572916666666666 0.9305555555555556
bee 0.949475 0.09479166666666666 0.8425925925925926 0.14166666666666666 0.9259259259259259
bee 0.673083 0.11354166666666667 0.8407407407407408 0.16979166666666667 0.9407407407407408
bee 0.953447 0.140625 0.7824074074074074 0.17395833333333333 0.8416666666666667
bee 0.999993 0.1859375 0.8027777777777778 0.26510416666666664 0.9435185185185185
bee 0.999996 0.23489583333333333 0.8157407407407408 0.3015625 0.9342592592592592
bee 0.999823 0.159375 0.8027777777777778 0.23854166666666668 0.9435185185185185
bee 0.999992 0.22083333333333333 0.5611111111111111 0.2677083333333333 0.6444444444444445
bee 1.000000 0.28489583333333335 0.7435185185185185 0.3984375 0.9453703703703704
bee 0.999994 0.25729166666666664 0.8157407407407408 0.32395833333333335 0.9342592592592592
bee 1.000000 0.32447916666666665 0.7361111111111112 0.39114583333333336 0.8546296296296296
bee 1.000000 0.3609375 0.1685185185185185 0.4744791666666667 0.37037037037037035
bee 0.999983 0.3848958333333333 0.8027777777777778 0.4640625 0.9435185185185185
bee 1.000000 0.36875 0.20185185185185187 0.425 0.30185185185185187
bee 1.000000 0.35833333333333334 0.37777777777777777 0.4375 0.5185185185185185
bee 1.000000 0.38697916666666665 0.4351851851851852 0.43385416666666665 0.5185185185185185
bee 1.000000 0.4140625 0.1787037037037037 0.48072916666666665 0.2972222222222222
bee 0.999967 0.42552083333333335 0.8240740740740741 0.4817708333333333 0.924074074074074
bee 0.999991 0.47291666666666665 0.8240740740740741 0.5291666666666667 0.924074074074074
bee 0.999946 0.4578125 0.8277777777777777 0.5046875 0.9111111111111111
bee 0.999993 0.478125 0.1648148148148148 0.5572916666666666 0.3055555555555556
bee 0.999997 0.5296875 0.8240740740740741 0.5859375 0.924074074074074
bee 0.999975 0.5052083333333334 0.8277777777777777 0.5520833333333334 0.9111111111111111
bee 0.634251 0.5078125 0.17777777777777778 0.5473958333333333 0.24814814814814815
bee 0.999992 0.5578125 0.8240740740740741 0.6140625 0.924074074074074
bee 1.000000 0.5578125 0.44814814814814813 0.6369791666666667 0.5888888888888889
bee 0.999979 0.5958333333333333 0.8240740740740741 0.6520833333333333 0.924074074074074
bee 0.592073 0.5947916666666667 0.45092592592592595 0.634375 0.5212962962962963
bee 0.999952 0.6109375 0.8027777777777778 0.6901041666666666 0.9435185185185185
bee 0.999929 0.6640625 0.8027777777777778 0.7432291666666667 0.9435185185185185
bee 0.999842 0.6526041666666667 0.8074074074074075 0.7088541666666667 0.9074074074074074
bee 0.999984 0.7036458333333333 0.8027777777777778 0.7828125 0.9435185185185185
bee 0.999806 0.7026041666666667 0.8138888888888889 0.7494791666666667 0.8972222222222223
bee 1.000000 0.6989583333333333 0.649074074074074 0.79375 0.8175925925925925
bee 0.999991 0.8171875 0.7962962962962963 0.8838541666666667 0.9148148148148149
bee 0.999923 0.7723958333333333 0.7962962962962963 0.8390625 0.9148148148148149
bee 0.999687 0.75 0.8138888888888889 0.796875 0.8972222222222223
bee 0.999147 0.7614583333333333 0.7018518518518518 0.7947916666666667 0.7611111111111111
bee 0.992192 0.7947916666666667 0.8157407407407408 0.8614583333333333 0.9342592592592592
bee 0.999980 0.8703125 0.8074074074074075 0.9265625 0.9074074074074074
bee 0.999968 0.8447916666666667 0.8138888888888889 0.8916666666666667 0.8972222222222223
bee 0.999902 0.896875 0.8222222222222222 0.9302083333333333 0.8814814814814815
bee 0.999888 0.9083333333333333 0.8074074074074075 0.9645833333333333 0.9074074074074074
bee 1.000000 0.9291666666666667 0.7166666666666667 0.9958333333333333 0.8351851851851851
bee 0.999999 0.9364583333333333 0.5879629629629629 0.9927083333333333 0.687962962962963
bee 0.963703 0.9479166666666666 0.8138888888888889 0.9947916666666666 0.8972222222222223
bee 0.994257 0.9489583333333333 0.6296296296296297 0.9885416666666667 0.7
bee 0.785876 0.9489583333333333 0.5703703703703704 0.9885416666666667 0.6407407407407407
bee 1.000000 0.9557291666666666 0.7129629629629629 0.9953125 0.7833333333333333
