bee 0.999999 0.013020833333333334 0.8027777777777778 0.0921875 0.9435185185185185
bee 0.999982 0.0078125 0.8277777777777777 0.0546875 0.9111111111111111
bee 0.999999 0.053125 0.8027777777777778 0.13229166666666667 0.9435185185185185
bee 0.999999 0.0796875 0.8027777777777778 0.15885416666666666 0.9435185185185185
bee 0.999988 0.11927083333333334 0.8027777777777778 0.1984375 0.9435185185185185
bee 0.999989 0.14270833333333333 0.7907407407407407 0.2375 0.9592592592592593
bee 0.999989 0.22395833333333334 0.8157407407407408 0.290625 0.9342592592592592
bee 0.999990 0.26875 0.8157407407407408 0.33541666666666664 0.9342592592592592
bee 0.997831 0.20677083333333332 0.8314814814814815 0.24635416666666668 0.9018518518518519
bee 0.998483 0.25364583333333335 0.8314814814814815 0.29322916666666665 0.9018518518518519
bee 0.999733 0.3026041666666667 0.8240740740740741 0.35885416666666664 0.924074074074074
bee 1.000000 0.3333333333333333 0.7620370370370371 0.428125 0.9305555555555556
bee 0.999974 0.39739583333333334 0.8240740740740741 0.45364583333333336 0.924074074074074
bee 0.999999 0.3875 0.13425925925925927 0.44375 0.23425925925925925
bee 0.999952 0.4265625 0.8277777777777777 0.4734375 0.9111111111111111
bee 0.999957 0.45 0.8277777777777777 0.496875 0.9111111111111111
bee 1.000000 0.45625 0.13518518518518519 0.5697916666666667 0.337037037037037
bee 0.999983 0.5177083333333333 0.8027777777777778 0.596875 0.9435185185185185
bee 0.999856 0.465625 0.8138888888888889 0.5125 0.8972222222222223
bee 0.999927 0.4822916666666667 0.8240740740740741 0.5385416666666667 0.924074074074074
bee 0.999963 0.5104166666666666 0.8074074074074075 0.5666666666666667 0.9074074074074074
bee 0.997839 0.5036458333333333 0.15925925925925927 0.5703125 0.2777777777777778
bee 0.999987 0.584375 0.8027777777777778 0.6635416666666667 0.9435185185185185
bee 0.999983 0.5578125 0.8027777777777778 0.6369791666666667 0.9435185185185185
bee 0.999956 0.6109375 0.8027777777777778 0.6901041666666666 0.9435185185185185
bee 0.980358 0.6203125 0.8222222222222222 0.6536458333333334 0.8814814814814815
bee 0.999577 0.6380208333333334 0.7962962962962963 0.7046875 0.9148148148148149
bee 0.999995 0.690625 0.7787037037037037 0.7697916666666667 0.9194444444444444
bee 0.841878 0.7109375 0.7916666666666666 0.7442708333333333 0.850925925925926
bee 0.999994 0.8229166666666666 0.8074074074074075 0.8791666666666667 0.9074074074074074
bee 0.996110 0.734375 0.8138888888888889 0.78125 0.8972222222222223
bee 0.999962 0.7848958333333333 0.8074074074074075 0.8411458333333334 0.9074074074074074
bee 0.999781 0.7661458333333333 0.8138888888888889 0.8130208333333333 0.8972222222222223
bee 0.999982 0.8515625 0.8074074074074075 0.9078125 0.9074074074074074
bee 0.999980 0.9083333333333333 0.8138888888888889 0.9552083333333333 0.8972222222222223
bee 1.000000 0.9177083333333333 0.5046296296296297 0.9739583333333334 0.6046296296296296
bee 0.999998 0.8984375 0.4703703703703704 0.9546875 0.5703703703703704
bee 0.999949 0.9291666666666667 0.7962962962962963 0.9958333333333333 0.9148148148148149
bee 0.608202 0.9421875 0.5509259259259259 0.9755208333333333 0.6101851851851852
bee 0.999595 0.9588541666666667 0.812037037037037 0.9921875 0.8712962962962963
