bee 0.999996 0.0 0.8027777777777778 0.07916666666666666 0.9435185185185185
bee 0.999998 0.053125 0.8027777777777778 0.13229166666666667 0.9435185185185185
bee 0.999991 0.09270833333333334 0.8027777777777778 0.171875 0.9435185185185185
bee 0.999975 0.1140625 0.7768518518518519 0.22760416666666666 0.9787037037037037
bee 0.996534 0.13541666666666666 0.8324074074074074 0.16875 0.8916666666666667
bee 0.999974 0.17239583333333333 0.8027777777777778 0.2515625 0.9435185185185185
bee 0.999982 0.2015625 0.8157407407407408 0.2682291666666667 0.9342592592592592
bee 0.999982 0.2390625 0.8027777777777778 0.3182291666666667 0.9435185185185185
bee 0.999986 0.265625 0.8027777777777778 0.34479166666666666 0.9435185185185185
bee 0.994792 0.240625 0.8314814814814815 0.28020833333333334 0.9018518518518519
bee 1.000000 0.3177083333333333 0.7620370370370371 0.4125 0.9305555555555556
bee 0.998132 0.35520833333333335 0.7916666666666666 0.3885416666666667 0.850925925925926
bee 0.999971 0.4161458333333333 0.8074074074074075 0.47239583333333335 0.9074074074074074
bee 0.997950 0.35833333333333334 0.7962962962962963 0.425 0.9148148148148149
bee 1.000000 0.38125 0.05648148148148148 0.47604166666666664 0.225
bee 0.688249 0.434375 0.12037037037037036 0.46770833333333334 0.17962962962962964
bee 0.999965 0.45 0.8138888888888889 0.496875 0.8972222222222223
bee 0.999973 0.4973958333333333 0.8138888888888889 0.5442708333333334 0.8972222222222223
bee 0.999848 0.5442708333333334 0.8027777777777778 0.6234375 0.9435185185185185
bee 0.998724 0.5213541666666667 0.8138888888888889 0.5682291666666667 0.8972222222222223
bee 0.999995 0.6052083333333333 0.7398148148148148 0.6614583333333334 0.8398148148148148
bee 0.985134 0.5765625 0.8138888888888889 0.6234375 0.8972222222222223
bee 0.792061 0.5890625 0.7768518518518519 0.7026041666666667 0.9787037037037037
bee 0.999825 0.6375 0.7787037037037037 0.7166666666666667 0.9194444444444444
bee 1.000000 0.7171875 0.7787037037037037 0.7963541666666667 0.9194444444444444
bee 0.998799 0.68125 0.8074074074074075 0.7375 0.9074074074074074
bee 0.917126 0.721875 0.8324074074074074 0.7552083333333334 0.8916666666666667
bee 0.999991 0.8229166666666666 0.8074074074074075 0.8791666666666667 0.9074074074074074
bee 0.996837 0.7729166666666667 0.8222222222222222 0.80625 0.8814814814814815
bee 0.997325 0.8057291666666667 0.8 0.8526041666666667 0.8833333333333333
bee 0.999961 0.8510416666666667 0.7962962962962963 0.9177083333333333 0.9148148148148149
bee 0.999981 0.9020833333333333 0.8074074074074075 0.9416666666666667 0.8777777777777778
bee 0.999962 0.9421875 0.8074074074074075 0.9817708333333334 0.8777777777777778
