bee 0.999999 0.0 0.8027777777777778 0.07916666666666666 0.9435185185185185
bee 0.999999 0.0265625 0.8027777777777778 0.10572916666666667 0.9435185185185185
bee 0.999999 0.06614583333333333 0.8027777777777778 0.1453125 0.9435185185185185
bee 0.999992 0.10625 0.8027777777777778 0.18541666666666667 0.9435185185185185
bee 0.999986 0.14270833333333333 0.7907407407407407 0.2375 0.9592592592592593
bee 0.999987 0.22395833333333334 0.8157407407407408 0.290625 0.9342592592592592
bee 0.999992 0.26875 0.8157407407407408 0.33541666666666664 0.9342592592592592
bee 0.999981 0.17916666666666667 0.8157407407407408 0.24583333333333332 0.9342592592592592
bee 0.999953 0.2911458333333333 0.8157407407407408 0.3578125 0.9342592592592592
bee 1.000000 0.3333333333333333 0.7620370370370371 0.428125 0.9305555555555556
bee 0.632562 0.37395833333333334 0.7953703703703704 0.41354166666666664 0.8657407407407407
bee 0.999961 0.42552083333333335 0.8074074074074075 0.4817708333333333 0.9074074074074074
bee 1.000000 0.3802083333333333 0.10092592592592593 0.49375 0.30277777777777776
bee 0.999703 0.3875 0.8240740740740741 0.44375 0.924074074074074
bee 0.999937 0.42552083333333335 0.13425925925925927 0.4817708333333333 0.23425925925925925
bee 0.998875 0.4114583333333333 0.8324074074074074 0.44479166666666664 0.8916666666666667
bee 0.999962 0.4635416666666667 0.8074074074074075 0.5197916666666667 0.9074074074074074
bee 0.999904 0.45 0.8277777777777777 0.496875 0.9111111111111111
bee 0.965405 0.45677083333333335 0.1398148148148148 0.4901041666666667 0.19907407407407407
bee 0.999976 0.5046875 0.8027777777777778 0.5838541666666667 0.9435185185185185
bee 0.999014 0.48489583333333336 0.0 0.5182291666666666 0.05925925925925926
bee 0.999920 0.478125 0.8027777777777778 0.5572916666666666 0.9435185185185185
bee 0.999992 0.5578125 0.8027777777777778 0.6369791666666667 0.9435185185185185
bee 0.999969 0.584375 0.8027777777777778 0.6635416666666667 0.9435185185185185
bee 0.999917 0.6109375 0.8027777777777778 0.6901041666666666 0.9435185185185185
bee 0.996885 0.6473958333333333 0.8138888888888889 0.6942708333333333 0.8972222222222223
bee 0.999997 0.6770833333333334 0.7787037037037037 0.75625 0.9194444444444444
bee 0.999992 0.8229166666666666 0.8074074074074075 0.8791666666666667 0.9074074074074074
bee 0.999878 0.728125 0.8074074074074075 0.784375 0.9074074074074074
bee 0.999938 0.7739583333333333 0.8138888888888889 0.8208333333333333 0.8972222222222223
bee 0.999964 0.8609375 0.8074074074074075 0.9171875 0.9074074074074074
bee 0.999977 0.9005208333333333 0.8138888888888889 0.9473958333333333 0.8972222222222223
bee 0.999951 0.9182291666666667 0.7962962962962963 0.9848958333333333 0.9148148148148149
bee 0.993715 0.9270833333333334 0.4703703703703704 0.9833333333333333 0.5703703703703704
bee 1.000000 0.9479166666666666 0.5333333333333333 0.9947916666666666 0.6166666666666667
bee 0.999705 0.9557291666666666 0.8074074074074075 0.9953125 0.8777777777777778
