bee 0.999998 0.013020833333333334 0.8027777777777778 0.0921875 0.9435185185185185
bee 0.999998 0.0 0.8240740740740741 0.05625 0.924074074074074
bee 0.999999 0.053125 0.8027777777777778 0.13229166666666667 0.9435185185185185
bee 0.999996 0.10625 0.8027777777777778 0.18541666666666667 0.9435185185185185
bee 0.997857 0.1015625 0.8324074074074074 0.13489583333333333 0.8916666666666667
bee 0.994563 0.11354166666666667 0.6222222222222222 0.16979166666666667 0.7222222222222222
bee 0.999857 0.13333333333333333 0.475 0.17291666666666666 0.5453703703703704
bee 0.999986 0.14583333333333334 0.8027777777777778 0.225 0.9435185185185185
bee 0.999995 0.1859375 0.8027777777777778 0.26510416666666664 0.9435185185185185
bee 0.999994 0.2125 0.8027777777777778 0.2916666666666667 0.9435185185185185
bee 0.999991 0.24635416666666668 0.8157407407407408 0.31302083333333336 0.9342592592592592
bee 0.999995 0.22708333333333333 0.5546296296296296 0.2833333333333333 0.6546296296296297
bee 0.999651 0.28072916666666664 0.8314814814814815 0.3203125 0.9018518518518519
bee 1.000000 0.28489583333333335 0.7768518518518519 0.3984375 0.9787037037037037
bee 0.990539 0.29322916666666665 0.8407407407407408 0.3494791666666667 0.9407407407407408
bee 1.000000 0.31875 0.7555555555555555 0.39791666666666664 0.8962962962962963
bee 0.999997 0.34739583333333335 0.2962962962962963 0.38697916666666665 0.36666666666666664
bee 0.999987 0.3848958333333333 0.8027777777777778 0.4640625 0.9435185185185185
bee 0.704125 0.346875 0.8157407407407408 0.41354166666666664 0.9342592592592592
bee 0.942833 0.37083333333333335 0.28055555555555556 0.41770833333333335 0.3638888888888889
bee 0.999851 0.37916666666666665 0.8277777777777777 0.42604166666666665 0.9111111111111111
bee 0.999986 0.4140625 0.8157407407407408 0.48072916666666665 0.9342592592592592
bee 0.999997 0.5296875 0.8240740740740741 0.5859375 0.924074074074074
bee 1.000000 0.42083333333333334 0.2851851851851852 0.46041666666666664 0.35555555555555557
bee 0.998103 0.41822916666666665 0.23796296296296296 0.46510416666666665 0.3212962962962963
bee 0.999992 0.47291666666666665 0.8240740740740741 0.5291666666666667 0.924074074074074
bee 0.970508 0.4609375 0.8435185185185186 0.5005208333333333 0.9138888888888889
bee 1.000000 0.4515625 0.0 0.5307291666666667 0.14074074074074075
bee 1.000000 0.4739583333333333 0.0 0.5208333333333334 0.08333333333333333
bee 0.999968 0.4973958333333333 0.8277777777777777 0.5442708333333334 0.9111111111111111
bee 0.999995 0.5578125 0.8240740740740741 0.6140625 0.924074074074074
bee 0.999996 0.5708333333333333 0.44814814814814813 0.65 0.5888888888888889
bee 0.999994 0.5973958333333333 0.8027777777777778 0.6765625 0.9435185185185185
bee 0.981887 0.5979166666666667 0.8324074074074074 0.63125 0.8916666666666667
bee 0.996492 0.6052083333333333 0.4703703703703704 0.6614583333333334 0.5703703703703704
bee 0.999868 0.6432291666666666 0.8240740740740741 0.6994791666666667 0.924074074074074
bee 0.999750 0.6640625 0.8027777777777778 0.7432291666666667 0.9435185185185185
bee 0.999084 0.6635416666666667 0.8138888888888889 0.7104166666666667 0.8972222222222223
bee 1.000000 0.6989583333333333 0.649074074074074 0.79375 0.8175925925925925
bee 0.999977 0.728125 0.7564814814814815 0.784375 0.8564814814814815
bee 1.000000 0.7380208333333333 0.6555555555555556 0.7942708333333334 0.7555555555555555
bee 0.965038 0.721875 0.6648148148148149 0.7614583333333333 0.7351851851851852
bee 0.901609 0.7166666666666667 0.7962962962962963 0.7833333333333333 0.9148148148148149
bee 0.999985 0.7838541666666666 0.7962962962962963 0.8505208333333333 0.9148148148148149
bee 0.999730 0.7739583333333333 0.8138888888888889 0.8208333333333333 0.8972222222222223
bee 0.999993 0.8171875 0.7962962962962963 0.8838541666666667 0.9148148148148149
bee 0.999991 0.8984375 0.8074074074074075 0.9546875 0.9074074074074074
bee 0.999950 0.8765625 0.8138888888888889 0.9234375 0.8972222222222223
bee 0.999943 0.9317708333333333 0.8138888888888889 0.9786458333333333 0.8972222222222223
bee 1.000000 0.9161458333333333 0.4009259259259259 0.9953125 0.5416666666666666
bee 1.000000 0.9364583333333333 0.4537037037037037 0.9927083333333333 0.5537037037037037
bee 1.000000 0.9479166666666666 0.5611111111111111 0.9947916666666666 0.6444444444444445
bee 0.999998 0.9557291666666666 0.6055555555555555 0.9953125 0.6759259259259259
bee 0.995721 0.953125 0.8222222222222222 0.9864583333333333 0.8814814814814815
bee 0.974221 0.9588541666666667 0.49074074074074076 0.9921875 0.55
bee 0.702777 0.9588541666666667 0.7416666666666667 0.9921875 0.8009259259259259
