bee 0.999998 0.0 0.8027777777777778 0.07916666666666666 0.9435185185185185
bee 0.999998 0.03958333333333333 0.8027777777777778 0.11875 0.9435185185185185
bee 0.999998 0.06614583333333333 0.8027777777777778 0.1453125 0.9435185185185185
bee 0.999997 0.09270833333333334 0.8027777777777778 0.171875 0.9435185185185185
bee 0.999993 0.159375 0.8027777777777778 0.23854166666666668 0.9435185185185185
bee 1.000000 0.08489583333333334 0.4203703703703704 0.14114583333333333 0.5203703703703704
bee 0.886742 0.09479166666666666 0.46296296296296297 0.14166666666666666 0.5462962962962963
bee 0.999995 0.11927083333333334 0.8027777777777778 0.1984375 0.9435185185185185
bee 0.993785 0.1203125 0.5462962962962963 0.15989583333333332 0.6166666666666667
bee 0.999983 0.15104166666666666 0.8240740740740741 0.20729166666666668 0.924074074074074
bee 0.999995 0.2125 0.8027777777777778 0.2916666666666667 0.9435185185185185
bee 0.999987 0.25729166666666664 0.8157407407407408 0.32395833333333335 0.9342592592592592
bee 0.999982 0.22708333333333333 0.5546296296296296 0.2833333333333333 0.6546296296296297
bee 1.000000 0.2796875 0.2388888888888889 0.3463541666666667 0.3574074074074074
bee 1.000000 0.28489583333333335 0.7768518518518519 0.3984375 0.9787037037037037
bee 1.000000 0.31354166666666666 0.7759259259259259 0.3802083333333333 0.8944444444444445
bee 0.993348 0.2911458333333333 0.27870370370370373 0.3578125 0.3972222222222222
bee 0.999995 0.371875 0.8027777777777778 0.4510416666666667 0.9435185185185185
bee 0.999207 0.36302083333333335 0.8277777777777777 0.40989583333333335 0.9111111111111111
bee 0.999986 0.403125 0.8157407407407408 0.46979166666666666 0.9342592592592592
bee 0.999988 0.47291666666666665 0.8240740740740741 0.5291666666666667 0.924074074074074
bee 0.999967 0.3984375 0.2361111111111111 0.47760416666666666 0.3768518518518518
bee 0.999980 0.434375 0.8277777777777777 0.48125 0.9111111111111111
bee 0.999997 0.5296875 0.8240740740740741 0.5859375 0.924074074074074
bee 0.999935 0.45416666666666666 0.8314814814814815 0.49375 0.9018518518518519
bee 1.000000 0.47291666666666665 0.0 0.5291666666666667 0.1
bee 0.999982 0.5130208333333334 0.8277777777777777 0.5598958333333334 0.9111111111111111
bee 0.999971 0.5484375 0.8157407407407408 0.6151041666666667 0.9342592592592592
bee 1.000000 0.5958333333333333 0.8240740740740741 0.6520833333333333 0.924074074074074
bee 0.998086 0.5765625 0.8277777777777777 0.6234375 0.9111111111111111
bee 0.999999 0.571875 0.45185185185185184 0.6666666666666666 0.6203703703703703
bee 0.999124 0.6213541666666667 0.8194444444444444 0.6609375 0.8898148148148148
bee 0.999929 0.6526041666666667 0.8240740740740741 0.7088541666666667 0.924074074074074
bee 1.000000 0.7302083333333333 0.7787037037037037 0.809375 0.9194444444444444
bee 0.999639 0.6770833333333334 0.8027777777777778 0.75625 0.9435185185185185
bee 1.000000 0.6989583333333333 0.649074074074074 0.79375 0.8175925925925925
bee 1.000000 0.7380208333333333 0.6555555555555556 0.7942708333333334 0.7555555555555555
bee 0.990002 0.721875 0.8314814814814815 0.7614583333333333 0.9018518518518519
bee 0.999067 0.7671875 0.7916666666666666 0.8005208333333333 0.850925925925926
bee 0.999997 0.8171875 0.7962962962962963 0.8838541666666667 0.9148148148148149
bee 0.999993 0.8395833333333333 0.7962962962962963 0.90625 0.9148148148148149
bee 0.970741 0.7848958333333333 0.8240740740740741 0.8411458333333334 0.924074074074074
bee 0.999623 0.8067708333333333 0.8222222222222222 0.8401041666666667 0.8814814814814815
bee 0.999995 0.8984375 0.8074074074074075 0.9546875 0.9074074074074074
bee 0.999863 0.8911458333333333 0.8222222222222222 0.9244791666666666 0.8814814814814815
bee 0.999966 0.9239583333333333 0.8138888888888889 0.9708333333333333 0.8972222222222223
bee 0.999615 0.9479166666666666 0.8138888888888889 0.9947916666666666 0.8972222222222223
bee 1.000000 0.9479166666666666 0.575 0.9947916666666666 0.6583333333333333
bee 1.000000 0.9479166666666666 0.3787037037037037 0.9947916666666666 0.462037037037037
