bee 0.999997 0.0265625 0.8027777777777778 0.10572916666666667 0.9435185185185185
bee 0.999997 0.0 0.8027777777777778 0.07916666666666666 0.9435185185185185
bee 0.999998 0.053125 0.8027777777777778 0.13229166666666667 0.9435185185185185
bee 0.999991 0.09270833333333334 0.8027777777777778 0.171875 0.9435185185185185
bee 0.999978 0.17916666666666667 0.8157407407407408 0.24583333333333332 0.9342592592592592
bee 0.999961 0.1328125 0.8027777777777778 0.21197916666666666 0.9435185185185185
bee 0.999977 0.2015625 0.8157407407407408 0.2682291666666667 0.9342592592592592
bee 0.999992 0.265625 0.8027777777777778 0.34479166666666666 0.9435185185185185
bee 0.999972 0.24635416666666668 0.8157407407407408 0.31302083333333336 0.9342592592592592
bee 0.998163 0.3 0.8277777777777777 0.346875 0.9111111111111111
bee 1.000000 0.3333333333333333 0.7620370370370371 0.428125 0.9305555555555556
bee 0.997337 0.32083333333333336 0.8314814814814815 0.36041666666666666 0.9018518518518519
bee 0.999998 0.37083333333333335 0.08425925925925926 0.41770833333333335 0.1675925925925926
bee 0.999965 0.42552083333333335 0.8074074074074075 0.4817708333333333 0.9074074074074074
bee 0.999848 0.39739583333333334 0.8240740740740741 0.45364583333333336 0.924074074074074
bee 0.999947 0.4817708333333333 0.8138888888888889 0.5286458333333334 0.8972222222222223
bee 0.999930 0.5130208333333334 0.8138888888888889 0.5598958333333334 0.8972222222222223
bee 0.999809 0.4973958333333333 0.8277777777777777 0.5442708333333334 0.9111111111111111
bee 0.999994 0.5484375 0.7962962962962963 0.6151041666666667 0.9148148148148149
bee 0.999982 0.5932291666666667 0.7962962962962963 0.6598958333333333 0.9148148148148149
bee 0.999786 0.6109375 0.8027777777777778 0.6901041666666666 0.9435185185185185
bee 0.999997 0.6828125 0.7620370370370371 0.7776041666666667 0.9305555555555556
bee 0.979982 0.6473958333333333 0.8277777777777777 0.6942708333333333 0.9111111111111111
bee 0.999458 0.6604166666666667 0.7962962962962963 0.7270833333333333 0.9148148148148149
bee 0.999804 0.6947916666666667 0.8074074074074075 0.734375 0.8777777777777778
bee 0.999276 0.7171875 0.7787037037037037 0.7963541666666667 0.9194444444444444
bee 0.999937 0.7947916666666667 0.8074074074074075 0.8510416666666667 0.9074074074074074
bee 0.999989 0.8286458333333333 0.7962962962962963 0.8953125 0.9148148148148149
bee 0.998379 0.7473958333333334 0.8074074074074075 0.8036458333333333 0.9074074074074074
bee 0.985853 0.7885416666666667 0.8074074074074075 0.828125 0.8777777777777778
bee 0.999966 0.8609375 0.8074074074074075 0.9171875 0.9074074074074074
bee 0.999963 0.8953125 0.8074074074074075 0.9348958333333334 0.8777777777777778
bee 0.999977 0.9223958333333333 0.8074074074074075 0.9619791666666667 0.8777777777777778
bee 0.999937 0.9557291666666666 0.8074074074074075 0.9953125 0.8777777777777778
