bee 0.999998 0.028125 0.8240740740740741 0.084375 0.924074074074074
bee 0.999990 0.0 0.8277777777777777 0.046875 0.9111111111111111
bee 0.999996 0.05677083333333333 0.8240740740740741 0.11302083333333333 0.924074074074074
bee 0.999975 0.08489583333333334 0.8240740740740741 0.14114583333333333 0.924074074074074
bee 0.996998 0.11354166666666667 0.8314814814814815 0.153125 0.9018518518518519
bee 0.999984 0.17239583333333333 0.8027777777777778 0.2515625 0.9435185185185185
bee 0.999997 0.11197916666666667 0.6962962962962963 0.17864583333333334 0.8148148148148148
bee 0.999993 0.22552083333333334 0.8027777777777778 0.3046875 0.9435185185185185
bee 0.990005 0.1578125 0.5509259259259259 0.19114583333333332 0.6101851851851852
bee 0.994130 0.18020833333333333 0.8324074074074074 0.21354166666666666 0.8916666666666667
bee 0.999939 0.21302083333333333 0.8277777777777777 0.2598958333333333 0.9111111111111111
bee 0.999999 0.22708333333333333 0.5546296296296296 0.2833333333333333 0.6546296296296297
bee 0.999963 0.26875 0.8157407407407408 0.33541666666666664 0.9342592592592592
bee 1.000000 0.28489583333333335 0.7435185185185185 0.3984375 0.9453703703703704
bee 0.647512 0.2911458333333333 0.8361111111111111 0.3578125 0.9546296296296296
bee 0.999966 0.3234375 0.30833333333333335 0.3703125 0.39166666666666666
bee 0.999937 0.34739583333333335 0.7722222222222223 0.38697916666666665 0.8425925925925926
bee 0.999985 0.3848958333333333 0.8027777777777778 0.4640625 0.9435185185185185
bee 0.999081 0.36875 0.8240740740740741 0.425 0.924074074074074
bee 1.000000 0.3807291666666667 0.29814814814814816 0.4473958333333333 0.4166666666666667
bee 0.999997 0.3802083333333333 0.20277777777777778 0.49375 0.4046296296296296
bee 1.000000 0.41822916666666665 0.22407407407407406 0.46510416666666665 0.3074074074074074
bee 0.999987 0.4635416666666667 0.8240740740740741 0.5197916666666667 0.924074074074074
bee 0.999986 0.4140625 0.8157407407407408 0.48072916666666665 0.9342592592592592
bee 0.999971 0.45 0.8277777777777777 0.496875 0.9111111111111111
bee 1.000000 0.4479166666666667 0.019444444444444445 0.5145833333333333 0.13796296296296295
bee 0.999802 0.4578125 0.06944444444444445 0.5046875 0.1527777777777778
bee 0.999996 0.5390625 0.8240740740740741 0.5953125 0.924074074074074
bee 0.999991 0.5010416666666667 0.8240740740740741 0.5572916666666666 0.924074074074074
bee 0.999995 0.5677083333333334 0.8240740740740741 0.6239583333333333 0.924074074074074
bee 0.996530 0.5203125 0.8074074074074075 0.5765625 0.9074074074074074
bee 0.999998 0.5708333333333333 0.44814814814814813 0.65 0.5888888888888889
bee 0.999993 0.6052083333333333 0.8240740740740741 0.6614583333333334 0.924074074074074
bee 0.999916 0.6244791666666667 0.8074074074074075 0.6807291666666667 0.9074074074074074
bee 0.989661 0.6052083333333333 0.4537037037037037 0.6614583333333334 0.5537037037037037
bee 0.999921 0.6640625 0.8027777777777778 0.7432291666666667 0.9435185185185185
bee 0.999986 0.7036458333333333 0.8027777777777778 0.7828125 0.9435185185185185
bee 1.000000 0.684375 0.6416666666666667 0.7979166666666667 0.8435185185185186
bee 0.997006 0.7052083333333333 0.8324074074074074 0.7385416666666667 0.8916666666666667
bee 0.999999 0.7421875 0.674074074074074 0.7890625 0.7574074074074074
bee 0.999990 0.7838541666666666 0.7962962962962963 0.8505208333333333 0.9148148148148149
bee 0.999867 0.7817708333333333 0.8194444444444444 0.8213541666666667 0.8898148148148148
bee 0.999993 0.8171875 0.7962962962962963 0.8838541666666667 0.9148148148148149
bee 0.999985 0.8395833333333333 0.7962962962962963 0.90625 0.9148148148148149
bee 0.999992 0.8984375 0.8074074074074075 0.9546875 0.9074074074074074
bee 0.999945 0.884375 0.8138888888888889 0.93125 0.8972222222222223
bee 1.000000 0.8895833333333333 0.42314814814814816 0.984375 0.5916666666666667
bee 1.000000 0.9182291666666667 0.4777777777777778 0.9848958333333333 0.5962962962962963
bee 0.999869 0.9317708333333333 0.8138888888888889 0.9786458333333333 0.8972222222222223
bee 0.999870 0.9421875 0.48148148148148145 0.9755208333333333 0.5407407407407407
bee 0.999999 0.953125 0.6018518518518519 0.9864583333333333 0.6611111111111111
bee 0.999987 0.9557291666666666 0.7481481481481481 0.9953125 0.8185185185185185
bee 0.988283 0.953125 0.8222222222222222 0.9864583333333333 0.8814814814814815
bee 0.978041 0.953125 0.5712962962962963 0.9864583333333333 0.6305555555555555
bee 0.990492 0.953125 0.5111111111111111 0.9864583333333333 0.5703703703703704
