bee 0.999998 0.0 0.8027777777777778 0.07916666666666666 0.9435185185185185
bee 0.999998 0.03958333333333333 0.8027777777777778 0.11875 0.9435185185185185
bee 0.999739 0.04479166666666667 0.8324074074074074 0.078125 0.8916666666666667
bee 0.999997 0.06614583333333333 0.8027777777777778 0.1453125 0.9435185185185185
bee 0.999992 0.09270833333333334 0.8027777777777778 0.171875 0.9435185185185185
bee 0.999978 0.1140625 0.7768518518518519 0.22760416666666666 0.9787037037037037
bee 0.999980 0.17916666666666667 0.8157407407407408 0.24583333333333332 0.9342592592592592
bee 0.999982 0.2015625 0.8157407407407408 0.2682291666666667 0.9342592592592592
bee 0.997111 0.1734375 0.8314814814814815 0.21302083333333333 0.9018518518518519
bee 0.999977 0.22395833333333334 0.8157407407407408 0.290625 0.9342592592592592
bee 0.999993 0.27395833333333336 0.8240740740740741 0.3302083333333333 0.924074074074074
bee 0.999966 0.24635416666666668 0.8157407407407408 0.31302083333333336 0.9342592592592592
bee 1.000000 0.3229166666666667 0.7435185185185185 0.43645833333333334 0.9453703703703704
bee 0.999988 0.42552083333333335 0.8074074074074075 0.4817708333333333 0.9074074074074074
bee 0.999781 0.39479166666666665 0.8277777777777777 0.44166666666666665 0.9111111111111111
bee 0.999853 0.41041666666666665 0.8138888888888889 0.45729166666666665 0.8972222222222223
bee 1.000000 0.4161458333333333 0.13425925925925927 0.47239583333333335 0.23425925925925925
bee 0.999939 0.47291666666666665 0.8074074074074075 0.5291666666666667 0.9074074074074074
bee 0.999988 0.5447916666666667 0.8138888888888889 0.5916666666666667 0.8972222222222223
bee 0.999928 0.5130208333333334 0.8138888888888889 0.5598958333333334 0.8972222222222223
bee 0.999904 0.56875 0.8138888888888889 0.615625 0.8972222222222223
bee 0.999995 0.615625 0.7361111111111112 0.6822916666666666 0.8546296296296296
bee 0.993946 0.584375 0.8277777777777777 0.63125 0.9111111111111111
bee 0.648775 0.6046875 0.7962962962962963 0.6713541666666667 0.9148148148148149
bee 0.832267 0.6432291666666666 0.7416666666666667 0.6765625 0.8009259259259259
bee 0.999317 0.6505208333333333 0.7555555555555555 0.7296875 0.8962962962962963
bee 0.999966 0.7166666666666667 0.7962962962962963 0.7833333333333333 0.9148148148148149
bee 0.999992 0.8229166666666666 0.8074074074074075 0.8791666666666667 0.9074074074074074
bee 0.999974 0.7973958333333333 0.8138888888888889 0.8442708333333333 0.8972222222222223
bee 0.999757 0.7567708333333333 0.8074074074074075 0.8130208333333333 0.9074074074074074
bee 0.999969 0.8515625 0.8074074074074075 0.9078125 0.9074074074074074
bee 0.999980 0.903125 0.7787037037037037 0.9822916666666667 0.9194444444444444
bee 0.999939 0.9005208333333333 0.8 0.9473958333333333 0.8833333333333333
bee 0.999946 0.9557291666666666 0.8074074074074075 0.9953125 0.8777777777777778
