bee 0.999997 0.013020833333333334 0.8027777777777778 0.0921875 0.9435185185185185
bee 0.999998 0.03958333333333333 0.8027777777777778 0.11875 0.9435185185185185
bee 0.999845 0.0 0.8138888888888889 0.046875 0.8972222222222223
bee 0.999997 0.06614583333333333 0.8027777777777778 0.1453125 0.9435185185185185
bee 0.999046 0.0734375 0.8194444444444444 0.11302083333333333 0.8898148148148148
bee 0.999987 0.10625 0.8027777777777778 0.18541666666666667 0.9435185185185185
bee 0.999972 0.1328125 0.8027777777777778 0.21197916666666666 0.9435185185185185
bee 0.999987 0.17239583333333333 0.8027777777777778 0.2515625 0.9435185185185185
bee 0.999989 0.2125 0.8027777777777778 0.2916666666666667 0.9435185185185185
bee 0.999995 0.265625 0.8027777777777778 0.34479166666666666 0.9435185185185185
bee 0.999986 0.2390625 0.8027777777777778 0.3182291666666667 0.9435185185185185
bee 0.993010 0.30052083333333335 0.8194444444444444 0.34010416666666665 0.8898148148148148
bee 1.000000 0.3177083333333333 0.7620370370370371 0.4125 0.9305555555555556
bee 0.999993 0.35520833333333335 0.7861111111111111 0.40208333333333335 0.8694444444444445
bee 0.999971 0.4265625 0.8138888888888889 0.4734375 0.8972222222222223
bee 1.000000 0.3651041666666667 0.05648148148148148 0.45989583333333334 0.225
bee 0.999951 0.39166666666666666 0.7962962962962963 0.4583333333333333 0.9148148148148149
bee 0.991093 0.3692708333333333 0.8157407407407408 0.4359375 0.9342592592592592
bee 1.000000 0.40260416666666665 0.06944444444444445 0.44947916666666665 0.1527777777777778
bee 0.999947 0.465625 0.8138888888888889 0.5125 0.8972222222222223
bee 0.999986 0.5369791666666667 0.8138888888888889 0.5838541666666667 0.8972222222222223
bee 0.999961 0.4895833333333333 0.8138888888888889 0.5364583333333334 0.8972222222222223
bee 0.998919 0.5130208333333334 0.8222222222222222 0.5463541666666667 0.8814814814814815
bee 0.999997 0.5708333333333333 0.7555555555555555 0.65 0.8962962962962963
bee 0.999940 0.6380208333333334 0.7962962962962963 0.7046875 0.9148148148148149
bee 1.000000 0.6989583333333333 0.7620370370370371 0.79375 0.9305555555555556
bee 0.995940 0.6713541666666667 0.8138888888888889 0.7182291666666667 0.8972222222222223
bee 0.999650 0.7421875 0.7861111111111111 0.7890625 0.8694444444444445
bee 0.999995 0.8234375 0.7787037037037037 0.9026041666666667 0.9194444444444444
bee 0.999195 0.7817708333333333 0.8194444444444444 0.8213541666666667 0.8898148148148148
bee 0.999944 0.7947916666666667 0.8074074074074075 0.8510416666666667 0.9074074074074074
bee 0.999354 0.8234375 0.812037037037037 0.8567708333333334 0.8712962962962963
bee 0.999964 0.85 0.7787037037037037 0.9291666666666667 0.9194444444444444
bee 0.999985 0.9083333333333333 0.8 0.9552083333333333 0.8833333333333333
bee 0.998428 0.884375 0.8138888888888889 0.93125 0.8972222222222223
bee 0.999978 0.9317708333333333 0.8 0.9786458333333333 0.8833333333333333
bee 0.958125 0.9588541666666667 0.8222222222222222 0.9921875 0.8814814814814815
