bee 0.999999 0.0265625 0.8027777777777778 0.10572916666666667 0.9435185185185185
bee 0.999997 0.0 0.8027777777777778 0.07916666666666666 0.9435185185185185
bee 0.999999 0.053125 0.8027777777777778 0.13229166666666667 0.9435185185185185
bee 0.752179 0.019791666666666666 0.6527777777777778 0.059375 0.7231481481481481
bee 0.999998 0.0796875 0.8027777777777778 0.15885416666666666 0.9435185185185185
bee 1.000000 0.1328125 0.7768518518518519 0.24635416666666668 0.9787037037037037
bee 0.996847 0.12395833333333334 0.8425925925925926 0.15729166666666666 0.9018518518518519
bee 0.996822 0.1421875 0.8425925925925926 0.1890625 0.9259259259259259
bee 0.999993 0.23489583333333333 0.8157407407407408 0.3015625 0.9342592592592592
bee 0.999973 0.190625 0.7907407407407407 0.28541666666666665 0.9592592592592593
bee 0.999998 0.1984375 0.5712962962962963 0.2546875 0.6712962962962963
bee 0.999993 0.25729166666666664 0.8157407407407408 0.32395833333333335 0.9342592592592592
bee 1.000000 0.3015625 0.7055555555555556 0.3963541666666667 0.8740740740740741
bee 0.998991 0.30520833333333336 0.8027777777777778 0.384375 0.9435185185185185
bee 1.000000 0.315625 0.8 0.3625 0.8833333333333333
bee 0.999992 0.371875 0.8027777777777778 0.4510416666666667 0.9435185185185185
bee 0.999986 0.403125 0.8157407407407408 0.46979166666666666 0.9342592592592592
bee 1.000000 0.3802083333333333 0.13518518518518519 0.49375 0.337037037037037
bee 1.000000 0.42552083333333335 0.15925925925925927 0.4921875 0.2777777777777778
bee 0.999984 0.4635416666666667 0.8240740740740741 0.5197916666666667 0.924074074074074
bee 0.999998 0.5296875 0.8240740740740741 0.5859375 0.924074074074074
bee 0.999990 0.49166666666666664 0.8240740740740741 0.5479166666666667 0.924074074074074
bee 1.000000 0.5036458333333333 0.45740740740740743 0.5703125 0.575925925925926
bee 0.999995 0.5770833333333333 0.8240740740740741 0.6333333333333333 0.924074074074074
bee 0.933760 0.53125 0.4722222222222222 0.6104166666666667 0.6129629629629629
bee 1.000000 0.5578125 0.0 0.6369791666666667 0.14074074074074075
bee 1.000000 0.5744791666666667 0.0 0.6140625 0.07037037037037037
bee 0.999999 0.5880208333333333 0.05925925925925926 0.6276041666666666 0.12962962962962962
bee 0.999928 0.5958333333333333 0.8074074074074075 0.6520833333333333 0.9074074074074074
bee 0.999929 0.6109375 0.8027777777777778 0.6901041666666666 0.9435185185185185
bee 0.999897 0.6375 0.8027777777777778 0.7166666666666667 0.9435185185185185
bee 0.999879 0.6640625 0.8027777777777778 0.7432291666666667 0.9435185185185185
bee 0.999979 0.7036458333333333 0.8027777777777778 0.7828125 0.9435185185185185
bee 0.999730 0.7026041666666667 0.8138888888888889 0.7494791666666667 0.8972222222222223
bee 1.000000 0.7302083333333333 0.6842592592592592 0.809375 0.825
bee 0.999989 0.80625 0.7962962962962963 0.8729166666666667 0.9148148148148149
bee 0.999868 0.7661458333333333 0.8138888888888889 0.8130208333333333 0.8972222222222223
bee 0.954478 0.75 0.8324074074074074 0.7833333333333333 0.8916666666666667
bee 0.999990 0.8416666666666667 0.8074074074074075 0.8979166666666667 0.9074074074074074
bee 0.999931 0.7973958333333333 0.8138888888888889 0.8442708333333333 0.8972222222222223
bee 0.999916 0.86875 0.8194444444444444 0.9083333333333333 0.8898148148148148
bee 1.000000 0.8895833333333333 0.7055555555555556 0.984375 0.8740740740740741
bee 1.000000 0.9291666666666667 0.6962962962962963 0.9958333333333333 0.8148148148148148
bee 0.657802 0.9083333333333333 0.8 0.9552083333333333 0.8833333333333333
bee 1.000000 0.925 0.7314814814814815 0.9583333333333334 0.7907407407407407
bee 1.000000 0.9161458333333333 0.5898148148148148 0.9953125 0.7305555555555555
bee 0.811163 0.9479166666666666 0.8222222222222222 0.98125 0.8814814814814815
bee 0.999999 0.9395833333333333 0.5898148148148148 0.9864583333333333 0.6731481481481482
bee 0.999489 0.9588541666666667 0.7416666666666667 0.9921875 0.8009259259259259
bee 1.000000 0.9557291666666666 0.700925925925926 0.9953125 0.7712962962962963
