bee 0.999999 0.0 0.8027777777777778 0.07916666666666666 0.9435185185185185
bee 0.999999 0.0265625 0.8027777777777778 0.10572916666666667 0.9435185185185185
bee 0.999999 0.06614583333333333 0.8027777777777778 0.1453125 0.9435185185185185
bee 0.999653 0.05677083333333333 0.8074074074074075 0.11302083333333333 0.9074074074074074
bee 0.999999 0.06614583333333333 0.0 0.1453125 0.14074074074074075
bee 0.999995 0.09270833333333334 0.8027777777777778 0.171875 0.9435185185185185
bee 0.999988 0.11927083333333334 0.8027777777777778 0.1984375 0.9435185185185185
bee 0.999982 0.14270833333333333 0.7907407407407407 0.2375 0.9592592592592593
bee 0.999989 0.22395833333333334 0.8157407407407408 0.290625 0.9342592592592592
bee 0.999975 0.1859375 0.8027777777777778 0.26510416666666664 0.9435185185185185
bee 0.991941 0.22552083333333334 0.8324074074074074 0.25885416666666666 0.8916666666666667
bee 0.999993 0.26875 0.8157407407407408 0.33541666666666664 0.9342592592592592
bee 0.999153 0.30052083333333335 0.8314814814814815 0.34010416666666665 0.9018518518518519
bee 1.000000 0.3177083333333333 0.7620370370370371 0.4125 0.9305555555555556
bee 0.996246 0.3385416666666667 0.7824074074074074 0.371875 0.8416666666666667
bee 0.997179 0.35520833333333335 0.7722222222222223 0.40208333333333335 0.8555555555555555
bee 0.999971 0.42552083333333335 0.8074074074074075 0.4817708333333333 0.9074074074074074
bee 0.999958 0.39479166666666665 0.8277777777777777 0.44166666666666665 0.9111111111111111
bee 0.891521 0.4140625 0.31851851851851853 0.48072916666666665 0.43703703703703706
bee 0.999979 0.5046875 0.8027777777777778 0.5838541666666667 0.9435185185185185
bee 0.999868 0.45 0.8138888888888889 0.496875 0.8972222222222223
bee 0.999851 0.465625 0.8277777777777777 0.5125 0.9111111111111111
bee 0.999865 0.4895833333333333 0.8138888888888889 0.5364583333333334 0.8972222222222223
bee 0.999972 0.53125 0.8027777777777778 0.6104166666666667 0.9435185185185185
bee 1.000000 0.5661458333333333 0.725 0.7015625 0.9657407407407408
bee 0.999891 0.56875 0.8138888888888889 0.615625 0.8972222222222223
bee 1.000000 0.6380208333333334 0.7564814814814815 0.7046875 0.875
bee 0.999986 0.7052083333333333 0.7962962962962963 0.771875 0.9148148148148149
bee 0.999588 0.690625 0.8074074074074075 0.746875 0.9074074074074074
bee 0.999985 0.8229166666666666 0.8074074074074075 0.8791666666666667 0.9074074074074074
bee 0.999690 0.7619791666666667 0.8194444444444444 0.8015625 0.8898148148148148
bee 0.999873 0.7817708333333333 0.8194444444444444 0.8213541666666667 0.8898148148148148
bee 0.999983 0.853125 0.8138888888888889 0.9 0.8972222222222223
bee 0.999964 0.8703125 0.8074074074074075 0.9265625 0.9074074074074074
bee 0.999978 0.9083333333333333 0.8138888888888889 0.9552083333333333 0.8972222222222223
bee 0.999934 0.9291666666666667 0.7962962962962963 0.9958333333333333 0.9148148148148149
bee 0.999762 0.9307291666666667 0.812037037037037 0.9640625 0.8712962962962963
bee 0.999776 0.9588541666666667 0.812037037037037 0.9921875 0.8712962962962963
