bee 0.999996 0.0 0.8027777777777778 0.07916666666666666 0.9435185185185185
bee 0.999997 0.03958333333333333 0.8027777777777778 0.11875 0.9435185185185185
bee 0.999996 0.078125 0.8157407407407408 0.14479166666666668 0.9342592592592592
bee 0.999976 0.11927083333333334 0.8027777777777778 0.1984375 0.9435185185185185
bee 0.999952 0.10364583333333334 0.8240740740740741 0.15989583333333332 0.924074074074074
bee 0.999982 0.2125 0.8027777777777778 0.2916666666666667 0.9435185185185185
bee 0.999960 0.14583333333333334 0.8027777777777778 0.225 0.9435185185185185
bee 0.999979 0.2390625 0.8027777777777778 0.3182291666666667 0.9435185185185185
bee 0.999988 0.26875 0.8157407407407408 0.33541666666666664 0.9342592592592592
bee 1.000000 0.3177083333333333 0.7620370370370371 0.4125 0.9305555555555556
bee 0.999787 0.359375 0.7898148148148149 0.415625 0.8898148148148148
bee 0.999971 0.4161458333333333 0.8074074074074075 0.47239583333333335 0.9074074074074074
bee 0.999070 0.3875 0.8074074074074075 0.44375 0.9074074074074074
bee 1.000000 0.403125 0.09907407407407408 0.46979166666666666 0.2175925925925926
bee 0.999959 0.45 0.8138888888888889 0.496875 0.8972222222222223
bee 0.968632 0.434375 0.13055555555555556 0.4739583333333333 0.20092592592592592
bee 0.999954 0.4973958333333333 0.8138888888888889 0.5442708333333334 0.8972222222222223
bee 0.999905 0.4739583333333333 0.8138888888888889 0.5208333333333334 0.8972222222222223
bee 0.999707 0.5177083333333333 0.8027777777777778 0.596875 0.9435185185185185
bee 0.999963 0.5484375 0.7962962962962963 0.6151041666666667 0.9148148148148149
bee 1.000000 0.6046875 0.7361111111111112 0.6713541666666667 0.8546296296296296
bee 0.773119 0.5770833333333333 0.8240740740740741 0.6333333333333333 0.924074074074074
bee 0.779781 0.5890625 0.7768518518518519 0.7026041666666667 0.9787037037037037
bee 0.999878 0.6505208333333333 0.7787037037037037 0.7296875 0.9194444444444444
bee 0.999999 0.7171875 0.7787037037037037 0.7963541666666667 0.9194444444444444
bee 0.999144 0.6947916666666667 0.8138888888888889 0.7416666666666667 0.8972222222222223
bee 0.999990 0.8229166666666666 0.8074074074074075 0.8791666666666667 0.9074074074074074
bee 0.999606 0.7661458333333333 0.8138888888888889 0.8130208333333333 0.8972222222222223
bee 0.999951 0.7947916666666667 0.8074074074074075 0.8510416666666667 0.9074074074074074
bee 0.999960 0.8510416666666667 0.7962962962962963 0.9177083333333333 0.9148148148148149
bee 0.999982 0.9088541666666666 0.8074074074074075 0.9484375 0.8777777777777778
bee 0.999939 0.9421875 0.8074074074074075 0.9817708333333334 0.8777777777777778
