bee 0.999998 0.013020833333333334 0.8027777777777778 0.0921875 0.9435185185185185
bee 0.999998 0.03958333333333333 0.8027777777777778 0.11875 0.9435185185185185
bee 0.999997 0.06614583333333333 0.8027777777777778 0.1453125 0.9435185185185185
bee 0.999990 0.10052083333333334 0.8157407407407408 0.1671875 0.9342592592592592
bee 0.999979 0.1140625 0.7768518518518519 0.22760416666666666 0.9787037037037037
bee 0.999986 0.2015625 0.8157407407407408 0.2682291666666667 0.9342592592592592
bee 0.999965 0.159375 0.8027777777777778 0.23854166666666668 0.9435185185185185
bee 0.993806 0.19739583333333333 0.8138888888888889 0.24427083333333333 0.8972222222222223
bee 0.999983 0.2390625 0.8027777777777778 0.3182291666666667 0.9435185185185185
bee 0.999987 0.26875 0.8157407407407408 0.33541666666666664 0.9342592592592592
bee 0.990372 0.24791666666666667 0.8324074074074074 0.28125 0.8916666666666667
bee 0.998158 0.2921875 0.8138888888888889 0.3390625 0.8972222222222223
bee 1.000000 0.3229166666666667 0.7435185185185185 0.43645833333333334 0.9453703703703704
bee 0.960800 0.3328125 0.7916666666666666 0.36614583333333334 0.850925925925926
bee 0.739531 0.31875 0.8027777777777778 0.39791666666666664 0.9435185185185185
bee 0.992781 0.3494791666666667 0.8018518518518518 0.3828125 0.8611111111111112
bee 0.986863 0.3723958333333333 0.7916666666666666 0.40572916666666664 0.850925925925926
bee 0.999911 0.39479166666666665 0.8277777777777777 0.44166666666666665 0.9111111111111111
bee 0.999955 0.42552083333333335 0.8074074074074075 0.4817708333333333 0.9074074074074074
bee 0.995909 0.42552083333333335 0.21851851851851853 0.4817708333333333 0.31851851851851853
bee 0.999954 0.45 0.8138888888888889 0.496875 0.8972222222222223
bee 0.999953 0.4895833333333333 0.8138888888888889 0.5364583333333334 0.8972222222222223
bee 0.999990 0.5369791666666667 0.8138888888888889 0.5838541666666667 0.8972222222222223
bee 0.999951 0.5130208333333334 0.8138888888888889 0.5598958333333334 0.8972222222222223
bee 0.999942 0.5604166666666667 0.8138888888888889 0.6072916666666667 0.8972222222222223
bee 0.999999 0.615625 0.7166666666666667 0.6822916666666666 0.8351851851851851
bee 0.997084 0.584375 0.8277777777777777 0.63125 0.9111111111111111
bee 0.999994 0.709375 0.8074074074074075 0.765625 0.9074074074074074
bee 0.939870 0.6484375 0.8222222222222222 0.6817708333333333 0.8814814814814815
bee 0.999862 0.6713541666666667 0.8074074074074075 0.7276041666666667 0.9074074074074074
bee 0.999901 0.7276041666666667 0.7962962962962963 0.7942708333333334 0.9148148148148149
bee 0.999948 0.7739583333333333 0.8138888888888889 0.8208333333333333 0.8972222222222223
bee 0.999992 0.8229166666666666 0.8074074074074075 0.8791666666666667 0.9074074074074074
bee 0.999943 0.7947916666666667 0.7962962962962963 0.8614583333333333 0.9148148148148149
bee 0.999974 0.8510416666666667 0.7962962962962963 0.9177083333333333 0.9148148148148149
bee 0.999980 0.9020833333333333 0.8074074074074075 0.9416666666666667 0.8777777777777778
bee 0.999950 0.9161458333333333 0.7787037037037037 0.9953125 0.9194444444444444
bee 0.999803 0.9557291666666666 0.8074074074074075 0.9953125 0.8777777777777778
