bee 0.999997 0.0 0.8027777777777778 0.07916666666666666 0.9435185185185185
bee 0.999998 0.03958333333333333 0.8027777777777778 0.11875 0.9435185185185185
bee 0.999997 0.06614583333333333 0.8027777777777778 0.1453125 0.9435185185185185
bee 0.999997 0.09270833333333334 0.8027777777777778 0.171875 0.9435185185185185
bee 0.999994 0.11927083333333334 0.8027777777777778 0.1984375 0.9435185185185185
bee 0.999555 0.1140625 0.5064814814814815 0.22760416666666666 0.7083333333333334
bee 0.999745 0.159375 0.5425925925925926 0.23854166666666668 0.6833333333333333
bee 0.999994 0.1796875 0.8240740740740741 0.2359375 0.924074074074074
bee 0.999846 0.165625 0.8277777777777777 0.2125 0.9111111111111111
bee 0.999979 0.19895833333333332 0.8027777777777778 0.278125 0.9435185185185185
bee 0.999989 0.23489583333333333 0.8157407407407408 0.3015625 0.9342592592592592
bee 0.999977 0.25729166666666664 0.8157407407407408 0.32395833333333335 0.9342592592592592
bee 1.000000 0.28489583333333335 0.6759259259259259 0.3984375 0.8777777777777778
bee 0.999995 0.371875 0.8027777777777778 0.4510416666666667 0.9435185185185185
bee 0.671485 0.315625 0.8324074074074074 0.3489583333333333 0.8916666666666667
bee 0.998342 0.3338541666666667 0.7129629629629629 0.3734375 0.7833333333333333
bee 0.999953 0.35 0.8240740740740741 0.40625 0.924074074074074
bee 1.000000 0.39895833333333336 0.13518518518518519 0.5125 0.337037037037037
bee 0.999792 0.40260416666666665 0.1824074074074074 0.44947916666666665 0.2657407407407407
bee 0.999988 0.403125 0.8157407407407408 0.46979166666666666 0.9342592592592592
bee 1.000000 0.44427083333333334 0.1675925925925926 0.5005208333333333 0.2675925925925926
bee 0.999989 0.4635416666666667 0.8240740740740741 0.5197916666666667 0.924074074074074
bee 0.999896 0.4473958333333333 0.8314814814814815 0.4869791666666667 0.9018518518518519
bee 0.999986 0.48125 0.8157407407407408 0.5479166666666667 0.9342592592592592
bee 0.999997 0.5578125 0.8240740740740741 0.6140625 0.924074074074074
bee 0.999995 0.5104166666666666 0.8240740740740741 0.5666666666666667 0.924074074074074
bee 0.999949 0.5411458333333333 0.8314814814814815 0.5807291666666666 0.9018518518518519
bee 0.999994 0.5864583333333333 0.8240740740740741 0.6427083333333333 0.924074074074074
bee 0.999912 0.615625 0.8157407407407408 0.6822916666666666 0.9342592592592592
bee 0.999937 0.6526041666666667 0.8240740740740741 0.7088541666666667 0.924074074074074
bee 1.000000 0.6375 0.5425925925925926 0.7166666666666667 0.6833333333333333
bee 0.999905 0.7 0.8074074074074075 0.75625 0.9074074074074074
bee 1.000000 0.6989583333333333 0.649074074074074 0.79375 0.8175925925925925
bee 0.999827 0.7661458333333333 0.8074074074074075 0.8223958333333333 0.9074074074074074
bee 1.000000 0.7984375 0.7435185185185185 0.9119791666666667 0.9453703703703704
bee 0.995032 0.7276041666666667 0.8157407407407408 0.7942708333333334 0.9342592592592592
bee 0.941521 0.7390625 0.7222222222222222 0.7723958333333333 0.7814814814814814
bee 0.996511 0.75 0.8222222222222222 0.7833333333333333 0.8814814814814815
bee 0.993762 0.8020833333333334 0.8194444444444444 0.8416666666666667 0.8898148148148148
bee 1.000000 0.8171875 0.7361111111111112 0.8838541666666667 0.8546296296296296
bee 0.866584 0.8463541666666666 0.7916666666666666 0.8796875 0.850925925925926
bee 0.999965 0.8984375 0.8074074074074075 0.9546875 0.9074074074074074
bee 0.999878 0.8703125 0.8074074074074075 0.9265625 0.9074074074074074
bee 0.998953 0.9286458333333333 0.8194444444444444 0.9682291666666667 0.8898148148148148
bee 1.000000 0.9161458333333333 0.5666666666666667 0.9953125 0.7074074074074074
bee 0.999124 0.9421875 0.6296296296296297 0.9817708333333334 0.7
bee 1.000000 0.9479166666666666 0.7157407407407408 0.9947916666666666 0.799074074074074
bee 0.619522 0.9479166666666666 0.8222222222222222 0.98125 0.8814814814814815
bee 0.955583 0.953125 0.7722222222222223 0.9864583333333333 0.8314814814814815
bee 0.999999 0.9588541666666667 0.7018518518518518 0.9921875 0.7611111111111111
