bee 0.999998 0.0109375 0.7962962962962963 0.07760416666666667 0.9148148148148149
bee 0.999997 0.053125 0.8027777777777778 0.13229166666666667 0.9435185185185185
bee 0.999259 0.06197916666666667 0.8222222222222222 0.0953125 0.8814814814814815
bee 0.999998 0.09270833333333334 0.8027777777777778 0.171875 0.9435185185185185
bee 0.999993 0.1328125 0.8027777777777778 0.21197916666666666 0.9435185185185185
bee 0.999976 0.1859375 0.8027777777777778 0.26510416666666664 0.9435185185185185
bee 0.999297 0.165625 0.8138888888888889 0.2125 0.8972222222222223
bee 0.999992 0.2390625 0.8027777777777778 0.3182291666666667 0.9435185185185185
bee 0.999995 0.2786458333333333 0.8027777777777778 0.3578125 0.9435185185185185
bee 0.999879 0.22708333333333333 0.8074074074074075 0.2833333333333333 0.9074074074074074
bee 0.999996 0.30520833333333336 0.8027777777777778 0.384375 0.9435185185185185
bee 0.999995 0.33177083333333335 0.8027777777777778 0.4109375 0.9435185185185185
bee 0.999909 0.371875 0.8027777777777778 0.4510416666666667 0.9435185185185185
bee 0.999982 0.4515625 0.8027777777777778 0.5307291666666667 0.9435185185185185
bee 0.999798 0.4140625 0.8314814814814815 0.45364583333333336 0.9018518518518519
bee 0.999983 0.4421875 0.8277777777777777 0.4890625 0.9111111111111111
bee 0.999950 0.5104166666666666 0.8074074074074075 0.5666666666666667 0.9074074074074074
bee 0.999934 0.53125 0.8027777777777778 0.6104166666666667 0.9435185185185185
bee 0.999879 0.5973958333333333 0.8027777777777778 0.6765625 0.9435185185185185
bee 0.999739 0.56875 0.8277777777777777 0.615625 0.9111111111111111
bee 0.999246 0.6239583333333333 0.8027777777777778 0.703125 0.9435185185185185
bee 0.999700 0.615625 0.6564814814814814 0.6822916666666666 0.775
bee 0.999926 0.6770833333333334 0.8027777777777778 0.75625 0.9435185185185185
bee 0.999966 0.7036458333333333 0.8027777777777778 0.7828125 0.9435185185185185
bee 0.985096 0.6770833333333334 0.8222222222222222 0.7104166666666667 0.8814814814814815
bee 0.999682 0.7421875 0.8138888888888889 0.7890625 0.8972222222222223
bee 1.000000 0.7833333333333333 0.7555555555555555 0.8625 0.8962962962962963
bee 0.999995 0.7895833333333333 0.7583333333333333 0.8364583333333333 0.8416666666666667
bee 0.908278 0.7739583333333333 0.8138888888888889 0.8208333333333333 0.8972222222222223
bee 0.999821 0.8364583333333333 0.8027777777777778 0.915625 0.9435185185185185
bee 0.999966 0.8885416666666667 0.8194444444444444 0.928125 0.8898148148148148
bee 0.999576 0.8369791666666667 0.8138888888888889 0.8838541666666667 0.8972222222222223
bee 0.999662 0.86875 0.8194444444444444 0.9083333333333333 0.8898148148148148
bee 0.999993 0.9364583333333333 0.8074074074074075 0.9927083333333333 0.9074074074074074
bee 0.999394 0.9083333333333333 0.8222222222222222 0.9416666666666667 0.8814814814814815
bee 0.956954 0.9588541666666667 0.812037037037037 0.9921875 0.8712962962962963
bee 0.999998 0.9588541666666667 0.29074074074074074 0.9921875 0.35
