bee 0.999998 0.01875 0.8240740740740741 0.075 0.924074074074074
bee 0.999997 0.053125 0.8027777777777778 0.13229166666666667 0.9435185185185185
bee 0.999995 0.0796875 0.8027777777777778 0.15885416666666666 0.9435185185185185
bee 0.999994 0.11354166666666667 0.8240740740740741 0.16979166666666667 0.924074074074074
bee 0.999993 0.1796875 0.8240740740740741 0.2359375 0.924074074074074
bee 0.999996 0.1140625 0.5064814814814815 0.22760416666666666 0.7083333333333334
bee 0.552372 0.16041666666666668 0.537962962962963 0.21666666666666667 0.637962962962963
bee 0.999983 0.23489583333333333 0.8157407407407408 0.3015625 0.9342592592592592
bee 0.999927 0.2015625 0.8157407407407408 0.2682291666666667 0.9342592592592592
bee 0.999970 0.26458333333333334 0.8240740740740741 0.32083333333333336 0.924074074074074
bee 1.000000 0.28489583333333335 0.7092592592592593 0.3984375 0.9111111111111111
bee 0.999997 0.371875 0.8027777777777778 0.4510416666666667 0.9435185185185185
bee 0.735034 0.3078125 0.8277777777777777 0.3546875 0.9111111111111111
bee 1.000000 0.31354166666666666 0.6962962962962963 0.3802083333333333 0.8148148148148148
bee 0.999128 0.34739583333333335 0.8314814814814815 0.38697916666666665 0.9018518518518519
bee 0.999689 0.37395833333333334 0.8314814814814815 0.41354166666666664 0.9018518518518519
bee 0.999985 0.40677083333333336 0.8240740740740741 0.4630208333333333 0.924074074074074
bee 1.000000 0.396875 0.14074074074074075 0.49166666666666664 0.30925925925925923
bee 0.999972 0.42552083333333335 0.8157407407407408 0.4921875 0.9342592592592592
bee 1.000000 0.43645833333333334 0.15925925925925927 0.503125 0.2777777777777778
bee 0.999996 0.49270833333333336 0.8157407407407408 0.559375 0.9342592592592592
bee 0.999988 0.4703125 0.8157407407407408 0.5369791666666667 0.9342592592592592
bee 0.999996 0.5151041666666667 0.8157407407407408 0.5817708333333333 0.9342592592592592
bee 0.999997 0.5677083333333334 0.8240740740740741 0.6239583333333333 0.924074074074074
bee 0.999993 0.5375 0.8157407407407408 0.6041666666666666 0.9342592592592592
bee 0.999979 0.6052083333333333 0.8240740740740741 0.6614583333333334 0.924074074074074
bee 0.999974 0.6526041666666667 0.8240740740740741 0.7088541666666667 0.924074074074074
bee 0.999613 0.671875 0.8157407407407408 0.7385416666666667 0.9342592592592592
bee 1.000000 0.6494791666666667 0.5370370370370371 0.7161458333333334 0.6555555555555556
bee 0.780119 0.675 0.5814814814814815 0.7145833333333333 0.6518518518518519
bee 0.999868 0.7036458333333333 0.8027777777777778 0.7828125 0.9435185185185185
bee 1.000000 0.6989583333333333 0.649074074074074 0.79375 0.8175925925925925
bee 0.999803 0.7661458333333333 0.8074074074074075 0.8223958333333333 0.9074074074074074
bee 0.999002 0.75 0.8138888888888889 0.796875 0.8972222222222223
bee 1.000000 0.7984375 0.7435185185185185 0.9119791666666667 0.9453703703703704
bee 0.922769 0.8020833333333334 0.8314814814814815 0.8416666666666667 0.9018518518518519
bee 1.000000 0.8135416666666667 0.7564814814814815 0.8697916666666666 0.8564814814814815
bee 0.999930 0.8572916666666667 0.8222222222222222 0.890625 0.8814814814814815
bee 0.999981 0.8984375 0.8074074074074075 0.9546875 0.9074074074074074
bee 0.999645 0.8755208333333333 0.8194444444444444 0.9151041666666667 0.8898148148148148
bee 1.000000 0.9161458333333333 0.5666666666666667 0.9953125 0.7074074074074074
bee 0.946930 0.9421875 0.8194444444444444 0.9817708333333334 0.8898148148148148
bee 1.000000 0.9479166666666666 0.7157407407407408 0.9947916666666666 0.799074074074074
bee 1.000000 0.9557291666666666 0.7481481481481481 0.9953125 0.8185185185185185
bee 0.984315 0.9479166666666666 0.7722222222222223 0.9947916666666666 0.8555555555555555
bee 0.871093 0.9588541666666667 0.812037037037037 0.9921875 0.8712962962962963
