bee 0.999998 0.013020833333333334 0.8027777777777778 0.0921875 0.9435185185185185
bee 0.999955 0.0 0.8277777777777777 0.046875 0.9111111111111111
bee 0.999998 0.03958333333333333 0.8027777777777778 0.11875 0.9435185185185185
bee 0.999991 0.09270833333333334 0.8027777777777778 0.171875 0.9435185185185185
bee 0.999976 0.1140625 0.7768518518518519 0.22760416666666666 0.9787037037037037
bee 0.999990 0.22395833333333334 0.8157407407407408 0.290625 0.9342592592592592
bee 0.999975 0.11197916666666667 0.8157407407407408 0.17864583333333334 0.9342592592592592
bee 0.999971 0.17239583333333333 0.8027777777777778 0.2515625 0.9435185185185185
bee 0.999979 0.26875 0.8157407407407408 0.33541666666666664 0.9342592592592592
bee 1.000000 0.3229166666666667 0.7435185185185185 0.43645833333333334 0.9453703703703704
bee 0.995100 0.3 0.8277777777777777 0.346875 0.9111111111111111
bee 0.998230 0.33177083333333335 0.7861111111111111 0.37864583333333335 0.8694444444444445
bee 0.999925 0.39739583333333334 0.8074074074074075 0.45364583333333336 0.9074074074074074
bee 0.999964 0.42552083333333335 0.8074074074074075 0.4817708333333333 0.9074074074074074
bee 0.999955 0.4114583333333333 0.18888888888888888 0.490625 0.3296296296296296
bee 0.999952 0.4895833333333333 0.8138888888888889 0.5364583333333334 0.8972222222222223
bee 0.999991 0.5369791666666667 0.8138888888888889 0.5838541666666667 0.8972222222222223
bee 0.999579 0.465625 0.8277777777777777 0.5125 0.9111111111111111
bee 0.999939 0.5604166666666667 0.8138888888888889 0.6072916666666667 0.8972222222222223
bee 0.999997 0.615625 0.7166666666666667 0.6822916666666666 0.8351851851851851
bee 0.981727 0.5921875 0.8277777777777777 0.6390625 0.9111111111111111
bee 0.999995 0.709375 0.8074074074074075 0.765625 0.9074074074074074
bee 0.999727 0.6619791666666667 0.8074074074074075 0.7182291666666667 0.9074074074074074
bee 0.999904 0.7276041666666667 0.7962962962962963 0.7942708333333334 0.9148148148148149
bee 0.999992 0.8229166666666666 0.8074074074074075 0.8791666666666667 0.9074074074074074
bee 0.998851 0.7671875 0.8222222222222222 0.8005208333333333 0.8814814814814815
bee 0.999950 0.7817708333333333 0.8138888888888889 0.8286458333333333 0.8972222222222223
bee 0.999963 0.85 0.7787037037037037 0.9291666666666667 0.9194444444444444
bee 0.999982 0.9020833333333333 0.8074074074074075 0.9416666666666667 0.8777777777777778
bee 0.999884 0.9317708333333333 0.8 0.9786458333333333 0.8833333333333333
bee 0.999565 0.9588541666666667 0.812037037037037 0.9921875 0.8712962962962963
