bee 1.000000 0.013020833333333334 0.7787037037037037 0.0921875 0.9194444444444444
bee 0.999999 0.03958333333333333 0.7787037037037037 0.11875 0.9194444444444444
bee 0.999999 0.06614583333333333 0.7787037037037037 0.1453125 0.9194444444444444
bee 0.999999 0.09270833333333334 0.7787037037037037 0.171875 0.9194444444444444
bee 0.999997 0.11927083333333334 0.7787037037037037 0.1984375 0.9194444444444444
bee 0.999997 0.14583333333333334 0.7787037037037037 0.225 0.9194444444444444
bee 1.000000 0.1453125 0.019444444444444445 0.21197916666666666 0.13796296296296295
bee 0.999987 0.17239583333333333 0.7787037037037037 0.2515625 0.9194444444444444
bee 0.999976 0.2125 0.7787037037037037 0.2916666666666667 0.9194444444444444
bee 0.999992 0.2390625 0.7787037037037037 0.3182291666666667 0.9194444444444444
bee 0.999992 0.26875 0.7962962962962963 0.33541666666666664 0.9148148148148149
bee 0.999999 0.33177083333333335 0.7787037037037037 0.4109375 0.9194444444444444
bee 0.999997 0.30520833333333336 0.7787037037037037 0.384375 0.9194444444444444
bee 0.999989 0.3692708333333333 0.7962962962962963 0.4359375 0.9148148148148149
bee 0.999999 0.4515625 0.7787037037037037 0.5307291666666667 0.9194444444444444
bee 0.999976 0.42552083333333335 0.7962962962962963 0.4921875 0.9148148148148149
bee 0.999880 0.478125 0.7787037037037037 0.5572916666666666 0.9194444444444444
bee 0.999996 0.5375 0.7759259259259259 0.6041666666666666 0.8944444444444445
bee 0.999990 0.6109375 0.7787037037037037 0.6901041666666666 0.9194444444444444
bee 0.999937 0.584375 0.7787037037037037 0.6635416666666667 0.9194444444444444
bee 0.971819 0.5578125 0.8027777777777778 0.6369791666666667 0.9435185185185185
bee 0.921650 0.6145833333333334 0.5212962962962963 0.6708333333333333 0.6212962962962963
bee 0.999987 0.6640625 0.7787037037037037 0.7432291666666667 0.9194444444444444
bee 0.999429 0.6479166666666667 0.8074074074074075 0.6875 0.8777777777777778
bee 0.999977 0.7036458333333333 0.7787037037037037 0.7828125 0.9194444444444444
bee 0.999960 0.75 0.7962962962962963 0.8166666666666667 0.9148148148148149
bee 0.999991 0.8234375 0.7787037037037037 0.9026041666666667 0.9194444444444444
bee 0.999910 0.7723958333333333 0.7962962962962963 0.8390625 0.9148148148148149
bee 0.999819 0.80625 0.7962962962962963 0.8729166666666667 0.9148148148148149
bee 0.999797 0.8765625 0.8 0.9234375 0.8833333333333333
bee 0.999996 0.9161458333333333 0.7583333333333333 0.9630208333333333 0.8416666666666667
bee 0.813612 0.9177083333333333 0.7898148148148149 0.9739583333333334 0.8898148148148148
bee 0.805734 0.9588541666666667 0.8018518518518518 0.9921875 0.8611111111111112
