bee 0.999997 0.0 0.8027777777777778 0.07916666666666666 0.9435185185185185
bee 0.999999 0.03958333333333333 0.8027777777777778 0.11875 0.9435185185185185
bee 0.999998 0.06614583333333333 0.8027777777777778 0.1453125 0.9435185185185185
bee 0.999995 0.09270833333333334 0.8027777777777778 0.171875 0.9435185185185185
bee 0.999936 0.12291666666666666 0.8074074074074075 0.17916666666666667 0.9074074074074074
bee 0.999989 0.1859375 0.8027777777777778 0.26510416666666664 0.9435185185185185
bee 0.999972 0.14583333333333334 0.8027777777777778 0.225 0.9435185185185185
bee 0.999994 0.265625 0.8027777777777778 0.34479166666666666 0.9435185185185185
bee 0.999968 0.22395833333333334 0.8157407407407408 0.290625 0.9342592592592592
bee 0.988624 0.2671875 0.8314814814814815 0.3067708333333333 0.9018518518518519
bee 1.000000 0.3333333333333333 0.7620370370370371 0.428125 0.9305555555555556
bee 0.998827 0.3 0.8138888888888889 0.346875 0.8972222222222223
bee 0.999991 0.3541666666666667 0.7842592592592592 0.39375 0.8546296296296296
bee 1.000000 0.3651041666666667 0.05648148148148148 0.45989583333333334 0.225
bee 0.999988 0.4140625 0.7962962962962963 0.48072916666666665 0.9148148148148149
bee 0.999629 0.3807291666666667 0.7962962962962963 0.4473958333333333 0.9148148148148149
bee 0.999972 0.4895833333333333 0.8138888888888889 0.5364583333333334 0.8972222222222223
bee 0.999980 0.5203125 0.8074074074074075 0.5765625 0.9074074074074074
bee 0.999926 0.4479166666666667 0.7962962962962963 0.5145833333333333 0.9148148148148149
bee 0.999944 0.5447916666666667 0.8138888888888889 0.5916666666666667 0.8972222222222223
bee 0.999999 0.5557291666666667 0.7620370370370371 0.6505208333333333 0.9305555555555556
bee 0.999976 0.5765625 0.7722222222222223 0.6234375 0.8555555555555555
bee 0.999902 0.6380208333333334 0.7962962962962963 0.7046875 0.9148148148148149
bee 0.999290 0.615625 0.7962962962962963 0.6822916666666666 0.9148148148148149
bee 1.000000 0.6989583333333333 0.7620370370370371 0.79375 0.9305555555555556
bee 0.997749 0.6604166666666667 0.7962962962962963 0.7270833333333333 0.9148148148148149
bee 0.999371 0.7421875 0.7861111111111111 0.7890625 0.8694444444444445
bee 0.999994 0.8098958333333334 0.7787037037037037 0.8890625 0.9194444444444444
bee 0.999689 0.7817708333333333 0.8138888888888889 0.8286458333333333 0.8972222222222223
bee 0.999988 0.8364583333333333 0.7787037037037037 0.915625 0.9194444444444444
bee 0.999987 0.9005208333333333 0.8 0.9473958333333333 0.8833333333333333
bee 0.999935 0.8822916666666667 0.8074074074074075 0.921875 0.8777777777777778
bee 0.999976 0.9317708333333333 0.8 0.9786458333333333 0.8833333333333333
bee 0.999823 0.9588541666666667 0.812037037037037 0.9921875 0.8712962962962963
