bee 0.999998 0.0 0.8027777777777778 0.07916666666666666 0.9435185185185185
bee 0.999998 0.0265625 0.8027777777777778 0.10572916666666667 0.9435185185185185
bee 0.999999 0.053125 0.8027777777777778 0.13229166666666667 0.9435185185185185
bee 0.999995 0.08489583333333334 0.8240740740740741 0.14114583333333333 0.924074074074074
bee 0.880613 0.09322916666666667 0.6296296296296297 0.1328125 0.7
bee 1.000000 0.1140625 0.7768518518518519 0.22760416666666666 0.9787037037037037
bee 1.000000 0.146875 0.8074074074074075 0.18645833333333334 0.8777777777777778
bee 0.709688 0.11822916666666666 0.8425925925925926 0.16510416666666666 0.9259259259259259
bee 0.999991 0.19895833333333332 0.8027777777777778 0.278125 0.9435185185185185
bee 0.999993 0.22552083333333334 0.8027777777777778 0.3046875 0.9435185185185185
bee 0.999956 0.1890625 0.8240740740740741 0.2453125 0.924074074074074
bee 0.999998 0.2125 0.5574074074074075 0.2791666666666667 0.6759259259259259
bee 0.999989 0.25729166666666664 0.8157407407407408 0.32395833333333335 0.9342592592592592
bee 1.000000 0.271875 0.725 0.40729166666666666 0.9657407407407408
bee 1.000000 0.31354166666666666 0.7361111111111112 0.3802083333333333 0.8546296296296296
bee 0.988049 0.2921875 0.8277777777777777 0.3390625 0.9111111111111111
bee 0.998547 0.3385416666666667 0.7416666666666667 0.371875 0.8009259259259259
bee 0.999992 0.371875 0.8027777777777778 0.4510416666666667 0.9435185185185185
bee 0.955185 0.3776041666666667 0.0 0.4109375 0.05925925925925926
bee 0.999984 0.403125 0.8157407407407408 0.46979166666666666 0.9342592592592592
bee 1.000000 0.3802083333333333 0.13518518518518519 0.49375 0.337037037037037
bee 0.999991 0.47291666666666665 0.8240740740740741 0.5291666666666667 0.924074074074074
bee 0.999969 0.44427083333333334 0.8240740740740741 0.5005208333333333 0.924074074074074
bee 0.999998 0.5203125 0.8240740740740741 0.5765625 0.924074074074074
bee 1.000000 0.4703125 0.41759259259259257 0.5369791666666667 0.5361111111111111
bee 0.999879 0.5010416666666667 0.8314814814814815 0.540625 0.9018518518518519
bee 0.999994 0.5770833333333333 0.8240740740740741 0.6333333333333333 0.924074074074074
bee 0.999966 0.5484375 0.8157407407407408 0.6151041666666667 0.9342592592592592
bee 0.999708 0.5442708333333334 0.44814814814814813 0.6234375 0.5888888888888889
bee 0.999974 0.6052083333333333 0.8240740740740741 0.6614583333333334 0.924074074074074
bee 0.999901 0.6239583333333333 0.8027777777777778 0.703125 0.9435185185185185
bee 0.999906 0.6505208333333333 0.8027777777777778 0.7296875 0.9435185185185185
bee 0.999982 0.7036458333333333 0.8027777777777778 0.7828125 0.9435185185185185
bee 0.999498 0.6869791666666667 0.8138888888888889 0.7338541666666667 0.8972222222222223
bee 1.000000 0.7171875 0.6611111111111111 0.7963541666666667 0.8018518518518518
bee 0.999973 0.7838541666666666 0.7962962962962963 0.8505208333333333 0.9148148148148149
bee 0.999992 0.80625 0.7962962962962963 0.8729166666666667 0.9148148148148149
bee 0.925580 0.7416666666666667 0.8314814814814815 0.78125 0.9018518518518519
bee 0.999628 0.7567708333333333 0.8074074074074075 0.8130208333333333 0.9074074074074074
bee 0.981958 0.7583333333333333 0.7157407407407408 0.8052083333333333 0.799074074074074
bee 0.999981 0.8890625 0.8074074074074075 0.9453125 0.9074074074074074
bee 0.999989 0.8286458333333333 0.7962962962962963 0.8953125 0.9148148148148149
bee 0.999871 0.86875 0.8194444444444444 0.9083333333333333 0.8898148148148148
bee 0.999275 0.915625 0.8194444444444444 0.9552083333333333 0.8898148148148148
bee 1.000000 0.9291666666666667 0.7166666666666667 0.9958333333333333 0.8351851851851851
bee 0.951954 0.9270833333333334 0.8074074074074075 0.9833333333333333 0.9074074074074074
bee 1.000000 0.9291666666666667 0.5768518518518518 0.9958333333333333 0.6953703703703704
bee 0.505016 0.9421875 0.6518518518518519 0.9755208333333333 0.7111111111111111
bee 1.000000 0.9557291666666666 0.7129629629629629 0.9953125 0.7833333333333333
bee 0.961460 0.9588541666666667 0.8222222222222222 0.9921875 0.8814814814814815
