bee 0.999996 0.0 0.8027777777777778 0.07916666666666666 0.9435185185185185
bee 0.999998 0.03958333333333333 0.8027777777777778 0.11875 0.9435185185185185
bee 0.999997 0.06614583333333333 0.8027777777777778 0.1453125 0.9435185185185185
bee 0.999985 0.11197916666666667 0.8157407407407408 0.17864583333333334 0.9342592592592592
bee 0.999966 0.14583333333333334 0.8027777777777778 0.225 0.9435185185185185
bee 0.999982 0.17239583333333333 0.8027777777777778 0.2515625 0.9435185185185185
bee 0.999989 0.19895833333333332 0.8027777777777778 0.278125 0.9435185185185185
bee 0.999992 0.265625 0.8027777777777778 0.34479166666666666 0.9435185185185185
bee 0.999987 0.2390625 0.8027777777777778 0.3182291666666667 0.9435185185185185
bee 0.999896 0.2921875 0.8027777777777778 0.37135416666666665 0.9435185185185185
bee 0.992179 0.2760416666666667 0.8324074074074074 0.309375 0.8916666666666667
bee 1.000000 0.3333333333333333 0.7620370370370371 0.428125 0.9305555555555556
bee 0.918471 0.3494791666666667 0.7916666666666666 0.3828125 0.850925925925926
bee 0.963296 0.36666666666666664 0.7916666666666666 0.4 0.850925925925926
bee 0.999977 0.4140625 0.7962962962962963 0.48072916666666665 0.9148148148148149
bee 0.999989 0.38697916666666665 0.05555555555555555 0.43385416666666665 0.1388888888888889
bee 0.999974 0.4421875 0.8138888888888889 0.4890625 0.8972222222222223
bee 0.999865 0.39739583333333334 0.8074074074074075 0.45364583333333336 0.9074074074074074
bee 0.999953 0.4895833333333333 0.8138888888888889 0.5364583333333334 0.8972222222222223
bee 0.999925 0.5203125 0.8074074074074075 0.5765625 0.9074074074074074
bee 0.999993 0.5578125 0.7787037037037037 0.6369791666666667 0.9194444444444444
bee 0.999938 0.5932291666666667 0.7962962962962963 0.6598958333333333 0.9148148148148149
bee 0.999842 0.6338541666666667 0.8074074074074075 0.6901041666666666 0.9074074074074074
bee 1.000000 0.684375 0.7435185185185185 0.7979166666666667 0.9453703703703704
bee 0.998949 0.7109375 0.8018518518518518 0.7442708333333333 0.8611111111111112
bee 0.999993 0.8234375 0.7787037037037037 0.9026041666666667 0.9194444444444444
bee 0.988975 0.7416666666666667 0.7953703703703704 0.78125 0.8657407407407407
bee 0.997497 0.7729166666666667 0.8222222222222222 0.80625 0.8814814814814815
bee 0.995631 0.7953125 0.8222222222222222 0.8286458333333333 0.8814814814814815
bee 0.999941 0.8609375 0.8074074074074075 0.9171875 0.9074074074074074
bee 0.999975 0.9020833333333333 0.8074074074074075 0.9416666666666667 0.8777777777777778
bee 0.999725 0.8911458333333333 0.812037037037037 0.9244791666666666 0.8712962962962963
bee 0.999970 0.9317708333333333 0.8 0.9786458333333333 0.8833333333333333
bee 0.999793 0.9557291666666666 0.8074074074074075 0.9953125 0.8777777777777778
