bee 0.999996 0.0 0.8027777777777778 0.07916666666666666 0.9435185185185185
bee 0.999837 0.0 0.8138888888888889 0.046875 0.8972222222222223
bee 0.999998 0.05572916666666667 0.8157407407407408 0.12239583333333333 0.9342592592592592
bee 0.999996 0.078125 0.8157407407407408 0.14479166666666668 0.9342592592592592
bee 0.999990 0.10052083333333334 0.8157407407407408 0.1671875 0.9342592592592592
bee 0.999962 0.1328125 0.8027777777777778 0.21197916666666666 0.9435185185185185
bee 0.999986 0.1859375 0.8027777777777778 0.26510416666666664 0.9435185185185185
bee 1.000000 0.15677083333333333 0.0 0.2234375 0.11851851851851852
bee 0.999981 0.2125 0.8027777777777778 0.2916666666666667 0.9435185185185185
bee 0.999990 0.265625 0.8027777777777778 0.34479166666666666 0.9435185185185185
bee 0.999809 0.24583333333333332 0.8074074074074075 0.3020833333333333 0.9074074074074074
bee 1.000000 0.3177083333333333 0.7620370370370371 0.4125 0.9305555555555556
bee 0.992721 0.3 0.8277777777777777 0.346875 0.9111111111111111
bee 0.998171 0.34739583333333335 0.7842592592592592 0.38697916666666665 0.8546296296296296
bee 0.999960 0.42552083333333335 0.8074074074074075 0.4817708333333333 0.9074074074074074
bee 1.000000 0.3609375 0.03333333333333333 0.4744791666666667 0.2351851851851852
bee 0.996791 0.3875 0.8240740740740741 0.44375 0.924074074074074
bee 0.999473 0.4114583333333333 0.07962962962962963 0.44479166666666664 0.1388888888888889
bee 0.999971 0.4817708333333333 0.8138888888888889 0.5286458333333334 0.8972222222222223
bee 0.998924 0.4578125 0.8277777777777777 0.5046875 0.9111111111111111
bee 0.999985 0.5369791666666667 0.8138888888888889 0.5838541666666667 0.8972222222222223
bee 0.997676 0.51875 0.8222222222222222 0.5520833333333334 0.8814814814814815
bee 0.996600 0.5640625 0.8222222222222222 0.5973958333333333 0.8814814814814815
bee 0.999998 0.5864583333333333 0.7564814814814815 0.6427083333333333 0.8564814814814815
bee 0.918572 0.5822916666666667 0.7962962962962963 0.6489583333333333 0.9148148148148149
bee 0.999944 0.6380208333333334 0.7962962962962963 0.7046875 0.9148148148148149
bee 1.000000 0.6989583333333333 0.7620370370370371 0.79375 0.9305555555555556
bee 0.991133 0.7265625 0.7722222222222223 0.7734375 0.8555555555555555
bee 0.999992 0.8171875 0.7962962962962963 0.8838541666666667 0.9148148148148149
bee 0.993657 0.7953125 0.8222222222222222 0.8286458333333333 0.8814814814814815
bee 0.999972 0.8395833333333333 0.7962962962962963 0.90625 0.9148148148148149
bee 0.999977 0.9088541666666666 0.8074074074074075 0.9484375 0.8777777777777778
bee 0.999866 0.8822916666666667 0.8074074074074075 0.921875 0.8777777777777778
bee 0.999953 0.9395833333333333 0.8 0.9864583333333333 0.8833333333333333
bee 0.574604 0.9588541666666667 0.8018518518518518 0.9921875 0.8611111111111112
