bee 0.999998 0.0 0.8027777777777778 0.07916666666666666 0.9435185185185185
bee 0.996786 0.0 0.6527777777777778 0.03958333333333333 0.7231481481481481
bee 0.999999 0.0265625 0.8027777777777778 0.10572916666666667 0.9435185185185185
bee 0.999999 0.06614583333333333 0.8027777777777778 0.1453125 0.9435185185185185
bee 0.999995 0.10052083333333334 0.8157407407407408 0.1671875 0.9342592592592592
bee 1.000000 0.14270833333333333 0.7907407407407407 0.2375 0.9592592592592593
bee 0.999912 0.1578125 0.862037037037037 0.19114583333333332 0.9212962962962963
bee 0.999995 0.24635416666666668 0.8157407407407408 0.31302083333333336 0.9342592592592592
bee 0.999993 0.2125 0.8027777777777778 0.2916666666666667 0.9435185185185185
bee 0.999999 0.19010416666666666 0.5574074074074075 0.25677083333333334 0.6759259259259259
bee 0.999075 0.2125 0.5768518518518518 0.2791666666666667 0.6953703703703704
bee 0.998198 0.24791666666666667 0.8324074074074074 0.28125 0.8916666666666667
bee 0.996308 0.2760416666666667 0.8324074074074074 0.309375 0.8916666666666667
bee 1.000000 0.3015625 0.7055555555555556 0.3963541666666667 0.8740740740740741
bee 1.000000 0.31197916666666664 0.7731481481481481 0.36822916666666666 0.8731481481481481
bee 0.996903 0.315625 0.8324074074074074 0.3489583333333333 0.8916666666666667
bee 0.923288 0.3328125 0.8222222222222222 0.36614583333333334 0.8814814814814815
bee 0.999992 0.371875 0.8027777777777778 0.4510416666666667 0.9435185185185185
bee 0.999917 0.37083333333333335 0.8277777777777777 0.41770833333333335 0.9111111111111111
bee 0.999980 0.4265625 0.8277777777777777 0.4734375 0.9111111111111111
bee 1.000000 0.3802083333333333 0.13518518518518519 0.49375 0.337037037037037
bee 0.999997 0.5104166666666666 0.8240740740740741 0.5666666666666667 0.924074074074074
bee 1.000000 0.434375 0.1537037037037037 0.48125 0.23703703703703705
bee 0.999977 0.44427083333333334 0.8240740740740741 0.5005208333333333 0.924074074074074
bee 0.999996 0.5390625 0.8240740740740741 0.5953125 0.924074074074074
bee 0.999941 0.48125 0.8157407407407408 0.5479166666666667 0.9342592592592592
bee 1.000000 0.5130208333333334 0.4388888888888889 0.6265625 0.6407407407407407
bee 1.000000 0.5151041666666667 0.45740740740740743 0.5817708333333333 0.575925925925926
bee 0.999992 0.5770833333333333 0.8240740740740741 0.6333333333333333 0.924074074074074
bee 0.998047 0.5755208333333334 0.8324074074074074 0.6088541666666667 0.8916666666666667
bee 1.000000 0.571875 0.05648148148148148 0.6666666666666666 0.225
bee 1.000000 0.5770833333333333 0.06666666666666667 0.6333333333333333 0.16666666666666666
bee 0.999976 0.5973958333333333 0.8027777777777778 0.6765625 0.9435185185185185
bee 0.999998 0.6145833333333334 0.13055555555555556 0.6541666666666667 0.20092592592592592
bee 0.999903 0.6239583333333333 0.8027777777777778 0.703125 0.9435185185185185
bee 0.999940 0.6713541666666667 0.8074074074074075 0.7276041666666667 0.9074074074074074
bee 0.999973 0.7036458333333333 0.8027777777777778 0.7828125 0.9435185185185185
bee 1.000000 0.7171875 0.6842592592592592 0.7963541666666667 0.825
bee 0.998090 0.7348958333333333 0.8194444444444444 0.7744791666666667 0.8898148148148148
bee 0.999938 0.7848958333333333 0.8074074074074075 0.8411458333333334 0.9074074074074074
bee 0.830442 0.7557291666666667 0.7222222222222222 0.7890625 0.7814814814814814
bee 1.000000 0.8171875 0.7092592592592593 0.9307291666666667 0.9111111111111111
bee 0.999309 0.775 0.8194444444444444 0.8145833333333333 0.8898148148148148
bee 0.999368 0.8083333333333333 0.8194444444444444 0.8479166666666667 0.8898148148148148
bee 0.995625 0.8171875 0.7962962962962963 0.8838541666666667 0.9148148148148149
bee 0.998705 0.8447916666666667 0.8 0.8916666666666667 0.8833333333333333
bee 0.999999 0.8630208333333333 0.7416666666666667 0.8963541666666667 0.8009259259259259
bee 0.999037 0.9005208333333333 0.8138888888888889 0.9473958333333333 0.8972222222222223
bee 0.819015 0.8609375 0.8074074074074075 0.9171875 0.9074074074074074
bee 0.995532 0.9239583333333333 0.8138888888888889 0.9708333333333333 0.8972222222222223
bee 1.000000 0.9291666666666667 0.6962962962962963 0.9958333333333333 0.8148148148148148
bee 1.000000 0.9161458333333333 0.5898148148148148 0.9953125 0.7305555555555555
bee 0.963166 0.9354166666666667 0.6527777777777778 0.975 0.7231481481481481
bee 0.966002 0.9291666666666667 0.5574074074074075 0.9958333333333333 0.6759259259259259
bee 0.985331 0.9479166666666666 0.8138888888888889 0.9947916666666666 0.8972222222222223
bee 0.999950 0.9588541666666667 0.7416666666666667 0.9921875 0.8009259259259259
bee 1.000000 0.9557291666666666 0.700925925925926 0.9953125 0.7712962962962963
