bee 0.999998 0.0 0.8027777777777778 0.07916666666666666 0.9435185185185185
bee 0.999998 0.0265625 0.8027777777777778 0.10572916666666667 0.9435185185185185
bee 0.999998 0.053125 0.8027777777777778 0.13229166666666667 0.9435185185185185
bee 0.996809 0.08645833333333333 0.8194444444444444 0.12604166666666666 0.8898148148148148
bee 0.999994 0.09270833333333334 0.8027777777777778 0.171875 0.9435185185185185
bee 0.999976 0.1140625 0.7768518518518519 0.22760416666666666 0.9787037037037037
bee 0.999977 0.17916666666666667 0.8157407407407408 0.24583333333333332 0.9342592592592592
bee 0.999983 0.2125 0.8157407407407408 0.2791666666666667 0.9342592592592592
bee 0.999990 0.26875 0.8157407407407408 0.33541666666666664 0.9342592592592592
bee 1.000000 0.3229166666666667 0.7435185185185185 0.43645833333333334 0.9453703703703704
bee 0.946537 0.3098958333333333 0.8324074074074074 0.34322916666666664 0.8916666666666667
bee 0.589506 0.31875 0.8027777777777778 0.39791666666666664 0.9435185185185185
bee 0.973700 0.35520833333333335 0.7916666666666666 0.3885416666666667 0.850925925925926
bee 0.996595 0.3723958333333333 0.7916666666666666 0.40572916666666664 0.850925925925926
bee 0.999977 0.4348958333333333 0.8074074074074075 0.49114583333333334 0.9074074074074074
bee 0.999734 0.39479166666666665 0.8277777777777777 0.44166666666666665 0.9111111111111111
bee 0.999984 0.4140625 0.1388888888888889 0.48072916666666665 0.2574074074074074
bee 0.999975 0.4895833333333333 0.8138888888888889 0.5364583333333334 0.8972222222222223
bee 0.999797 0.4609375 0.8194444444444444 0.5005208333333333 0.8898148148148148
bee 0.999986 0.5151041666666667 0.7962962962962963 0.5817708333333333 0.9148148148148149
bee 0.999978 0.5375 0.7962962962962963 0.6041666666666666 0.9148148148148149
bee 0.999878 0.56875 0.8138888888888889 0.615625 0.8972222222222223
bee 0.999989 0.6109375 0.7314814814814815 0.6901041666666666 0.8722222222222222
bee 0.999901 0.6317708333333333 0.7296296296296296 0.6786458333333333 0.812962962962963
bee 0.999853 0.6619791666666667 0.7731481481481481 0.7182291666666667 0.8731481481481481
bee 0.999992 0.71875 0.8074074074074075 0.775 0.9074074074074074
bee 0.998173 0.7026041666666667 0.8138888888888889 0.7494791666666667 0.8972222222222223
bee 0.999992 0.8234375 0.7787037037037037 0.9026041666666667 0.9194444444444444
bee 0.999709 0.7567708333333333 0.8074074074074075 0.8130208333333333 0.9074074074074074
bee 0.999922 0.7817708333333333 0.8138888888888889 0.8286458333333333 0.8972222222222223
bee 0.999979 0.9088541666666666 0.8074074074074075 0.9484375 0.8777777777777778
bee 0.999921 0.8734375 0.7962962962962963 0.9401041666666666 0.9148148148148149
bee 0.999949 0.9161458333333333 0.7787037037037037 0.9953125 0.9194444444444444
bee 0.999852 0.9557291666666666 0.8074074074074075 0.9953125 0.8777777777777778
