bee 0.999998 0.0265625 0.7787037037037037 0.10572916666666667 0.9194444444444444
bee 0.999777 0.0078125 0.8 0.0546875 0.8833333333333333
bee 0.999995 0.053125 0.7787037037037037 0.13229166666666667 0.9194444444444444
bee 0.999996 0.08958333333333333 0.7962962962962963 0.15625 0.9148148148148149
bee 0.999992 0.11041666666666666 0.0 0.15729166666666666 0.08333333333333333
bee 0.999980 0.15677083333333333 0.7962962962962963 0.2234375 0.9148148148148149
bee 0.999983 0.12291666666666666 0.7962962962962963 0.18958333333333333 0.9148148148148149
bee 0.999916 0.19010416666666666 0.7962962962962963 0.25677083333333334 0.9148148148148149
bee 0.999941 0.24635416666666668 0.7962962962962963 0.31302083333333336 0.9148148148148149
bee 0.947655 0.1859375 0.812037037037037 0.21927083333333333 0.8712962962962963
bee 0.999970 0.26875 0.7962962962962963 0.33541666666666664 0.9148148148148149
bee 0.629848 0.22708333333333333 0.8240740740740741 0.2833333333333333 0.924074074074074
bee 0.999997 0.31354166666666666 0.7962962962962963 0.3802083333333333 0.9148148148148149
bee 0.999996 0.3359375 0.7962962962962963 0.40260416666666665 0.9148148148148149
bee 0.999997 0.4479166666666667 0.7962962962962963 0.5145833333333333 0.9148148148148149
bee 0.999976 0.3692708333333333 0.7962962962962963 0.4359375 0.9148148148148149
bee 0.999777 0.4276041666666667 0.8194444444444444 0.4671875 0.8898148148148148
bee 0.999990 0.4822916666666667 0.8074074074074075 0.5385416666666667 0.9074074074074074
bee 0.999998 0.5260416666666666 0.7759259259259259 0.5927083333333333 0.8944444444444445
bee 0.999944 0.5770833333333333 0.8074074074074075 0.6333333333333333 0.9074074074074074
bee 0.999996 0.6046875 0.7962962962962963 0.6713541666666667 0.9148148148148149
bee 0.999996 0.6270833333333333 0.7962962962962963 0.69375 0.9148148148148149
bee 0.998500 0.6015625 0.8194444444444444 0.6411458333333333 0.8898148148148148
bee 0.938227 0.6046875 0.5175925925925926 0.6713541666666667 0.6361111111111111
bee 0.999994 0.6494791666666667 0.7962962962962963 0.7161458333333334 0.9148148148148149
bee 0.999994 0.671875 0.7962962962962963 0.7385416666666667 0.9148148148148149
bee 0.999993 0.7036458333333333 0.7787037037037037 0.7828125 0.9194444444444444
bee 0.999986 0.7614583333333333 0.7962962962962963 0.828125 0.9148148148148149
bee 0.998925 0.75 0.8138888888888889 0.796875 0.8972222222222223
bee 0.999972 0.7833333333333333 0.7787037037037037 0.8625 0.9194444444444444
bee 0.999998 0.8234375 0.7787037037037037 0.9026041666666667 0.9194444444444444
bee 0.999661 0.86875 0.8 0.915625 0.8833333333333333
bee 0.999999 0.8958333333333334 0.7361111111111112 0.9625 0.8546296296296296
bee 0.996973 0.8885416666666667 0.8074074074074075 0.928125 0.8777777777777778
bee 0.998800 0.9479166666666666 0.8 0.9947916666666666 0.8833333333333333
