bee 0.999998 0.0 0.8027777777777778 0.07916666666666666 0.9435185185185185
bee 0.999998 0.03958333333333333 0.8027777777777778 0.11875 0.9435185185185185
bee 0.999995 0.0796875 0.8027777777777778 0.15885416666666666 0.9435185185185185
bee 0.999980 0.1140625 0.7768518518518519 0.22760416666666666 0.9787037037037037
bee 0.999982 0.17916666666666667 0.8157407407407408 0.24583333333333332 0.9342592592592592
bee 0.999286 0.165625 0.8277777777777777 0.2125 0.9111111111111111
bee 0.999984 0.2015625 0.8157407407407408 0.2682291666666667 0.9342592592592592
bee 0.999981 0.22552083333333334 0.8027777777777778 0.3046875 0.9435185185185185
bee 0.999992 0.26875 0.8157407407407408 0.33541666666666664 0.9342592592592592
bee 1.000000 0.3229166666666667 0.7435185185185185 0.43645833333333334 0.9453703703703704
bee 0.999766 0.32447916666666665 0.7759259259259259 0.39114583333333336 0.8944444444444445
bee 0.999942 0.42552083333333335 0.8074074074074075 0.4817708333333333 0.9074074074074074
bee 0.999689 0.4010416666666667 0.8314814814814815 0.440625 0.9018518518518519
bee 0.999659 0.4265625 0.1824074074074074 0.4734375 0.2657407407407407
bee 0.999935 0.45 0.8138888888888889 0.496875 0.8972222222222223
bee 0.999982 0.5151041666666667 0.7962962962962963 0.5817708333333333 0.9148148148148149
bee 0.999965 0.4895833333333333 0.8138888888888889 0.5364583333333334 0.8972222222222223
bee 0.999967 0.5375 0.7962962962962963 0.6041666666666666 0.9148148148148149
bee 0.999781 0.5744791666666667 0.8194444444444444 0.6140625 0.8898148148148148
bee 0.999980 0.5890625 0.725 0.7244791666666667 0.9657407407407408
bee 0.999995 0.6036458333333333 0.7055555555555556 0.6984375 0.8740740740740741
bee 0.999659 0.6505208333333333 0.7555555555555555 0.7296875 0.8962962962962963
bee 0.999996 0.71875 0.8074074074074075 0.775 0.9074074074074074
bee 0.983752 0.6994791666666667 0.8222222222222222 0.7328125 0.8814814814814815
bee 0.991314 0.7161458333333334 0.8222222222222222 0.7494791666666667 0.8814814814814815
bee 0.999993 0.8234375 0.7787037037037037 0.9026041666666667 0.9194444444444444
bee 0.999906 0.7739583333333333 0.8138888888888889 0.8208333333333333 0.8972222222222223
bee 0.999819 0.7953125 0.8194444444444444 0.8348958333333333 0.8898148148148148
bee 0.999972 0.8135416666666667 0.8138888888888889 0.8604166666666667 0.8972222222222223
bee 0.999978 0.9020833333333333 0.8074074074074075 0.9416666666666667 0.8777777777777778
bee 0.999836 0.8822916666666667 0.8074074074074075 0.921875 0.8777777777777778
bee 0.999950 0.9161458333333333 0.7787037037037037 0.9953125 0.9194444444444444
bee 0.999839 0.953125 0.812037037037037 0.9864583333333333 0.8712962962962963
