bee 0.999998 0.0265625 0.8027777777777778 0.10572916666666667 0.9435185185185185
bee 0.999768 0.0265625 0.8314814814814815 0.06614583333333333 0.9018518518518519
bee 0.999998 0.06614583333333333 0.8027777777777778 0.1453125 0.9435185185185185
bee 0.999994 0.09270833333333334 0.8027777777777778 0.171875 0.9435185185185185
bee 0.996926 0.0734375 0.8194444444444444 0.11302083333333333 0.8898148148148148
bee 0.999978 0.1328125 0.8027777777777778 0.21197916666666666 0.9435185185185185
bee 0.999975 0.17916666666666667 0.8157407407407408 0.24583333333333332 0.9342592592592592
bee 0.999988 0.22395833333333334 0.8157407407407408 0.290625 0.9342592592592592
bee 0.999989 0.26875 0.8157407407407408 0.33541666666666664 0.9342592592592592
bee 1.000000 0.33177083333333335 0.7787037037037037 0.4109375 0.9194444444444444
bee 0.996505 0.3 0.8277777777777777 0.346875 0.9111111111111111
bee 0.999849 0.33177083333333335 0.027777777777777776 0.37864583333333335 0.1111111111111111
bee 0.999976 0.4161458333333333 0.8074074074074075 0.47239583333333335 0.9074074074074074
bee 0.591026 0.38125 0.36666666666666664 0.47604166666666664 0.5351851851851852
bee 0.999950 0.5046875 0.8027777777777778 0.5838541666666667 0.9435185185185185
bee 0.999716 0.4473958333333333 0.8194444444444444 0.4869791666666667 0.8898148148148148
bee 0.999866 0.4895833333333333 0.8277777777777777 0.5364583333333334 0.9111111111111111
bee 0.999932 0.5052083333333334 0.8138888888888889 0.5520833333333334 0.8972222222222223
bee 0.999991 0.5598958333333334 0.7962962962962963 0.6265625 0.9148148148148149
bee 1.000000 0.6192708333333333 0.7342592592592593 0.7140625 0.9027777777777778
bee 0.999252 0.584375 0.8027777777777778 0.6635416666666667 0.9435185185185185
bee 0.943700 0.6317708333333333 0.8222222222222222 0.6651041666666667 0.8814814814814815
bee 0.999998 0.6552083333333333 0.7435185185185185 0.7020833333333333 0.8268518518518518
bee 0.573379 0.6546875 0.8194444444444444 0.6942708333333333 0.8898148148148148
bee 0.999982 0.709375 0.8074074074074075 0.765625 0.9074074074074074
bee 0.964723 0.6994791666666667 0.8222222222222222 0.7328125 0.8814814814814815
bee 0.999815 0.7276041666666667 0.7962962962962963 0.7942708333333334 0.9148148148148149
bee 0.999988 0.8229166666666666 0.8074074074074075 0.8791666666666667 0.9074074074074074
bee 0.999948 0.7755208333333333 0.8074074074074075 0.8317708333333333 0.9074074074074074
bee 0.999852 0.8020833333333334 0.8194444444444444 0.8416666666666667 0.8898148148148148
bee 0.999979 0.8447916666666667 0.8138888888888889 0.8916666666666667 0.8972222222222223
bee 0.999962 0.8609375 0.8074074074074075 0.9171875 0.9074074074074074
bee 0.999983 0.9088541666666666 0.8074074074074075 0.9484375 0.8777777777777778
bee 0.999961 0.9161458333333333 0.7787037037037037 0.9953125 0.9194444444444444
bee 0.999839 0.9557291666666666 0.8074074074074075 0.9953125 0.8777777777777778
