bee 0.999998 0.013020833333333334 0.8027777777777778 0.0921875 0.9435185185185185
bee 0.999988 0.0 0.8277777777777777 0.046875 0.9111111111111111
bee 0.999997 0.053125 0.8027777777777778 0.13229166666666667 0.9435185185185185
bee 0.750005 0.04010416666666667 0.6296296296296297 0.0796875 0.7
bee 0.999997 0.0796875 0.8027777777777778 0.15885416666666666 0.9435185185185185
bee 0.999993 0.10625 0.8027777777777778 0.18541666666666667 0.9435185185185185
bee 0.999999 0.15885416666666666 0.7907407407407407 0.25364583333333335 0.9592592592592593
bee 0.998861 0.1328125 0.825925925925926 0.21197916666666666 0.9666666666666667
bee 0.995605 0.16927083333333334 0.8518518518518519 0.20260416666666667 0.9111111111111111
bee 0.999998 0.17239583333333333 0.5425925925925926 0.2515625 0.6833333333333333
bee 0.999995 0.24635416666666668 0.8157407407407408 0.31302083333333336 0.9342592592592592
bee 0.999912 0.190625 0.7907407407407407 0.28541666666666665 0.9592592592592593
bee 0.855497 0.2015625 0.5768518518518518 0.2682291666666667 0.6953703703703704
bee 0.999993 0.26875 0.8157407407407408 0.33541666666666664 0.9342592592592592
bee 1.000000 0.3015625 0.7055555555555556 0.3963541666666667 0.8740740740740741
bee 1.000000 0.31354166666666666 0.7759259259259259 0.3802083333333333 0.8944444444444445
bee 0.999004 0.315625 0.8222222222222222 0.3489583333333333 0.8814814814814815
bee 0.999967 0.32135416666666666 0.7824074074074074 0.3546875 0.8416666666666667
bee 0.999992 0.371875 0.8027777777777778 0.4510416666666667 0.9435185185185185
bee 0.999991 0.403125 0.8157407407407408 0.46979166666666666 0.9342592592592592
bee 1.000000 0.3802083333333333 0.13518518518518519 0.49375 0.337037037037037
bee 1.000000 0.42552083333333335 0.15925925925925927 0.4921875 0.2777777777777778
bee 0.999983 0.4635416666666667 0.8240740740740741 0.5197916666666667 0.924074074074074
bee 0.999975 0.45 0.8277777777777777 0.496875 0.9111111111111111
bee 0.995779 0.45677083333333335 0.18055555555555555 0.4901041666666667 0.23981481481481481
bee 0.999998 0.5296875 0.8240740740740741 0.5859375 0.924074074074074
bee 0.999920 0.5010416666666667 0.8314814814814815 0.540625 0.9018518518518519
bee 0.999995 0.5578125 0.8240740740740741 0.6140625 0.924074074074074
bee 1.000000 0.5401041666666667 0.47962962962962963 0.6348958333333333 0.6481481481481481
bee 0.999984 0.5958333333333333 0.8240740740740741 0.6520833333333333 0.924074074074074
bee 0.592044 0.58125 0.5101851851851852 0.6208333333333333 0.5805555555555556
bee 0.999629 0.5864583333333333 0.8324074074074074 0.6197916666666666 0.8916666666666667
bee 1.000000 0.6036458333333333 0.05648148148148148 0.6984375 0.225
bee 1.000000 0.5932291666666667 0.07962962962962963 0.6598958333333333 0.19814814814814816
bee 0.999908 0.615625 0.8157407407407408 0.6822916666666666 0.9342592592592592
bee 0.999920 0.6640625 0.8027777777777778 0.7432291666666667 0.9435185185185185
bee 0.999864 0.6375 0.8027777777777778 0.7166666666666667 0.9435185185185185
bee 0.999988 0.6473958333333333 0.11203703703703703 0.6942708333333333 0.19537037037037036
bee 0.999977 0.7036458333333333 0.8027777777777778 0.7828125 0.9435185185185185
bee 1.000000 0.7171875 0.6842592592592592 0.7963541666666667 0.825
bee 0.998611 0.75 0.8138888888888889 0.796875 0.8972222222222223
bee 1.000000 0.778125 0.7620370370370371 0.8729166666666667 0.9305555555555556
bee 1.000000 0.7848958333333333 0.7564814814814815 0.8411458333333334 0.8564814814814815
bee 0.999983 0.821875 0.8074074074074075 0.8614583333333333 0.8777777777777778
bee 0.999974 0.8984375 0.8074074074074075 0.9546875 0.9074074074074074
bee 0.999918 0.8765625 0.8138888888888889 0.9234375 0.8972222222222223
bee 0.999902 0.8515625 0.8074074074074075 0.9078125 0.9074074074074074
bee 0.996334 0.9395833333333333 0.8138888888888889 0.9864583333333333 0.8972222222222223
bee 1.000000 0.9161458333333333 0.5898148148148148 0.9953125 0.7305555555555555
bee 1.000000 0.9364583333333333 0.7064814814814815 0.9927083333333333 0.8064814814814815
bee 0.999999 0.9395833333333333 0.5898148148148148 0.9864583333333333 0.6731481481481482
bee 0.963953 0.9588541666666667 0.812037037037037 0.9921875 0.8712962962962963
