bee 0.999998 0.0 0.8027777777777778 0.07916666666666666 0.9435185185185185
bee 0.999999 0.03958333333333333 0.8027777777777778 0.11875 0.9435185185185185
bee 0.999998 0.06614583333333333 0.8027777777777778 0.1453125 0.9435185185185185
bee 0.999924 0.10260416666666666 0.8277777777777777 0.14947916666666666 0.9111111111111111
bee 0.999987 0.11927083333333334 0.8027777777777778 0.1984375 0.9435185185185185
bee 0.999978 0.17239583333333333 0.8027777777777778 0.2515625 0.9435185185185185
bee 0.999978 0.2015625 0.8157407407407408 0.2682291666666667 0.9342592592592592
bee 0.999988 0.22395833333333334 0.8157407407407408 0.290625 0.9342592592592592
bee 0.999988 0.26875 0.8157407407407408 0.33541666666666664 0.9342592592592592
bee 1.000000 0.3177083333333333 0.7620370370370371 0.4125 0.9305555555555556
bee 0.999938 0.3307291666666667 0.08333333333333333 0.38697916666666665 0.18333333333333332
bee 1.000000 0.35520833333333335 0.7861111111111111 0.40208333333333335 0.8694444444444445
bee 0.999943 0.40260416666666665 0.8277777777777777 0.44947916666666665 0.9111111111111111
bee 0.999964 0.4348958333333333 0.8074074074074075 0.49114583333333334 0.9074074074074074
bee 0.993018 0.38125 0.39537037037037037 0.47604166666666664 0.5638888888888889
bee 0.999955 0.5046875 0.8027777777777778 0.5838541666666667 0.9435185185185185
bee 0.999935 0.4895833333333333 0.8138888888888889 0.5364583333333334 0.8972222222222223
bee 0.999676 0.4744791666666667 0.8194444444444444 0.5140625 0.8898148148148148
bee 0.999995 0.5598958333333334 0.7962962962962963 0.6265625 0.9148148148148149
bee 0.998876 0.5375 0.7962962962962963 0.6041666666666666 0.9148148148148149
bee 1.000000 0.6083333333333333 0.7092592592592593 0.721875 0.9111111111111111
bee 0.991242 0.6145833333333334 0.8074074074074075 0.6541666666666667 0.8777777777777778
bee 0.999986 0.709375 0.8074074074074075 0.765625 0.9074074074074074
bee 0.999657 0.6713541666666667 0.7435185185185185 0.7182291666666667 0.8268518518518518
bee 0.999990 0.8229166666666666 0.8074074074074075 0.8791666666666667 0.9074074074074074
bee 0.999964 0.7973958333333333 0.8138888888888889 0.8442708333333333 0.8972222222222223
bee 0.999749 0.7567708333333333 0.8074074074074075 0.8130208333333333 0.9074074074074074
bee 0.999877 0.7817708333333333 0.8194444444444444 0.8213541666666667 0.8898148148148148
bee 0.999969 0.8447916666666667 0.8138888888888889 0.8916666666666667 0.8972222222222223
bee 0.999960 0.8609375 0.8074074074074075 0.9171875 0.9074074074074074
bee 0.999972 0.9005208333333333 0.8138888888888889 0.9473958333333333 0.8972222222222223
bee 0.999954 0.9161458333333333 0.7787037037037037 0.9953125 0.9194444444444444
bee 0.999812 0.9557291666666666 0.8074074074074075 0.9953125 0.8777777777777778
