bee 0.999998 0.013020833333333334 0.8027777777777778 0.0921875 0.9435185185185185
bee 0.999998 0.053125 0.8027777777777778 0.13229166666666667 0.9435185185185185
bee 0.906407 0.022395833333333334 0.8222222222222222 0.05572916666666667 0.8814814814814815
bee 0.999961 0.046875 0.8074074074074075 0.103125 0.9074074074074074
bee 0.999996 0.0796875 0.8027777777777778 0.15885416666666666 0.9435185185185185
bee 0.999984 0.1140625 0.7768518518518519 0.22760416666666666 0.9787037037037037
bee 0.997682 0.1296875 0.8324074074074074 0.16302083333333334 0.8916666666666667
bee 0.999982 0.2125 0.8157407407407408 0.2791666666666667 0.9342592592592592
bee 0.999976 0.17916666666666667 0.8157407407407408 0.24583333333333332 0.9342592592592592
bee 0.999482 0.16041666666666668 0.8074074074074075 0.21666666666666667 0.9074074074074074
bee 0.999981 0.24635416666666668 0.8157407407407408 0.31302083333333336 0.9342592592592592
bee 0.999990 0.26875 0.8157407407407408 0.33541666666666664 0.9342592592592592
bee 0.999960 0.2911458333333333 0.8157407407407408 0.3578125 0.9342592592592592
bee 1.000000 0.3333333333333333 0.7620370370370371 0.428125 0.9305555555555556
bee 0.960972 0.32708333333333334 0.8324074074074074 0.36041666666666666 0.8916666666666667
bee 1.000000 0.371875 0.09444444444444444 0.4510416666666667 0.2351851851851852
bee 0.997642 0.38333333333333336 0.11018518518518519 0.4166666666666667 0.16944444444444445
bee 0.999964 0.42552083333333335 0.8074074074074075 0.4817708333333333 0.9074074074074074
bee 0.999912 0.39479166666666665 0.8277777777777777 0.44166666666666665 0.9111111111111111
bee 0.999968 0.4822916666666667 0.8074074074074075 0.5385416666666667 0.9074074074074074
bee 0.999884 0.465625 0.8277777777777777 0.5125 0.9111111111111111
bee 0.999956 0.5052083333333334 0.8138888888888889 0.5520833333333334 0.8972222222222223
bee 0.999996 0.5484375 0.8074074074074075 0.6046875 0.9074074074074074
bee 0.999433 0.5276041666666667 0.8194444444444444 0.5671875 0.8898148148148148
bee 0.999973 0.5822916666666667 0.7962962962962963 0.6489583333333333 0.9148148148148149
bee 0.988555 0.5744791666666667 0.8194444444444444 0.6140625 0.8898148148148148
bee 0.999874 0.6109375 0.8027777777777778 0.6901041666666666 0.9435185185185185
bee 0.999984 0.6671875 0.7620370370370371 0.7619791666666667 0.9305555555555556
bee 0.965290 0.6817708333333333 0.7953703703703704 0.7213541666666666 0.8657407407407407
bee 0.999989 0.8229166666666666 0.8074074074074075 0.8791666666666667 0.9074074074074074
bee 0.999544 0.7473958333333334 0.8074074074074075 0.8036458333333333 0.9074074074074074
bee 0.999977 0.7947916666666667 0.8074074074074075 0.8510416666666667 0.9074074074074074
bee 0.999978 0.8515625 0.8074074074074075 0.9078125 0.9074074074074074
bee 0.999975 0.9005208333333333 0.8138888888888889 0.9473958333333333 0.8972222222222223
bee 0.999953 0.9354166666666667 0.8074074074074075 0.975 0.8777777777777778
bee 0.999754 0.9588541666666667 0.812037037037037 0.9921875 0.8712962962962963
