bee 0.999999 0.0265625 0.8027777777777778 0.10572916666666667 0.9435185185185185
bee 0.999999 0.0 0.8027777777777778 0.07916666666666666 0.9435185185185185
bee 0.999999 0.053125 0.8027777777777778 0.13229166666666667 0.9435185185185185
bee 0.999998 0.0796875 0.8027777777777778 0.15885416666666666 0.9435185185185185
bee 0.999987 0.11927083333333334 0.8027777777777778 0.1984375 0.9435185185185185
bee 0.999984 0.14270833333333333 0.7907407407407407 0.2375 0.9592592592592593
bee 0.999989 0.22395833333333334 0.8157407407407408 0.290625 0.9342592592592592
bee 0.999992 0.26875 0.8157407407407408 0.33541666666666664 0.9342592592592592
bee 0.999669 0.2604166666666667 0.8277777777777777 0.3072916666666667 0.9111111111111111
bee 1.000000 0.3177083333333333 0.7620370370370371 0.4125 0.9305555555555556
bee 0.999978 0.3609375 0.7953703703703704 0.4005208333333333 0.8657407407407407
bee 0.999983 0.39479166666666665 0.8277777777777777 0.44166666666666665 0.9111111111111111
bee 0.999967 0.42552083333333335 0.8074074074074075 0.4817708333333333 0.9074074074074074
bee 0.994612 0.396875 0.2537037037037037 0.49166666666666664 0.4222222222222222
bee 0.999943 0.45 0.8277777777777777 0.496875 0.9111111111111111
bee 0.999988 0.5177083333333333 0.8027777777777778 0.596875 0.9435185185185185
bee 0.999952 0.5052083333333334 0.8277777777777777 0.5520833333333334 0.9111111111111111
bee 0.999641 0.4817708333333333 0.8138888888888889 0.5286458333333334 0.8972222222222223
bee 1.000000 0.5661458333333333 0.725 0.7015625 0.9657407407407408
bee 1.000000 0.6109375 0.7314814814814815 0.6901041666666666 0.8722222222222222
bee 0.999911 0.6828125 0.7962962962962963 0.7494791666666667 0.9148148148148149
bee 0.999993 0.7052083333333333 0.7962962962962963 0.771875 0.9148148148148149
bee 0.909202 0.6375 0.8027777777777778 0.7166666666666667 0.9435185185185185
bee 0.999992 0.8229166666666666 0.8074074074074075 0.8791666666666667 0.9074074074074074
bee 0.999748 0.7619791666666667 0.8194444444444444 0.8015625 0.8898148148148148
bee 0.999979 0.7973958333333333 0.8138888888888889 0.8442708333333333 0.8972222222222223
bee 0.999884 0.8484375 0.8194444444444444 0.8880208333333334 0.8898148148148148
bee 0.999978 0.86875 0.8138888888888889 0.915625 0.8972222222222223
bee 0.999984 0.9005208333333333 0.8138888888888889 0.9473958333333333 0.8972222222222223
bee 0.999965 0.9177083333333333 0.8074074074074075 0.9739583333333334 0.9074074074074074
bee 0.999850 0.9395833333333333 0.8138888888888889 0.9864583333333333 0.8972222222222223
