bee 0.999999 0.0265625 0.8027777777777778 0.10572916666666667 0.9435185185185185
bee 0.999992 0.0 0.8277777777777777 0.046875 0.9111111111111111
bee 0.999999 0.053125 0.8027777777777778 0.13229166666666667 0.9435185185185185
bee 0.999958 0.0265625 0.8314814814814815 0.06614583333333333 0.9018518518518519
bee 0.999998 0.09270833333333334 0.8027777777777778 0.171875 0.9435185185185185
bee 1.000000 0.07552083333333333 0.33611111111111114 0.13177083333333334 0.4361111111111111
bee 0.999992 0.1328125 0.8027777777777778 0.21197916666666666 0.9435185185185185
bee 1.000000 0.13333333333333333 0.34444444444444444 0.17291666666666666 0.4148148148148148
bee 0.999995 0.17239583333333333 0.8027777777777778 0.2515625 0.9435185185185185
bee 0.999992 0.19895833333333332 0.8027777777777778 0.278125 0.9435185185185185
bee 0.999993 0.22552083333333334 0.8027777777777778 0.3046875 0.9435185185185185
bee 0.999997 0.23697916666666666 0.5611111111111111 0.2838541666666667 0.6444444444444445
bee 1.000000 0.28489583333333335 0.7768518518518519 0.3984375 0.9787037037037037
bee 1.000000 0.2520833333333333 0.1648148148148148 0.33125 0.3055555555555556
bee 0.998816 0.2796875 0.8157407407407408 0.3463541666666667 0.9342592592592592
bee 0.997513 0.28072916666666664 0.16574074074074074 0.3203125 0.2361111111111111
bee 1.000000 0.33177083333333335 0.8 0.37864583333333335 0.8833333333333333
bee 0.999997 0.371875 0.8027777777777778 0.4510416666666667 0.9435185185185185
bee 0.999989 0.403125 0.8157407407407408 0.46979166666666666 0.9342592592592592
bee 1.000000 0.4140625 0.25833333333333336 0.48072916666666665 0.3768518518518518
bee 0.999827 0.42083333333333334 0.2490740740740741 0.46041666666666664 0.3194444444444444
bee 1.000000 0.4265625 0.30833333333333335 0.4734375 0.39166666666666666
bee 0.999987 0.45416666666666666 0.8240740740740741 0.5104166666666666 0.924074074074074
bee 0.999932 0.44114583333333335 0.8314814814814815 0.48072916666666665 0.9018518518518519
bee 0.999996 0.5151041666666667 0.8157407407407408 0.5817708333333333 0.9342592592592592
bee 0.999993 0.49270833333333336 0.8157407407407408 0.559375 0.9342592592592592
bee 0.950413 0.4765625 0.3388888888888889 0.5713541666666667 0.5074074074074074
bee 1.000000 0.5046875 0.0 0.5838541666666667 0.14074074074074075
bee 1.000000 0.5703125 0.7768518518518519 0.6838541666666667 0.9787037037037037
bee 0.999974 0.5375 0.8157407407407408 0.6041666666666666 0.9342592592592592
bee 1.000000 0.546875 0.009259259259259259 0.5802083333333333 0.06851851851851852
bee 0.978699 0.5864583333333333 0.8518518518518519 0.6197916666666666 0.9111111111111111
bee 0.999959 0.5880208333333333 0.8194444444444444 0.6276041666666666 0.8898148148148148
bee 0.999998 0.584375 0.4722222222222222 0.6635416666666667 0.6129629629629629
bee 0.999890 0.6526041666666667 0.8240740740740741 0.7088541666666667 0.924074074074074
bee 0.999925 0.7 0.8074074074074075 0.75625 0.9074074074074074
bee 0.999858 0.6791666666666667 0.8277777777777777 0.7260416666666667 0.9111111111111111
bee 1.000000 0.684375 0.6416666666666667 0.7979166666666667 0.8435185185185186
bee 1.000000 0.74375 0.7787037037037037 0.8229166666666666 0.9194444444444444
bee 0.999997 0.8171875 0.7962962962962963 0.8838541666666667 0.9148148148148149
bee 0.609537 0.7447916666666666 0.6620370370370371 0.778125 0.7212962962962963
bee 0.999902 0.7973958333333333 0.8138888888888889 0.8442708333333333 0.8972222222222223
bee 0.999995 0.8984375 0.8074074074074075 0.9546875 0.9074074074074074
bee 0.999973 0.86875 0.8138888888888889 0.915625 0.8972222222222223
bee 0.999961 0.9364583333333333 0.8074074074074075 0.9927083333333333 0.9074074074074074
bee 1.000000 0.9291666666666667 0.5370370370370371 0.9958333333333333 0.6555555555555556
bee 1.000000 0.9557291666666666 0.5814814814814815 0.9953125 0.6518518518518519
bee 0.994228 0.9588541666666667 0.812037037037037 0.9921875 0.8712962962962963
