bee 0.99970895 0.7157149 0.65992475 0.81347257 0.80965424
bee 0.9995552 0.18394132 0.5497452 0.28759098 0.70255846
bee 0.999438 0.4031411 0.15789297 0.49828002 0.30368662
bee 0.9991186 0.29487962 0.7203611 0.38650018 0.88992405
bee 0.99894184 0.5073926 0.43721732 0.58006483 0.61120415
bee 0.99893695 0.55481756 0.42817643 0.6245992 0.6181782
bee 0.9454879 0.14605083 0.7954214 0.18921043 0.90447587
bee 0.8109642 0.56168497 0.0 0.63201225 0.13613431
bee 0.7250342 0.9234292 0.56803805 0.9994995 0.7320113
bee 0.66720086 0.0018044785 0.6142269 0.06917613 0.7885186
bee 0.3023667 0.94685 0.679354 0.9995945 0.8404447
