bee 0.9997123 0.20771748 0.5498838 0.2995752 0.70749384
bee 0.99969006 0.70430756 0.65654474 0.8209566 0.8004081
bee 0.99959606 0.54386085 0.40973175 0.65212184 0.5896823
bee 0.9994836 0.40809265 0.16003361 0.47980908 0.348117
bee 0.9993187 0.4741807 0.164391 0.5548694 0.29070848
bee 0.9993119 0.11183861 0.7643318 0.1998738 0.9004443
bee 0.9992955 0.033960406 0.58989143 0.120540515 0.7933264
bee 0.99898523 0.30193105 0.7308116 0.39445385 0.8947093
bee 0.99896204 0.35913935 0.38617152 0.43480268 0.52537274
bee 0.97069293 0.36054504 0.19932634 0.43314123 0.31728476
bee 0.84093726 0.92808473 0.5581909 0.9974928 0.7168541
bee 0.7489874 0.58225775 0.0028600858 0.6368767 0.068913326
bee 0.50421685 0.9262195 0.680934 0.9998166 0.8368896
