bee 0.9997603 0.10765584 0.6096726 0.18270244 0.77725154
bee 0.99967015 0.40679082 0.20277329 0.4877968 0.39107677
bee 0.99962664 0.21679093 0.53561413 0.30274755 0.70902985
bee 0.99953437 0.2979749 0.7622357 0.39405116 0.9001694
bee 0.999479 0.56157017 0.46162283 0.67595065 0.5982705
bee 0.99925774 0.7002358 0.6538992 0.81603783 0.7761059
bee 0.999035 0.3093221 0.25136206 0.40418848 0.4166016
bee 0.9982058 0.12705404 0.4315962 0.1874539 0.60739696
bee 0.98252606 0.3540168 0.2078533 0.42360112 0.3750373
bee 0.96928096 0.6024703 0.8325753 0.64116824 0.88526803
bee 0.95797855 0.47570407 0.0014182992 0.51682085 0.13656619
bee 0.9563863 0.91194296 0.41289684 1.0 0.54295313
bee 0.78422654 0.71865314 0.76402944 0.7883716 0.8783506
bee 0.61619115 0.9255964 0.5412188 0.99977034 0.7104155
bee 0.43017143 0.9474911 0.6750687 0.99866194 0.8427966
