bee 0.9998368 0.40515804 0.17274438 0.48513663 0.34901488
bee 0.99971837 0.5485754 0.42817736 0.6608738 0.5850908
bee 0.9997049 0.21766837 0.55140954 0.30107313 0.70557445
bee 0.99969006 0.70558006 0.6492396 0.8167878 0.80275977
bee 0.9995602 0.35329092 0.2432992 0.41700202 0.334356
bee 0.99934894 0.54800403 0.31274754 0.62268865 0.43073088
bee 0.99931407 0.0537211 0.6126409 0.12400687 0.7919396
bee 0.99894637 0.3130387 0.7357728 0.39131504 0.89275265
bee 0.9987991 0.108120345 0.7580045 0.20218703 0.8852072
bee 0.99824524 0.33502397 0.36979476 0.40910253 0.51176804
bee 0.9454947 0.93096554 0.5559471 0.9980711 0.719769
bee 0.8313092 0.5675354 0.0019012988 0.61698437 0.09444436
bee 0.4398882 0.9307452 0.694945 1.0 0.84931624
