bee 0.99973506 0.4007252 0.20927927 0.4840104 0.40486327
bee 0.9997094 0.100756034 0.5016468 0.18014832 0.6779637
bee 0.9996424 0.21937516 0.5359456 0.30248734 0.7159779
bee 0.9994711 0.27875692 0.24078843 0.34484857 0.38665128
bee 0.9993961 0.7049494 0.65085703 0.81300116 0.775851
bee 0.9991059 0.5704459 0.4647742 0.67571044 0.60936254
bee 0.9990452 0.07488267 0.3917585 0.14737862 0.5635681
bee 0.99867636 0.29320955 0.77248675 0.395576 0.9047925
bee 0.9816157 0.746193 0.7967521 0.81394595 0.8944165
bee 0.92588264 0.4805523 0.0 0.5235126 0.12034602
bee 0.5870266 0.92423075 0.5224883 1.0 0.6988641
bee 0.5011361 0.9508193 0.66970694 1.0 0.8326902
bee 0.47754827 0.95556605 0.34554213 0.9991628 0.5037349
