bee 0.9998129 0.7195369 0.65643126 0.81282794 0.81721896
bee 0.9995844 0.5817657 0.078512475 0.6724778 0.22387166
bee 0.99955577 0.4045888 0.14929381 0.4964889 0.29747
bee 0.999426 0.29284286 0.7085138 0.38386863 0.8826903
bee 0.99820745 0.8437778 0.7355697 0.9205961 0.8558199
bee 0.9979923 0.51153123 0.45164627 0.62070286 0.62743676
bee 0.9972511 0.17098114 0.5510156 0.2843127 0.69534063
bee 0.95180106 0.002644034 0.61010593 0.045661964 0.78333896
bee 0.8015069 0.92177045 0.5744005 0.9980341 0.729549
bee 0.60305923 0.9269386 0.6741169 0.9994311 0.8413079
