bee 0.9997546 0.53844756 0.485593 0.61971956 0.65976244
bee 0.9997478 0.69507056 0.64345473 0.8025268 0.8311551
bee 0.9996942 0.123017505 0.55579275 0.20743467 0.7434964
bee 0.9995491 0.6464757 0.53266835 0.7332034 0.6871714
bee 0.99934095 0.2910291 0.6916146 0.39038783 0.8531006
bee 0.99764985 0.40159652 0.15239167 0.5137686 0.2875916
bee 0.99205536 0.8166925 0.7618817 0.90273225 0.8767677
bee 0.98246473 0.13333905 0.519767 0.22856197 0.6456932
bee 0.97604764 0.92415124 0.55861133 0.9974174 0.71499485
bee 0.53785825 0.9334787 0.6891565 0.99945116 0.85997534
