bee 0.99989116 0.1034669 0.60374004 0.17413586 0.78830844
bee 0.99975866 0.4019116 0.19314857 0.49009678 0.36919266
bee 0.99974006 0.11193374 0.74396044 0.20226884 0.8885989
bee 0.99959475 0.7050439 0.651426 0.8147981 0.7957514
bee 0.99953246 0.5429069 0.40086436 0.69395375 0.5893039
bee 0.9993057 0.21257956 0.54206145 0.30461544 0.7080173
bee 0.99875283 0.30578905 0.7357324 0.3947947 0.8821724
bee 0.9944705 0.31724218 0.28752285 0.42432168 0.51245624
bee 0.9631007 0.51884246 0.0014520619 0.56781125 0.117653385
bee 0.8740479 0.9294808 0.56169343 0.9990431 0.7194932
bee 0.6646146 0.9356576 0.46664754 1.0 0.5994421
bee 0.4965673 0.9361351 0.6931689 0.99858207 0.8536608
