bee 0.999808 0.2214787 0.533739 0.31405807 0.7196082
bee 0.99980086 0.07312538 0.28376156 0.14113998 0.49919468
bee 0.99976593 0.12371231 0.28794372 0.1904825 0.46425036
bee 0.9996532 0.27343544 0.16772872 0.3258386 0.32406878
bee 0.999629 0.4075815 0.22622879 0.48799998 0.42455125
bee 0.99955696 0.49474242 0.3008476 0.55341184 0.4901937
bee 0.99952984 0.7081009 0.65978706 0.8033105 0.78071934
bee 0.9994574 0.29372168 0.78422517 0.38039696 0.900483
bee 0.9993309 0.5694429 0.46400568 0.67978626 0.61489826
bee 0.8864366 0.5253611 0.0024070872 0.57747513 0.1360579
bee 0.81359124 0.5886957 0.80031925 0.6390094 0.8879757
bee 0.66482836 0.92418236 0.5113617 0.999896 0.6863964
