bee 0.9998373 0.37991238 0.27498314 0.44925618 0.45959806
bee 0.999833 0.4127893 0.19104335 0.48589003 0.38236627
bee 0.99973434 0.21613723 0.53068155 0.30523092 0.710169
bee 0.9996525 0.45169097 0.020547071 0.5016855 0.15979971
bee 0.99937797 0.14867 0.4847026 0.20203467 0.6811739
bee 0.9992849 0.10899494 0.68834037 0.19749767 0.8582676
bee 0.999204 0.29791218 0.75250727 0.3988148 0.8981143
bee 0.9992034 0.5551558 0.40365577 0.67050105 0.58813316
bee 0.9991862 0.30935052 0.26339725 0.37640998 0.40920594
bee 0.9990823 0.68508995 0.6462736 0.8065944 0.7900166
bee 0.97678053 0.9007879 0.44608042 0.99214274 0.5770888
bee 0.64725137 0.9255712 0.5280653 0.99954784 0.7200032
bee 0.48538184 0.9437726 0.67937595 0.99939245 0.8436468
