bee 0.9998338 0.632527 0.52651197 0.72281694 0.684173
bee 0.9998055 0.1113061 0.5484656 0.18390718 0.73331195
bee 0.99975747 0.69390136 0.6407373 0.8053213 0.82047206
bee 0.99964964 0.15173495 0.5267492 0.23248747 0.6728607
bee 0.9996476 0.28846702 0.6912912 0.39241508 0.8611173
bee 0.9995716 0.53884953 0.47937596 0.6225297 0.6478041
bee 0.999385 0.8173179 0.75498116 0.89414555 0.874374
bee 0.998063 0.4003685 0.15230854 0.5134696 0.28159043
bee 0.97561157 0.92601985 0.560568 0.9974243 0.7208272
bee 0.5770492 0.93647903 0.6839922 0.99948865 0.85151094
