bee 0.9998048 0.019700073 0.58703715 0.09245774 0.7641845
bee 0.9994881 0.40621686 0.1536254 0.50155383 0.29645777
bee 0.9994629 0.71676993 0.65911824 0.8010454 0.81831807
bee 0.99938035 0.15698487 0.5512026 0.2637166 0.6886786
bee 0.9993358 0.28844607 0.7097115 0.39120966 0.87985885
bee 0.99881303 0.5891698 0.0845663 0.6985294 0.19594932
bee 0.997494 0.5318978 0.4525519 0.6469022 0.65102077
bee 0.99446446 0.7864745 0.7475625 0.88688904 0.8776139
bee 0.8886357 0.92312634 0.57095 0.99755657 0.7276814
bee 0.67076045 0.9323218 0.65657264 0.9981433 0.83459395
