bee 0.999788 0.6598802 0.543407 0.7198437 0.6775382
bee 0.9997104 0.40135628 0.19447552 0.485165 0.37684226
bee 0.9997048 0.21441709 0.5410814 0.30386385 0.7111996
bee 0.9996828 0.114794604 0.76174337 0.20221698 0.89802974
bee 0.9996325 0.5516513 0.4030449 0.66491634 0.589461
bee 0.99962616 0.14234188 0.57287085 0.19687703 0.73970443
bee 0.9994785 0.46437615 0.027452601 0.5173601 0.15641284
bee 0.9992799 0.705949 0.65626246 0.80428916 0.79290706
bee 0.9990928 0.39014032 0.30082548 0.445258 0.46831125
bee 0.9990833 0.2860168 0.2947537 0.37275794 0.42281383
bee 0.9986519 0.30675116 0.7443726 0.40160236 0.88399583
bee 0.7927222 0.91433007 0.45851973 1.0 0.6044269
bee 0.77009 0.9264829 0.5468392 0.9993043 0.72109425
bee 0.5192636 0.9363912 0.68995106 1.0 0.8527227
