bee 0.99980015 0.5465291 0.44453838 0.63118595 0.6105502
bee 0.9997843 0.19935523 0.553719 0.29824987 0.7025303
bee 0.99972063 0.7128141 0.6672019 0.8179461 0.79981804
bee 0.9993513 0.2898618 0.72583866 0.3925864 0.89696324
bee 0.9993499 0.4784034 0.4122902 0.53247887 0.55631936
bee 0.99922764 0.40000007 0.165174 0.49680373 0.30867773
bee 0.99890137 0.082968146 0.58515656 0.16566488 0.76389104
bee 0.9982755 0.1413428 0.79098916 0.1945707 0.89749825
bee 0.9706379 0.35018086 0.0 0.42215312 0.05165146
bee 0.9322581 0.92581785 0.5702047 0.9970523 0.7318943
bee 0.6208212 0.92517734 0.67891985 0.99908555 0.83940715
