bee 0.9998091 0.09463033 0.54257077 0.15127787 0.72724134
bee 0.9997452 0.7120712 0.6534022 0.8029587 0.81068283
bee 0.9997297 0.1375851 0.5332856 0.2531363 0.68299353
bee 0.9996511 0.28884757 0.6937512 0.39043105 0.86657494
bee 0.9996008 0.53730553 0.46257135 0.6212148 0.63306886
bee 0.999491 0.61433566 0.50948864 0.6997448 0.68022466
bee 0.9991204 0.8106721 0.7474131 0.895619 0.87410057
bee 0.9982722 0.3998704 0.1541152 0.5118321 0.28445283
bee 0.88392323 0.9244602 0.56528366 0.998466 0.7389733
bee 0.69834787 0.9402633 0.6668709 0.9991615 0.8418034
bee 0.583767 0.9315401 0.6163233 0.99643296 0.77847886
