bee 0.99966276 0.5843913 0.49013436 0.67411727 0.6768893
bee 0.99960595 0.05092593 0.5616502 0.12456681 0.74200475
bee 0.9996 0.7169082 0.6577176 0.80286074 0.81781346
bee 0.9995933 0.14126098 0.5344813 0.25589043 0.6802217
bee 0.9994049 0.29936084 0.69800985 0.38581845 0.8883534
bee 0.99938774 0.40490317 0.15888931 0.5016271 0.29655907
bee 0.999172 0.5397491 0.45588008 0.606386 0.6399377
bee 0.9942794 0.78829545 0.74975514 0.89108235 0.8742823
bee 0.9088158 0.92456347 0.56858414 0.99752074 0.73355836
bee 0.6823788 0.93469775 0.6645221 0.99877083 0.8389924
bee 0.5315938 0.6032616 0.0 0.7066705 0.07619798
