bee 0.99987817 0.45879772 0.2550097 0.5197874 0.42643547
bee 0.99981076 0.2637579 0.19459751 0.32958117 0.34796843
bee 0.9997601 0.113107994 0.39700404 0.18111233 0.56763405
bee 0.99960965 0.052567925 0.34942088 0.12656 0.5480063
bee 0.9995184 0.22185391 0.5405868 0.30871898 0.71587825
bee 0.9993819 0.7370555 0.771158 0.8236198 0.893924
bee 0.99930286 0.5755125 0.48056024 0.6755395 0.6158862
bee 0.99924684 0.39965492 0.20880161 0.4732108 0.41060296
bee 0.9991141 0.71209 0.6584482 0.8080342 0.7817618
bee 0.9989133 0.29161358 0.7779565 0.39261526 0.9070832
bee 0.96306705 0.49854144 0.0 0.54269224 0.11035519
bee 0.7090667 0.92474467 0.509223 1.0 0.68649125
bee 0.3817421 0.9605652 0.6542601 1.0 0.8345354
