bee 0.9998443 0.40498877 0.17056781 0.49596357 0.31113163
bee 0.99973863 0.71374595 0.658327 0.8224497 0.80831295
bee 0.99971706 0.5498355 0.44251558 0.6282906 0.6170608
bee 0.9995474 0.050578453 0.59705305 0.13390774 0.77551913
bee 0.9994499 0.19246909 0.5468187 0.29497957 0.7012828
bee 0.9989856 0.5106598 0.43660203 0.563756 0.5836092
bee 0.9983418 0.29057172 0.72182155 0.3854408 0.8880373
bee 0.91054 0.14460886 0.79349726 0.1939652 0.8997004
bee 0.82643795 0.92266554 0.564799 0.9968055 0.7230189
bee 0.80940306 0.55030257 0.0018224948 0.6099166 0.07842031
bee 0.5640201 0.9239705 0.67713624 0.99875015 0.8487363
