bee 0.99982613 0.1589305 0.5502544 0.2703992 0.6906975
bee 0.9996382 0.40448812 0.15033372 0.4990805 0.29432166
bee 0.9996153 0.29268086 0.704857 0.38779575 0.8842919
bee 0.99958295 0.5214723 0.4501435 0.6318911 0.635561
bee 0.9995116 0.5803769 0.12266437 0.68467885 0.24532533
bee 0.99950504 0.7214194 0.65627027 0.8054351 0.8190531
bee 0.99903274 0.81170917 0.7337574 0.8973447 0.8628737
bee 0.95713806 0.00079458207 0.60303515 0.066732556 0.7688395
bee 0.94463485 0.9212101 0.57291424 0.99661785 0.73037964
bee 0.64370525 0.92241305 0.6728703 1.0 0.8313949
