bee 0.99987435 0.35595673 0.12791713 0.42785418 0.22298904
bee 0.99986815 0.2050119 0.5499952 0.29870462 0.70600206
bee 0.9998652 0.7126169 0.6694913 0.8161161 0.80675536
bee 0.9997727 0.5445987 0.43142927 0.637938 0.599299
bee 0.9996307 0.3985961 0.13809915 0.48929626 0.32275358
bee 0.99959844 0.40220863 0.023481382 0.48745263 0.12137805
bee 0.9994572 0.30426392 0.72578716 0.3923104 0.8926547
bee 0.999424 0.41586408 0.38513252 0.4888114 0.53070456
bee 0.9992797 0.061352924 0.5810903 0.13531259 0.77350616
bee 0.99901736 0.12109778 0.7707456 0.19674402 0.9012059
bee 0.7950842 0.9253692 0.56676084 1.0 0.7281734
bee 0.5775262 0.9256184 0.69167835 0.9997803 0.83918464
