bee 0.999999 0.0265625 0.8027777777777778 0.10572916666666667 0.9435185185185185
bee 0.999998 0.0 0.8027777777777778 0.07916666666666666 0.9435185185185185
bee 0.999998 0.06614583333333333 0.8027777777777778 0.1453125 0.9435185185185185
bee 0.954465 0.06666666666666667 0.6055555555555555 0.10625 0.6759259259259259
bee 0.999997 0.10625 0.8027777777777778 0.18541666666666667 0.9435185185185185
bee 0.999997 0.159375 0.8027777777777778 0.23854166666666668 0.9435185185185185
bee 0.999577 0.15 0.8277777777777777 0.196875 0.9111111111111111
bee 0.999997 0.159375 0.5425925925925926 0.23854166666666668 0.6833333333333333
bee 0.999974 0.1859375 0.8027777777777778 0.26510416666666664 0.9435185185185185
bee 0.999995 0.2390625 0.8027777777777778 0.3182291666666667 0.9435185185185185
bee 0.996323 0.22708333333333333 0.8314814814814815 0.26666666666666666 0.9018518518518519
bee 0.976313 0.240625 0.8435185185185186 0.28020833333333334 0.9138888888888889
bee 1.000000 0.28489583333333335 0.7092592592592593 0.3984375 0.9111111111111111
bee 0.999194 0.2869791666666667 0.8314814814814815 0.3265625 0.9018518518518519
bee 1.000000 0.32135416666666666 0.7231481481481481 0.3776041666666667 0.8231481481481482
bee 0.992705 0.315625 0.8138888888888889 0.3625 0.8972222222222223
bee 0.999996 0.371875 0.8027777777777778 0.4510416666666667 0.9435185185185185
bee 0.991206 0.340625 0.8314814814814815 0.3802083333333333 0.9018518518518519
bee 0.999770 0.37395833333333334 0.8314814814814815 0.41354166666666664 0.9018518518518519
bee 0.999991 0.403125 0.8157407407407408 0.46979166666666666 0.9342592592592592
bee 1.000000 0.39895833333333336 0.13518518518518519 0.5125 0.337037037037037
bee 0.999983 0.44427083333333334 0.8240740740740741 0.5005208333333333 0.924074074074074
bee 0.999998 0.5296875 0.8240740740740741 0.5859375 0.924074074074074
bee 0.999976 0.4817708333333333 0.8277777777777777 0.5286458333333334 0.9111111111111111
bee 0.999760 0.51875 0.8324074074074074 0.5520833333333334 0.8916666666666667
bee 0.999995 0.5677083333333334 0.8240740740740741 0.6239583333333333 0.924074074074074
bee 0.996770 0.5208333333333334 0.4425925925925926 0.65625 0.6833333333333333
bee 1.000000 0.584375 0.5194444444444445 0.6635416666666667 0.6601851851851852
bee 0.999971 0.6052083333333333 0.8240740740740741 0.6614583333333334 0.924074074074074
bee 0.999997 0.6375 0.0 0.6708333333333333 0.05925925925925926
bee 0.999920 0.6526041666666667 0.8074074074074075 0.7088541666666667 0.9074074074074074
bee 0.995794 0.6395833333333333 0.8138888888888889 0.6864583333333333 0.8972222222222223
bee 0.999830 0.6546875 0.0 0.6942708333333333 0.07037037037037037
bee 0.999969 0.7036458333333333 0.8027777777777778 0.7828125 0.9435185185185185
bee 0.996968 0.690625 0.8074074074074075 0.746875 0.9074074074074074
bee 1.000000 0.7171875 0.6842592592592592 0.7963541666666667 0.825
bee 0.998996 0.75 0.8138888888888889 0.796875 0.8972222222222223
bee 1.000000 0.7791666666666667 0.7435185185185185 0.8927083333333333 0.9453703703703704
bee 0.969616 0.7786458333333334 0.8222222222222222 0.8119791666666667 0.8814814814814815
bee 1.000000 0.7848958333333333 0.7564814814814815 0.8411458333333334 0.8564814814814815
bee 1.000000 0.8125 0.7916666666666666 0.8458333333333333 0.850925925925926
bee 0.999974 0.8984375 0.8074074074074075 0.9546875 0.9074074074074074
bee 0.999055 0.9286458333333333 0.8194444444444444 0.9682291666666667 0.8898148148148148
bee 1.000000 0.9291666666666667 0.5768518518518518 0.9958333333333333 0.6953703703703704
bee 1.000000 0.9364583333333333 0.7064814814814815 0.9927083333333333 0.8064814814814815
bee 0.731845 0.9317708333333333 0.6453703703703704 0.9786458333333333 0.7287037037037037
bee 0.960020 0.9557291666666666 0.8194444444444444 0.9953125 0.8898148148148148
bee 0.997424 0.9588541666666667 0.7416666666666667 0.9921875 0.8009259259259259
bee 1.000000 0.9588541666666667 0.7018518518518518 0.9921875 0.7611111111111111
