bee 0.999999 0.0 0.8027777777777778 0.07916666666666666 0.9435185185185185
bee 0.999999 0.0265625 0.8027777777777778 0.10572916666666667 0.9435185185185185
bee 0.999999 0.053125 0.8027777777777778 0.13229166666666667 0.9435185185185185
bee 0.999997 0.0796875 0.8027777777777778 0.15885416666666666 0.9435185185185185
bee 0.999987 0.11927083333333334 0.8027777777777778 0.1984375 0.9435185185185185
bee 0.999977 0.15885416666666666 0.7907407407407407 0.25364583333333335 0.9592592592592593
bee 0.993371 0.1578125 0.8324074074074074 0.19114583333333332 0.8916666666666667
bee 0.999982 0.2015625 0.8157407407407408 0.2682291666666667 0.9342592592592592
bee 0.999989 0.22395833333333334 0.8157407407407408 0.290625 0.9342592592592592
bee 0.999990 0.26875 0.8157407407407408 0.33541666666666664 0.9342592592592592
bee 0.999982 0.24635416666666668 0.8157407407407408 0.31302083333333336 0.9342592592592592
bee 1.000000 0.30416666666666664 0.7435185185185185 0.41770833333333335 0.9453703703703704
bee 0.994669 0.3046875 0.8324074074074074 0.3380208333333333 0.8916666666666667
bee 0.999632 0.33177083333333335 0.7722222222222223 0.37864583333333335 0.8555555555555555
bee 0.995879 0.35520833333333335 0.8 0.40208333333333335 0.8833333333333333
bee 0.999968 0.39479166666666665 0.8277777777777777 0.44166666666666665 0.9111111111111111
bee 0.999982 0.42552083333333335 0.8074074074074075 0.4817708333333333 0.9074074074074074
bee 0.898560 0.4161458333333333 0.3194444444444444 0.47239583333333335 0.41944444444444445
bee 0.999985 0.5177083333333333 0.8027777777777778 0.596875 0.9435185185185185
bee 0.999948 0.4822916666666667 0.8074074074074075 0.5385416666666667 0.9074074074074074
bee 0.988200 0.4791666666666667 0.8222222222222222 0.5125 0.8814814814814815
bee 0.998627 0.4817708333333333 0.0 0.5286458333333334 0.08333333333333333
bee 0.999959 0.5526041666666667 0.8138888888888889 0.5994791666666667 0.8972222222222223
bee 0.998300 0.56875 0.8277777777777777 0.615625 0.9111111111111111
bee 1.000000 0.5661458333333333 0.725 0.7015625 0.9657407407407408
bee 1.000000 0.6109375 0.7314814814814815 0.6901041666666666 0.8722222222222222
bee 0.999990 0.7052083333333333 0.7962962962962963 0.771875 0.9148148148148149
bee 0.999604 0.671875 0.7962962962962963 0.7385416666666667 0.9148148148148149
bee 0.999752 0.7276041666666667 0.7962962962962963 0.7942708333333334 0.9148148148148149
bee 0.999990 0.8229166666666666 0.8074074074074075 0.8791666666666667 0.9074074074074074
bee 0.997830 0.7614583333333333 0.8222222222222222 0.7947916666666667 0.8814814814814815
bee 0.999957 0.7817708333333333 0.8138888888888889 0.8286458333333333 0.8972222222222223
bee 0.999978 0.8609375 0.8074074074074075 0.9171875 0.9074074074074074
bee 0.999979 0.8447916666666667 0.8138888888888889 0.8916666666666667 0.8972222222222223
bee 0.999981 0.9083333333333333 0.8138888888888889 0.9552083333333333 0.8972222222222223
bee 0.999849 0.9026041666666667 0.812037037037037 0.9359375 0.8712962962962963
bee 0.999956 0.9291666666666667 0.7962962962962963 0.9958333333333333 0.9148148148148149
