bee 0.999996 0.0375 0.8074074074074075 0.09375 0.9074074074074074
bee 0.999994 0.0 0.8027777777777778 0.07916666666666666 0.9435185185185185
bee 0.999994 0.10625 0.8027777777777778 0.18541666666666667 0.9435185185185185
bee 0.999993 0.053125 0.8027777777777778 0.13229166666666667 0.9435185185185185
bee 0.977617 0.09010416666666667 0.8222222222222222 0.1234375 0.8814814814814815
bee 0.999989 0.1328125 0.8027777777777778 0.21197916666666666 0.9435185185185185
bee 0.999984 0.159375 0.8027777777777778 0.23854166666666668 0.9435185185185185
bee 0.999995 0.26875 0.8157407407407408 0.33541666666666664 0.9342592592592592
bee 0.999971 0.2125 0.8027777777777778 0.2916666666666667 0.9435185185185185
bee 0.995819 0.2604166666666667 0.8138888888888889 0.3072916666666667 0.8972222222222223
bee 0.999995 0.2911458333333333 0.8157407407407408 0.3578125 0.9342592592592592
bee 0.999996 0.32447916666666665 0.8157407407407408 0.39114583333333336 0.9342592592592592
bee 0.999993 0.346875 0.8157407407407408 0.41354166666666664 0.9342592592592592
bee 0.999992 0.4421875 0.8277777777777777 0.4890625 0.9111111111111111
bee 0.999942 0.40260416666666665 0.8277777777777777 0.44947916666666665 0.9111111111111111
bee 0.999978 0.4817708333333333 0.8277777777777777 0.5286458333333334 0.9111111111111111
bee 0.999863 0.5010416666666667 0.8240740740740741 0.5572916666666666 0.924074074074074
bee 0.999933 0.5484375 0.8240740740740741 0.6046875 0.924074074074074
bee 0.999946 0.5864583333333333 0.8240740740740741 0.6427083333333333 0.924074074074074
bee 0.999831 0.6145833333333334 0.8240740740740741 0.6708333333333333 0.924074074074074
bee 0.999671 0.6244791666666667 0.6722222222222223 0.6807291666666667 0.7722222222222223
bee 0.996369 0.6432291666666666 0.8240740740740741 0.6994791666666667 0.924074074074074
bee 0.999957 0.7036458333333333 0.8027777777777778 0.7828125 0.9435185185185185
bee 0.977117 0.6817708333333333 0.8314814814814815 0.7213541666666666 0.9018518518518519
bee 0.999709 0.7302083333333333 0.8027777777777778 0.809375 0.9435185185185185
bee 1.000000 0.7833333333333333 0.7555555555555555 0.8625 0.8962962962962963
bee 0.999846 0.8020833333333334 0.7601851851851852 0.8416666666666667 0.8305555555555556
bee 0.999904 0.8364583333333333 0.8027777777777778 0.915625 0.9435185185185185
bee 0.999991 0.9364583333333333 0.8074074074074075 0.9927083333333333 0.9074074074074074
bee 0.999076 0.8369791666666667 0.8138888888888889 0.8838541666666667 0.8972222222222223
bee 0.999968 0.8921875 0.8138888888888889 0.9390625 0.8972222222222223
bee 0.999844 0.8755208333333333 0.8194444444444444 0.9151041666666667 0.8898148148148148
bee 1.000000 0.903125 0.14166666666666666 0.9822916666666667 0.2824074074074074
bee 1.000000 0.9291666666666667 0.19907407407407407 0.9958333333333333 0.3175925925925926
bee 0.999911 0.9588541666666667 0.24074074074074073 0.9921875 0.3
