bee 0.999999 0.0265625 0.8027777777777778 0.10572916666666667 0.9435185185185185
bee 0.999996 0.0234375 0.8277777777777777 0.0703125 0.9111111111111111
bee 0.999993 0.07552083333333333 0.8240740740740741 0.13177083333333334 0.924074074074074
bee 0.991542 0.08020833333333334 0.6296296296296297 0.11979166666666667 0.7
bee 1.000000 0.1140625 0.7768518518518519 0.22760416666666666 0.9787037037037037
bee 0.999788 0.10052083333333334 0.8157407407407408 0.1671875 0.9342592592592592
bee 1.000000 0.12291666666666666 0.7759259259259259 0.18958333333333333 0.8944444444444445
bee 0.933128 0.15208333333333332 0.7916666666666666 0.18541666666666667 0.850925925925926
bee 0.999960 0.1734375 0.8277777777777777 0.2203125 0.9111111111111111
bee 0.999995 0.2390625 0.8027777777777778 0.3182291666666667 0.9435185185185185
bee 0.999988 0.19895833333333332 0.8027777777777778 0.278125 0.9435185185185185
bee 0.940585 0.18958333333333333 0.8425925925925926 0.23645833333333333 0.9259259259259259
bee 0.999998 0.2125 0.5574074074074075 0.2791666666666667 0.6759259259259259
bee 1.000000 0.271875 0.725 0.40729166666666666 0.9657407407407408
bee 0.999924 0.2760416666666667 0.8277777777777777 0.3229166666666667 0.9111111111111111
bee 0.999998 0.33177083333333335 0.7435185185185185 0.37864583333333335 0.8268518518518518
bee 0.999990 0.371875 0.8027777777777778 0.4510416666666667 0.9435185185185185
bee 1.000000 0.35833333333333334 0.11944444444444445 0.425 0.23796296296296296
bee 0.999984 0.403125 0.8157407407407408 0.46979166666666666 0.9342592592592592
bee 1.000000 0.396875 0.14074074074074075 0.49166666666666664 0.30925925925925923
bee 0.999915 0.4140625 0.019444444444444445 0.48072916666666665 0.13796296296296295
bee 1.000000 0.4114583333333333 0.37777777777777777 0.490625 0.5185185185185185
bee 0.999968 0.434375 0.8277777777777777 0.48125 0.9111111111111111
bee 0.999998 0.5203125 0.8240740740740741 0.5765625 0.924074074074074
bee 0.999993 0.47291666666666665 0.8240740740740741 0.5291666666666667 0.924074074074074
bee 0.874327 0.4421875 0.44907407407407407 0.4890625 0.5324074074074074
bee 0.999929 0.5078125 0.8314814814814815 0.5473958333333333 0.9018518518518519
bee 0.999994 0.5677083333333334 0.8240740740740741 0.6239583333333333 0.924074074074074
bee 0.999869 0.5546875 0.8314814814814815 0.5942708333333333 0.9018518518518519
bee 0.999986 0.5442708333333334 0.44814814814814813 0.6234375 0.5888888888888889
bee 0.999977 0.5973958333333333 0.8027777777777778 0.6765625 0.9435185185185185
bee 0.999911 0.6505208333333333 0.8027777777777778 0.7296875 0.9435185185185185
bee 0.999531 0.6015625 0.8314814814814815 0.6411458333333333 0.9018518518518519
bee 0.999673 0.6432291666666666 0.8074074074074075 0.6994791666666667 0.9074074074074074
bee 0.999983 0.7036458333333333 0.8027777777777778 0.7828125 0.9435185185185185
bee 1.000000 0.7145833333333333 0.649074074074074 0.809375 0.8175925925925925
bee 0.999992 0.8286458333333333 0.7962962962962963 0.8953125 0.9148148148148149
bee 0.999893 0.7661458333333333 0.8138888888888889 0.8130208333333333 0.8972222222222223
bee 0.981328 0.75 0.8324074074074074 0.7833333333333333 0.8916666666666667
bee 0.999489 0.7583333333333333 0.7018518518518518 0.8052083333333333 0.7851851851851852
bee 0.999975 0.7838541666666666 0.7962962962962963 0.8505208333333333 0.9148148148148149
bee 0.999883 0.8135416666666667 0.8138888888888889 0.8604166666666667 0.8972222222222223
bee 0.999980 0.8796875 0.8074074074074075 0.9359375 0.9074074074074074
bee 0.999907 0.86875 0.8194444444444444 0.9083333333333333 0.8898148148148148
bee 0.999507 0.9161458333333333 0.8138888888888889 0.9630208333333333 0.8972222222222223
bee 1.000000 0.9291666666666667 0.7166666666666667 0.9958333333333333 0.8351851851851851
bee 1.000000 0.9291666666666667 0.5768518518518518 0.9958333333333333 0.6953703703703704
bee 0.978543 0.9557291666666666 0.8194444444444444 0.9953125 0.8898148148148148
bee 0.995075 0.9395833333333333 0.6314814814814815 0.9864583333333333 0.7148148148148148
bee 1.000000 0.9557291666666666 0.7129629629629629 0.9953125 0.7833333333333333
