bee 0.999998 0.0 0.7907407407407407 0.09479166666666666 0.9592592592592593
bee 0.999999 0.03958333333333333 0.8027777777777778 0.11875 0.9435185185185185
bee 0.999999 0.06614583333333333 0.8027777777777778 0.1453125 0.9435185185185185
bee 0.999995 0.09270833333333334 0.8027777777777778 0.171875 0.9435185185185185
bee 0.982263 0.1 0.8194444444444444 0.13958333333333334 0.8898148148148148
bee 0.999986 0.1328125 0.8027777777777778 0.21197916666666666 0.9435185185185185
bee 0.999988 0.2125 0.8157407407407408 0.2791666666666667 0.9342592592592592
bee 0.999970 0.17916666666666667 0.8157407407407408 0.24583333333333332 0.9342592592592592
bee 0.897840 0.18020833333333333 0.8194444444444444 0.21979166666666666 0.8898148148148148
bee 0.999981 0.23489583333333333 0.8157407407407408 0.3015625 0.9342592592592592
bee 0.999991 0.26875 0.8157407407407408 0.33541666666666664 0.9342592592592592
bee 1.000000 0.3177083333333333 0.7620370370370371 0.4125 0.9305555555555556
bee 0.999503 0.2911458333333333 0.8157407407407408 0.3578125 0.9342592592592592
bee 0.999994 0.3609375 0.7953703703703704 0.4005208333333333 0.8657407407407407
bee 0.999981 0.4161458333333333 0.8074074074074075 0.47239583333333335 0.9074074074074074
bee 0.525988 0.41041666666666665 0.4212962962962963 0.45729166666666665 0.5046296296296297
bee 0.999909 0.45416666666666666 0.8074074074074075 0.5104166666666666 0.9074074074074074
bee 0.999976 0.5046875 0.8027777777777778 0.5838541666666667 0.9435185185185185
bee 0.999996 0.5598958333333334 0.7962962962962963 0.6265625 0.9148148148148149
bee 0.998074 0.5375 0.7962962962962963 0.6041666666666666 0.9148148148148149
bee 1.000000 0.6083333333333333 0.7092592592592593 0.721875 0.9111111111111111
bee 0.983818 0.5973958333333333 0.8027777777777778 0.6765625 0.9435185185185185
bee 0.999990 0.7052083333333333 0.7962962962962963 0.771875 0.9148148148148149
bee 0.963144 0.6994791666666667 0.8222222222222222 0.7328125 0.8814814814814815
bee 0.999990 0.8229166666666666 0.8074074074074075 0.8791666666666667 0.9074074074074074
bee 0.999839 0.7567708333333333 0.8074074074074075 0.8130208333333333 0.9074074074074074
bee 0.999832 0.7953125 0.8194444444444444 0.8348958333333333 0.8898148148148148
bee 0.999977 0.8515625 0.8074074074074075 0.9078125 0.9074074074074074
bee 0.999982 0.9083333333333333 0.8138888888888889 0.9552083333333333 0.8972222222222223
bee 0.999961 0.9291666666666667 0.7962962962962963 0.9958333333333333 0.9148148148148149
bee 0.999953 0.9286458333333333 0.8074074074074075 0.9682291666666667 0.8777777777777778
