bee 0.999997 0.013020833333333334 0.8027777777777778 0.0921875 0.9435185185185185
bee 0.999998 0.053125 0.8027777777777778 0.13229166666666667 0.9435185185185185
bee 0.999982 0.11197916666666667 0.8157407407407408 0.17864583333333334 0.9342592592592592
bee 0.999988 0.19895833333333332 0.8027777777777778 0.278125 0.9435185185185185
bee 0.999981 0.17916666666666667 0.8157407407407408 0.24583333333333332 0.9342592592592592
bee 0.998973 0.165625 0.8277777777777777 0.2125 0.9111111111111111
bee 0.629070 0.1859375 0.8222222222222222 0.21927083333333333 0.8814814814814815
bee 0.999985 0.2390625 0.8027777777777778 0.3182291666666667 0.9435185185185185
bee 0.999993 0.265625 0.8027777777777778 0.34479166666666666 0.9435185185185185
bee 1.000000 0.3229166666666667 0.7435185185185185 0.43645833333333334 0.9453703703703704
bee 0.972163 0.3098958333333333 0.8324074074074074 0.34322916666666664 0.8916666666666667
bee 0.999487 0.32447916666666665 0.7759259259259259 0.39114583333333336 0.8944444444444445
bee 0.829858 0.37083333333333335 0.7861111111111111 0.41770833333333335 0.8694444444444445
bee 0.999985 0.42552083333333335 0.8074074074074075 0.4817708333333333 0.9074074074074074
bee 0.999924 0.41041666666666665 0.8138888888888889 0.45729166666666665 0.8972222222222223
bee 1.000000 0.4161458333333333 0.1175925925925926 0.47239583333333335 0.2175925925925926
bee 0.999910 0.39739583333333334 0.10092592592592593 0.45364583333333336 0.20092592592592592
bee 0.934956 0.4401041666666667 0.15 0.4734375 0.20925925925925926
bee 0.999958 0.4817708333333333 0.8138888888888889 0.5286458333333334 0.8972222222222223
bee 0.999785 0.5130208333333334 0.8138888888888889 0.5598958333333334 0.8972222222222223
bee 0.999813 0.5442708333333334 0.7787037037037037 0.6234375 0.9194444444444444
bee 0.962217 0.5296875 0.8240740740740741 0.5859375 0.924074074074074
bee 0.999996 0.6109375 0.7314814814814815 0.6901041666666666 0.8722222222222222
bee 0.995147 0.58125 0.8194444444444444 0.6208333333333333 0.8898148148148148
bee 0.687381 0.6375 0.7416666666666667 0.6708333333333333 0.8009259259259259
bee 0.999049 0.6505208333333333 0.7787037037037037 0.7296875 0.9194444444444444
bee 0.999986 0.7166666666666667 0.7962962962962963 0.7833333333333333 0.9148148148148149
bee 0.999995 0.8234375 0.7787037037037037 0.9026041666666667 0.9194444444444444
bee 0.998235 0.7390625 0.7962962962962963 0.8057291666666667 0.9148148148148149
bee 0.999960 0.7973958333333333 0.8138888888888889 0.8442708333333333 0.8972222222222223
bee 0.935429 0.7567708333333333 0.8027777777777778 0.8359375 0.9435185185185185
bee 0.999922 0.8609375 0.8138888888888889 0.9078125 0.8972222222222223
bee 0.999972 0.903125 0.7787037037037037 0.9822916666666667 0.9194444444444444
bee 0.999872 0.8734375 0.7962962962962963 0.9401041666666666 0.9148148148148149
bee 0.999961 0.9557291666666666 0.8074074074074075 0.9953125 0.8777777777777778
