bee 0.999998 0.013020833333333334 0.8027777777777778 0.0921875 0.9435185185185185
bee 0.999997 0.053125 0.8027777777777778 0.13229166666666667 0.9435185185185185
bee 0.999998 0.09270833333333334 0.8027777777777778 0.171875 0.9435185185185185
bee 0.995884 0.09010416666666667 0.8324074074074074 0.1234375 0.8916666666666667
bee 0.876227 0.1 0.5935185185185186 0.13958333333333334 0.6638888888888889
bee 0.999983 0.12291666666666666 0.8157407407407408 0.18958333333333333 0.9342592592592592
bee 0.999995 0.17239583333333333 0.8027777777777778 0.2515625 0.9435185185185185
bee 0.999998 0.159375 0.5425925925925926 0.23854166666666668 0.6833333333333333
bee 0.999993 0.24635416666666668 0.8157407407407408 0.31302083333333336 0.9342592592592592
bee 0.999985 0.19895833333333332 0.8027777777777778 0.278125 0.9435185185185185
bee 0.780826 0.19739583333333333 0.5611111111111111 0.24427083333333333 0.6444444444444445
bee 1.000000 0.28489583333333335 0.7092592592592593 0.3984375 0.9111111111111111
bee 0.999976 0.26875 0.8157407407407408 0.33541666666666664 0.9342592592592592
bee 0.999754 0.3072916666666667 0.7842592592592592 0.346875 0.8546296296296296
bee 0.583229 0.3140625 0.8194444444444444 0.3536458333333333 0.8898148148148148
bee 0.999997 0.3234375 0.7296296296296296 0.3703125 0.812962962962963
bee 0.999997 0.371875 0.8027777777777778 0.4510416666666667 0.9435185185185185
bee 0.997844 0.3385416666666667 0.7222222222222222 0.371875 0.7814814814814814
bee 0.999199 0.3671875 0.8314814814814815 0.40677083333333336 0.9018518518518519
bee 1.000000 0.39895833333333336 0.13518518518518519 0.5125 0.337037037037037
bee 0.999999 0.40677083333333336 0.1675925925925926 0.4630208333333333 0.2675925925925926
bee 0.999998 0.5296875 0.8240740740740741 0.5859375 0.924074074074074
bee 0.999985 0.4161458333333333 0.8240740740740741 0.47239583333333335 0.924074074074074
bee 0.999989 0.4635416666666667 0.8240740740740741 0.5197916666666667 0.924074074074074
bee 1.000000 0.4401041666666667 0.18055555555555555 0.4734375 0.23981481481481481
bee 0.671342 0.4421875 0.8425925925925926 0.4890625 0.9259259259259259
bee 0.999912 0.45416666666666666 0.17777777777777778 0.49375 0.24814814814814815
bee 0.999988 0.48125 0.8157407407407408 0.5479166666666667 0.9342592592592592
bee 0.999997 0.5677083333333334 0.8240740740740741 0.6239583333333333 0.924074074074074
bee 0.999938 0.5614583333333333 0.8314814814814815 0.6010416666666667 0.9018518518518519
bee 0.999992 0.5958333333333333 0.8240740740740741 0.6520833333333333 0.924074074074074
bee 0.999906 0.615625 0.8157407407407408 0.6822916666666666 0.9342592592592592
bee 1.000000 0.6109375 0.5194444444444445 0.6901041666666666 0.6601851851851852
bee 0.998312 0.6395833333333333 0.575 0.6864583333333333 0.6583333333333333
bee 0.999912 0.6619791666666667 0.8240740740740741 0.7182291666666667 0.924074074074074
bee 0.998040 0.6432291666666666 0.8074074074074075 0.6994791666666667 0.9074074074074074
bee 0.999966 0.7036458333333333 0.8027777777777778 0.7828125 0.9435185185185185
bee 1.000000 0.7036458333333333 0.6611111111111111 0.7828125 0.8018518518518518
bee 1.000000 0.7942708333333334 0.7620370370370371 0.8890625 0.9305555555555556
bee 0.999891 0.7661458333333333 0.8074074074074075 0.8223958333333333 0.9074074074074074
bee 0.979360 0.8067708333333333 0.8222222222222222 0.8401041666666667 0.8814814814814815
bee 1.000000 0.80625 0.7361111111111112 0.8729166666666667 0.8546296296296296
bee 0.999957 0.8348958333333333 0.7824074074074074 0.8682291666666667 0.8416666666666667
bee 0.999977 0.8984375 0.8074074074074075 0.9546875 0.9074074074074074
bee 0.999002 0.8421875 0.8074074074074075 0.8817708333333333 0.8777777777777778
bee 0.998940 0.86875 0.8138888888888889 0.915625 0.8972222222222223
bee 0.998877 0.9286458333333333 0.8194444444444444 0.9682291666666667 0.8898148148148148
bee 1.000000 0.9291666666666667 0.5768518518518518 0.9958333333333333 0.6953703703703704
bee 1.000000 0.9479166666666666 0.7157407407407408 0.9947916666666666 0.799074074074074
bee 0.943652 0.9479166666666666 0.8222222222222222 0.98125 0.8814814814814815
bee 0.582683 0.953125 0.7722222222222223 0.9864583333333333 0.8314814814814815
bee 1.000000 0.9588541666666667 0.7018518518518518 0.9921875 0.7611111111111111
