bee 0.999999 0.01875 0.8240740740740741 0.075 0.924074074074074
bee 0.999994 0.0 0.8277777777777777 0.046875 0.9111111111111111
bee 0.999999 0.05677083333333333 0.8240740740740741 0.11302083333333333 0.924074074074074
bee 1.000000 0.05572916666666667 0.37777777777777777 0.12239583333333333 0.4962962962962963
bee 0.999845 0.06614583333333333 0.4203703703703704 0.12239583333333333 0.5203703703703704
bee 0.999997 0.09270833333333334 0.8027777777777778 0.171875 0.9435185185185185
bee 0.999996 0.11927083333333334 0.8027777777777778 0.1984375 0.9435185185185185
bee 1.000000 0.1265625 0.4388888888888889 0.16614583333333333 0.5092592592592593
bee 0.999993 0.159375 0.8027777777777778 0.23854166666666668 0.9435185185185185
bee 0.999991 0.2125 0.8027777777777778 0.2916666666666667 0.9435185185185185
bee 0.999990 0.1859375 0.8027777777777778 0.26510416666666664 0.9435185185185185
bee 0.999981 0.22708333333333333 0.5546296296296296 0.2833333333333333 0.6546296296296297
bee 0.999986 0.26458333333333334 0.8240740740740741 0.32083333333333336 0.924074074074074
bee 1.000000 0.2520833333333333 0.18888888888888888 0.33125 0.3296296296296296
bee 0.999446 0.28072916666666664 0.20185185185185187 0.3203125 0.2722222222222222
bee 1.000000 0.28489583333333335 0.7768518518518519 0.3984375 0.9787037037037037
bee 1.000000 0.32135416666666666 0.7898148148148149 0.3776041666666667 0.8898148148148148
bee 0.999957 0.34739583333333335 0.7953703703703704 0.38697916666666665 0.8657407407407407
bee 0.999996 0.371875 0.8027777777777778 0.4510416666666667 0.9435185185185185
bee 0.991143 0.35520833333333335 0.8277777777777777 0.40208333333333335 0.9111111111111111
bee 0.999831 0.37395833333333334 0.8314814814814815 0.41354166666666664 0.9018518518518519
bee 0.999988 0.4161458333333333 0.8240740740740741 0.47239583333333335 0.924074074074074
bee 0.999985 0.45416666666666666 0.8240740740740741 0.5104166666666666 0.924074074074074
bee 0.999956 0.42083333333333334 0.2490740740740741 0.46041666666666664 0.3194444444444444
bee 0.999597 0.42864583333333334 0.3101851851851852 0.46197916666666666 0.36944444444444446
bee 0.999997 0.5151041666666667 0.8157407407407408 0.5817708333333333 0.9342592592592592
bee 0.540212 0.4817708333333333 0.8138888888888889 0.5286458333333334 0.8972222222222223
bee 1.000000 0.49166666666666664 0.0 0.5479166666666667 0.1
bee 0.999977 0.5052083333333334 0.8277777777777777 0.5520833333333334 0.9111111111111111
bee 1.000000 0.5703125 0.7768518518518519 0.6838541666666667 0.9787037037037037
bee 0.999947 0.5526041666666667 0.8277777777777777 0.5994791666666667 0.9111111111111111
bee 0.983447 0.5765625 0.8277777777777777 0.6234375 0.9111111111111111
bee 0.999999 0.571875 0.45185185185185184 0.6666666666666666 0.6203703703703703
bee 0.978394 0.6036458333333333 0.8222222222222222 0.6369791666666667 0.8814814814814815
bee 0.999938 0.6338541666666667 0.8240740740740741 0.6901041666666666 0.924074074074074
bee 0.999893 0.68125 0.8240740740740741 0.7375 0.924074074074074
bee 0.999891 0.7 0.8074074074074075 0.75625 0.9074074074074074
bee 1.000000 0.684375 0.6083333333333333 0.7979166666666667 0.8101851851851852
bee 1.000000 0.7380208333333333 0.6555555555555556 0.7942708333333334 0.7555555555555555
bee 1.000000 0.7307291666666667 0.7620370370370371 0.8255208333333334 0.9305555555555556
bee 0.999997 0.8171875 0.7962962962962963 0.8838541666666667 0.9148148148148149
bee 0.999930 0.8020833333333334 0.8194444444444444 0.8416666666666667 0.8898148148148148
bee 0.999995 0.8395833333333333 0.7962962962962963 0.90625 0.9148148148148149
bee 0.999994 0.9083333333333333 0.8074074074074075 0.9645833333333333 0.9074074074074074
bee 0.999969 0.8703125 0.8074074074074075 0.9265625 0.9074074074074074
bee 0.999950 0.8953125 0.8194444444444444 0.9348958333333334 0.8898148148148148
bee 0.999912 0.9479166666666666 0.8138888888888889 0.9947916666666666 0.8972222222222223
bee 1.000000 0.9479166666666666 0.5611111111111111 0.9947916666666666 0.6444444444444445
