bee 0.999997 0.0 0.8027777777777778 0.07916666666666666 0.9435185185185185
bee 0.999998 0.05572916666666667 0.8157407407407408 0.12239583333333333 0.9342592592592592
bee 0.999409 0.04739583333333333 0.8138888888888889 0.09427083333333333 0.8972222222222223
bee 0.999995 0.078125 0.8157407407407408 0.14479166666666668 0.9342592592592592
bee 0.893173 0.07864583333333333 0.8222222222222222 0.11197916666666667 0.8814814814814815
bee 0.999990 0.10052083333333334 0.8157407407407408 0.1671875 0.9342592592592592
bee 0.999981 0.17916666666666667 0.8157407407407408 0.24583333333333332 0.9342592592592592
bee 0.999738 0.15104166666666666 0.8240740740740741 0.20729166666666668 0.924074074074074
bee 0.999981 0.2125 0.8027777777777778 0.2916666666666667 0.9435185185185185
bee 1.000000 0.18125 0.0 0.228125 0.08333333333333333
bee 0.999987 0.265625 0.8027777777777778 0.34479166666666666 0.9435185185185185
bee 1.000000 0.3229166666666667 0.7435185185185185 0.43645833333333334 0.9453703703703704
bee 0.986563 0.3046875 0.8324074074074074 0.3380208333333333 0.8916666666666667
bee 0.999922 0.32447916666666665 0.7759259259259259 0.39114583333333336 0.8944444444444445
bee 0.999420 0.3541666666666667 0.7842592592592592 0.39375 0.8546296296296296
bee 1.000000 0.3609375 0.03333333333333333 0.4744791666666667 0.2351851851851852
bee 0.999964 0.42552083333333335 0.8074074074074075 0.4817708333333333 0.9074074074074074
bee 0.999890 0.39739583333333334 0.8074074074074075 0.45364583333333336 0.9074074074074074
bee 1.000000 0.40677083333333336 0.06666666666666667 0.4630208333333333 0.16666666666666666
bee 0.999922 0.45 0.8138888888888889 0.496875 0.8972222222222223
bee 0.999969 0.4895833333333333 0.8138888888888889 0.5364583333333334 0.8972222222222223
bee 0.999983 0.5151041666666667 0.7962962962962963 0.5817708333333333 0.9148148148148149
bee 0.999634 0.5375 0.7962962962962963 0.6041666666666666 0.9148148148148149
bee 0.998589 0.5677083333333334 0.8194444444444444 0.6072916666666667 0.8898148148148148
bee 0.999993 0.584375 0.7555555555555555 0.6635416666666667 0.8962962962962963
bee 0.999891 0.6375 0.7787037037037037 0.7166666666666667 0.9194444444444444
bee 0.749767 0.6109375 0.8027777777777778 0.6901041666666666 0.9435185185185185
bee 1.000000 0.6989583333333333 0.7620370370370371 0.79375 0.9305555555555556
bee 0.982686 0.6822916666666666 0.8222222222222222 0.715625 0.8814814814814815
bee 0.999047 0.7276041666666667 0.7564814814814815 0.7942708333333334 0.875
bee 0.999988 0.8229166666666666 0.8074074074074075 0.8791666666666667 0.9074074074074074
bee 0.999970 0.7973958333333333 0.8138888888888889 0.8442708333333333 0.8972222222222223
bee 0.996413 0.7729166666666667 0.8222222222222222 0.80625 0.8814814814814815
bee 0.999962 0.8510416666666667 0.7962962962962963 0.9177083333333333 0.9148148148148149
bee 0.999988 0.9088541666666666 0.8074074074074075 0.9484375 0.8777777777777778
bee 0.999953 0.9161458333333333 0.7787037037037037 0.9953125 0.9194444444444444
bee 0.999914 0.9557291666666666 0.8074074074074075 0.9953125 0.8777777777777778
