bee 0.999996 0.0 0.8027777777777778 0.07916666666666666 0.9435185185185185
bee 0.999999 0.05572916666666667 0.8157407407407408 0.12239583333333333 0.9342592592592592
bee 0.996851 0.08645833333333333 0.8194444444444444 0.12604166666666666 0.8898148148148148
bee 0.999990 0.10625 0.8027777777777778 0.18541666666666667 0.9435185185185185
bee 0.999977 0.1328125 0.8027777777777778 0.21197916666666666 0.9435185185185185
bee 0.999987 0.17239583333333333 0.8027777777777778 0.2515625 0.9435185185185185
bee 0.999990 0.2125 0.8027777777777778 0.2916666666666667 0.9435185185185185
bee 0.999993 0.265625 0.8027777777777778 0.34479166666666666 0.9435185185185185
bee 0.996527 0.25364583333333335 0.8194444444444444 0.29322916666666665 0.8898148148148148
bee 1.000000 0.3177083333333333 0.7620370370370371 0.4125 0.9305555555555556
bee 0.999851 0.2921875 0.8027777777777778 0.37135416666666665 0.9435185185185185
bee 0.999200 0.35833333333333334 0.7759259259259259 0.425 0.8944444444444445
bee 1.000000 0.3807291666666667 0.05925925925925926 0.4473958333333333 0.17777777777777778
bee 0.999984 0.4140625 0.7962962962962963 0.48072916666666665 0.9148148148148149
bee 0.999982 0.4421875 0.8138888888888889 0.4890625 0.8972222222222223
bee 0.996666 0.4005208333333333 0.06018518518518518 0.43385416666666665 0.11944444444444445
bee 0.999962 0.4895833333333333 0.8138888888888889 0.5364583333333334 0.8972222222222223
bee 0.999979 0.5203125 0.8074074074074075 0.5765625 0.9074074074074074
bee 0.999999 0.5578125 0.7787037037037037 0.6369791666666667 0.9194444444444444
bee 0.906932 0.5807291666666666 0.7916666666666666 0.6140625 0.850925925925926
bee 0.999312 0.5958333333333333 0.8074074074074075 0.6520833333333333 0.9074074074074074
bee 0.999938 0.6380208333333334 0.7962962962962963 0.7046875 0.9148148148148149
bee 1.000000 0.6989583333333333 0.7620370370370371 0.79375 0.9305555555555556
bee 0.999047 0.6682291666666667 0.8194444444444444 0.7078125 0.8898148148148148
bee 0.998762 0.6770833333333334 0.7787037037037037 0.75625 0.9194444444444444
bee 0.987512 0.7416666666666667 0.7842592592592592 0.78125 0.8546296296296296
bee 0.999995 0.8234375 0.7787037037037037 0.9026041666666667 0.9194444444444444
bee 0.993068 0.7729166666666667 0.8222222222222222 0.80625 0.8814814814814815
bee 0.999980 0.8135416666666667 0.8074074074074075 0.8697916666666666 0.9074074074074074
bee 0.999972 0.85 0.7787037037037037 0.9291666666666667 0.9194444444444444
bee 0.999984 0.9083333333333333 0.8 0.9552083333333333 0.8833333333333333
bee 0.999986 0.9317708333333333 0.8 0.9786458333333333 0.8833333333333333
