bee 0.999998 0.0265625 0.8027777777777778 0.10572916666666667 0.9435185185185185
bee 0.999997 0.0 0.8027777777777778 0.07916666666666666 0.9435185185185185
bee 0.999996 0.053125 0.8027777777777778 0.13229166666666667 0.9435185185185185
bee 1.000000 0.12291666666666666 0.7731481481481481 0.17916666666666667 0.8731481481481481
bee 0.999936 0.09479166666666666 0.8277777777777777 0.14166666666666666 0.9111111111111111
bee 0.957247 0.11822916666666666 0.8425925925925926 0.16510416666666666 0.9259259259259259
bee 0.999546 0.1421875 0.8138888888888889 0.1890625 0.8972222222222223
bee 0.999988 0.1859375 0.8027777777777778 0.26510416666666664 0.9435185185185185
bee 0.999994 0.22552083333333334 0.8027777777777778 0.3046875 0.9435185185185185
bee 0.999860 0.159375 0.8027777777777778 0.23854166666666668 0.9435185185185185
bee 0.999998 0.22864583333333333 0.5611111111111111 0.2755208333333333 0.6444444444444445
bee 0.999991 0.26458333333333334 0.8240740740740741 0.32083333333333336 0.924074074074074
bee 1.000000 0.30416666666666664 0.7435185185185185 0.41770833333333335 0.9453703703703704
bee 1.000000 0.2921875 0.30648148148148147 0.37135416666666665 0.44722222222222224
bee 0.928008 0.2796875 0.27870370370370373 0.3463541666666667 0.3972222222222222
bee 0.999985 0.2859375 0.7907407407407407 0.3807291666666667 0.9592592592592593
bee 0.999949 0.315625 0.8 0.3625 0.8833333333333333
bee 1.000000 0.3307291666666667 0.7564814814814815 0.38697916666666665 0.8564814814814815
bee 0.890819 0.32708333333333334 0.33240740740740743 0.36666666666666664 0.4027777777777778
bee 0.999987 0.403125 0.8157407407407408 0.46979166666666666 0.9342592592592592
bee 0.998620 0.37395833333333334 0.8314814814814815 0.41354166666666664 0.9018518518518519
bee 1.000000 0.3807291666666667 0.31851851851851853 0.4473958333333333 0.43703703703703706
bee 0.518609 0.39427083333333335 0.37962962962962965 0.43385416666666665 0.45
bee 1.000000 0.3984375 0.21203703703703702 0.47760416666666666 0.3527777777777778
bee 0.999982 0.41822916666666665 0.2101851851851852 0.46510416666666665 0.2935185185185185
bee 0.845106 0.40677083333333336 0.26851851851851855 0.4630208333333333 0.3685185185185185
bee 0.999984 0.4635416666666667 0.8240740740740741 0.5197916666666667 0.924074074074074
bee 0.999966 0.42552083333333335 0.8157407407407408 0.4921875 0.9342592592592592
bee 0.999997 0.5296875 0.8240740740740741 0.5859375 0.924074074074074
bee 0.999957 0.45416666666666666 0.8314814814814815 0.49375 0.9018518518518519
bee 1.000000 0.4588541666666667 0.019444444444444445 0.5255208333333333 0.13796296296296295
bee 0.999996 0.4744791666666667 0.0712962962962963 0.5140625 0.14166666666666666
bee 0.972997 0.5020833333333333 0.8425925925925926 0.5354166666666667 0.9018518518518519
bee 0.999997 0.5770833333333333 0.8240740740740741 0.6333333333333333 0.924074074074074
bee 0.999999 0.5557291666666667 0.45185185185185184 0.6505208333333333 0.6203703703703703
bee 0.998203 0.5958333333333333 0.4537037037037037 0.6520833333333333 0.5537037037037037
bee 0.999958 0.615625 0.8157407407407408 0.6822916666666666 0.9342592592592592
bee 0.999656 0.609375 0.8324074074074074 0.6427083333333333 0.8916666666666667
bee 0.999940 0.6619791666666667 0.8240740740740741 0.7182291666666667 0.924074074074074
bee 0.998511 0.6505208333333333 0.5425925925925926 0.7296875 0.6833333333333333
bee 0.999987 0.7036458333333333 0.8027777777777778 0.7828125 0.9435185185185185
bee 1.000000 0.6989583333333333 0.649074074074074 0.79375 0.8175925925925925
bee 0.999993 0.7838541666666666 0.7962962962962963 0.8505208333333333 0.9148148148148149
bee 1.000000 0.7380208333333333 0.6722222222222223 0.7942708333333334 0.7722222222222223
bee 0.999805 0.7661458333333333 0.8138888888888889 0.8130208333333333 0.8972222222222223
bee 0.999995 0.80625 0.7962962962962963 0.8729166666666667 0.9148148148148149
bee 0.999988 0.8395833333333333 0.7962962962962963 0.90625 0.9148148148148149
bee 0.999990 0.8984375 0.8074074074074075 0.9546875 0.9074074074074074
bee 0.999973 0.8703125 0.8074074074074075 0.9265625 0.9074074074074074
bee 0.999787 0.925 0.8222222222222222 0.9583333333333334 0.8814814814814815
bee 1.000000 0.903125 0.44814814814814813 0.9822916666666667 0.5888888888888889
bee 1.000000 0.9291666666666667 0.49722222222222223 0.9958333333333333 0.6157407407407407
bee 0.830100 0.9307291666666667 0.46111111111111114 0.9640625 0.5203703703703704
bee 0.980993 0.9421875 0.8194444444444444 0.9817708333333334 0.8898148148148148
bee 0.999999 0.9479166666666666 0.5898148148148148 0.9947916666666666 0.6731481481481482
bee 0.999999 0.9557291666666666 0.7481481481481481 0.9953125 0.8185185185185185
bee 1.000000 0.953125 0.5009259259259259 0.9864583333333333 0.5601851851851852
bee 0.691291 0.9588541666666667 0.812037037037037 0.9921875 0.8712962962962963
