bee 0.999999 0.0 0.7962962962962963 0.06666666666666667 0.9148148148148149
bee 0.999999 0.022395833333333334 0.7962962962962963 0.0890625 0.9148148148148149
bee 0.999999 0.05572916666666667 0.7962962962962963 0.12239583333333333 0.9148148148148149
bee 0.999998 0.0796875 0.8027777777777778 0.15885416666666666 0.9435185185185185
bee 0.999998 0.10625 0.8027777777777778 0.18541666666666667 0.9435185185185185
bee 0.999160 0.11822916666666666 0.8222222222222222 0.1515625 0.8814814814814815
bee 0.999987 0.159375 0.8027777777777778 0.23854166666666668 0.9435185185185185
bee 0.999992 0.22552083333333334 0.8027777777777778 0.3046875 0.9435185185185185
bee 0.999898 0.2015625 0.8157407407407408 0.2682291666666667 0.9342592592592592
bee 0.999995 0.265625 0.8027777777777778 0.34479166666666666 0.9435185185185185
bee 0.999994 0.30520833333333336 0.8027777777777778 0.384375 0.9435185185185185
bee 0.999995 0.33177083333333335 0.8027777777777778 0.4109375 0.9435185185185185
bee 0.999988 0.35833333333333334 0.8027777777777778 0.4375 0.9435185185185185
bee 0.999985 0.4515625 0.8027777777777778 0.5307291666666667 0.9435185185185185
bee 0.999481 0.3875 0.8074074074074075 0.44375 0.9074074074074074
bee 0.999918 0.434375 0.8138888888888889 0.48125 0.8972222222222223
bee 0.998641 0.41822916666666665 0.8277777777777777 0.46510416666666665 0.9111111111111111
bee 0.999985 0.48125 0.7962962962962963 0.5479166666666667 0.9148148148148149
bee 0.999169 0.5036458333333333 0.8157407407407408 0.5703125 0.9342592592592592
bee 0.999960 0.5484375 0.8074074074074075 0.6046875 0.9074074074074074
bee 0.999856 0.5973958333333333 0.8027777777777778 0.6765625 0.9435185185185185
bee 0.999864 0.5765625 0.8138888888888889 0.6234375 0.8972222222222223
bee 0.999691 0.6317708333333333 0.8138888888888889 0.6786458333333333 0.8972222222222223
bee 0.998309 0.6036458333333333 0.649074074074074 0.6984375 0.8175925925925925
bee 0.999951 0.7052083333333333 0.7962962962962963 0.771875 0.9148148148148149
bee 0.999922 0.6828125 0.7962962962962963 0.7494791666666667 0.9148148148148149
bee 0.999415 0.6505208333333333 0.8027777777777778 0.7296875 0.9435185185185185
bee 0.999843 0.7276041666666667 0.7962962962962963 0.7942708333333334 0.9148148148148149
bee 1.000000 0.7838541666666666 0.7361111111111112 0.8505208333333333 0.8546296296296296
bee 0.992374 0.7567708333333333 0.8074074074074075 0.8130208333333333 0.9074074074074074
bee 0.938231 0.7838541666666666 0.7759259259259259 0.8505208333333333 0.8944444444444445
bee 0.999932 0.8322916666666667 0.8074074074074075 0.8885416666666667 0.9074074074074074
bee 0.999746 0.8609375 0.8138888888888889 0.9078125 0.8972222222222223
bee 0.999959 0.8885416666666667 0.8194444444444444 0.928125 0.8898148148148148
bee 0.999985 0.9364583333333333 0.8074074074074075 0.9927083333333333 0.9074074074074074
bee 0.996872 0.9588541666666667 0.812037037037037 0.9921875 0.8712962962962963
