bee 0.1234375 0.7796296296296297 0.21041666666666667 0.9018518518518519
bee 0.28229166666666666 0.7231481481481481 0.4036458333333333 0.9027777777777778
bee 0.7177083333333333 0.6731481481481482 0.8333333333333334 0.8203703703703704
bee 0.06041666666666667 0.575925925925926 0.13645833333333332 0.787962962962963
bee 0.9234375 0.5731481481481482 1.0 0.7342592592592593
bee 0.20416666666666666 0.5407407407407407 0.30104166666666665 0.7148148148148148
bee 0.5401041666666667 0.4361111111111111 0.6484375 0.6157407407407407
bee 0.4078125 0.3907407407407407 0.5026041666666666 0.5509259259259259
bee 0.4 0.14907407407407408 0.4942708333333333 0.34629629629629627
bee 0.3953125 0.019444444444444445 0.49114583333333334 0.13240740740740742
bee 0.34479166666666666 0.12222222222222222 0.440625 0.2351851851851852
bee 0.9171875 0.7203703703703703 1.0 0.8453703703703703
