bee 0.11875 0.7907407407407407 0.20989583333333334 0.9120370370370371
bee 0.28020833333333334 0.7166666666666667 0.40572916666666664 0.8962962962962963
bee 0.7182291666666667 0.6694444444444444 0.83125 0.8231481481481482
bee 0.046875 0.5916666666666667 0.14166666666666666 0.7916666666666666
bee 0.9234375 0.5814814814814815 1.0 0.7268518518518519
bee 0.1953125 0.5453703703703704 0.3046875 0.7157407407407408
bee 0.5453125 0.4361111111111111 0.6197916666666666 0.6240740740740741
bee 0.3984375 0.15 0.49947916666666664 0.3148148148148148
bee 0.5520833333333334 0.000925925925925926 0.6171875 0.08148148148148149
bee 0.49583333333333335 0.41759259259259257 0.565625 0.6018518518518519
bee 0.9161458333333333 0.725925925925926 1.0 0.8444444444444444
