bee 0.2869791666666667 0.6972222222222222 0.3953125 0.8777777777777778
bee 0.7197916666666667 0.6601851851851852 0.790625 0.8185185185185185
bee 0.925 0.5824074074074074 1.0 0.725925925925926
bee 0.05 0.5722222222222222 0.13072916666666667 0.7425925925925926
bee 0.1421875 0.5444444444444444 0.2609375 0.6898148148148148
bee 0.5869791666666667 0.5101851851851852 0.6645833333333333 0.6546296296296297
bee 0.40208333333333335 0.15185185185185185 0.5130208333333334 0.2953703703703704
bee 0.603125 0.000925925925925926 0.7057291666666666 0.09722222222222222
bee 0.9375 0.7111111111111111 1.0 0.8425925925925926
bee 0.5375 0.46296296296296297 0.6125 0.6287037037037037
bee 0.7942708333333334 0.7564814814814815 0.8859375 0.8722222222222222
